1575963220.51	750	4	3.246	2354772	3121	2221.94821154	-13.957799999999999
1575963223.57	4300	8	0.0	2123065	2915	5933.34394145	0.75
1575963226.14	4300	12	0.0	2177073	2415	6088.31570797	4.3
1575963229.05	4300	16.0	0.0	2160877	2745	6782.47722656	4.3
1575963231.73	4300	20	0.0	2233056	2550	6438.93126839	4.3
1575963233.91	4300	24	0.0	1941625	1996	7125.27499467	4.3
1575963247.47	4300	28	0.0	2157535	13415	1579.39355772	4.3
1575963249.34	1850	32	0.0	1060487	1591	1818.33727274	-0.6000000000000001
1575963250.67	1850	36	0.0	852833	1133	4866.1171938	1.85
1575963256.5	1850	40	0.0	913888	5677	2563.02796289	1.85
1575963257.74	1850	44	0.0	939819	1102	1799.05364051	1.85
1575963258.8	1850	48	0.0	917428	909	5293.10151441	1.85
1575963260.76	2850	52	0.0	1422919	1723	5029.92910656	1.85
1575963265.94	4300	56	0.0	2275376	5014	4564.87460982	2.8499999999999996
