1575963305.54	750	4	4.918	2354772	4783	2155.76082896	-21.147399999999998
1575963307.98	2850	8	0.0	1431809	2174	2793.16260899	0.75
1575963311.19	4300	12	0.0	2177073	3074	5357.83865772	2.8499999999999996
1575963314.23	4300	16.0	0.0	2160877	2887	5792.50394374	4.3
1575963317.04	4300	20	0.0	2233056	2678	6129.16260749	4.3
1575963330.95	4300	24	0.0	1941625	13715	1365.45300439	4.3
1575963332.5	1850	28	0.0	905515	1281	1892.54189774	-0.6000000000000001
1575963334.25	1850	32	0.0	1060487	1588	5170.16222157	1.85
1575963340.16	1850	36	0.0	852833	5760	2283.26409855	1.85
1575963341.4	1850	40	0.0	913888	1061	1691.44309564	1.85
1575963342.54	1850	44	0.0	939819	1011	5355.98377044	1.85
1575963344.72	2850	48	0.0	1519951	2034	6886.96371199	1.85
1575963348.63	2850	52	0.0	1422919	3739	3565.74083341	2.85
1575963350.73	2850	56	0.0	1578343	1967	3574.74541445	2.85
