1575963053.79	750	4	3.371	2354772	3132	2814.73616704	-14.495299999999999
1575963056.84	4300	8	0.0	2123065	2910	5927.54558673	0.75
1575963059.41	4300	12	0.0	2177073	2424	6092.2083363	4.3
1575963062.28	4300	16.0	0.0	2160877	2726	6790.85970867	4.3
1575963065.01	4300	20	0.0	2233056	2577	6460.64619498	4.3
1575963067.16	4300	24	0.0	1941625	2000	7062.07764426	4.3
1575963080.83	4300	28	0.0	2157535	13504	1564.64245883	4.3
1575963082.67	1850	32	0.0	1060487	1576	1771.3136629	-0.6000000000000001
1575963083.93	1850	36	0.0	852833	1131	4807.66589427	1.85
1575963089.82	1850	40	0.0	913888	5698	2556.23624479	1.85
1575963091.12	1850	44	0.0	939819	1168	1783.43189752	1.85
1575963092.17	1850	48	0.0	917428	902	5151.0507295	1.85
1575963094.13	2850	52	0.0	1422919	1737	4910.12234671	1.85
1575963099.32	4300	56	0.0	2275376	5023	4541.78314705	2.8499999999999996
