1575962884.59	750	4	0.746	450283	521	2076.5109144	-3.2077999999999998
1575962887.67	4300	8	0.0	2123065	2831	3400.15472695	0.75
1575962890.76	4300	12	0.0	2177073	2929	5960.0051207	4.3
1575962894.22	4300	16.0	0.0	2160877	2523	6267.40583009	4.3
1575962897.07	4300	20	0.0	2233056	2706	6735.55867521	4.3
1575962899.29	4300	24	0.0	1941625	2074	6748.67864134	4.3
1575962901.68	4300	28	0.0	2157535	2216	7533.53145635	4.3
1575962915.99	4300	32	0.0	2290172	13859	1585.03581679	4.3
1575962917.34	1850	36	0.0	852833	1132	2149.58830142	-0.6000000000000001
1575962923.23	1850	40	0.0	913888	5700	2553.89044474	1.85
1575962924.53	1850	44	0.0	939819	1162	1783.76633559	1.85
1575962925.57	1850	48	0.0	917428	902	5163.6280897	1.85
1575962926.82	1850	52	0.0	946851	1117	6955.22621156	1.85
1575962929.32	2850	56	0.0	1578343	2227	5022.44892665	1.85
