1575963138.77	750	4	4.902	2354772	4731	2136.79157132	-21.078599999999998
1575963141.21	2850	8	0.0	1431809	2186	3403.50146861	0.75
1575963144.5	4300	12	0.0	2177073	3121	5317.81120875	2.8499999999999996
1575963147.52	4300	16.0	0.0	2160877	2880	5673.59257032	4.3
1575963150.32	4300	20	0.0	2233056	2659	6266.55632623	4.3
1575963164.22	4300	24	0.0	1941625	13772	1359.89125571	4.3
1575963165.79	1850	28	0.0	905515	1280	1863.97933531	-0.6000000000000001
1575963167.55	1850	32	0.0	1060487	1600	5164.4069592	1.85
1575963173.44	1850	36	0.0	852833	5755	2274.69042962	1.85
1575963174.64	1850	40	0.0	913888	1073	1690.91761246	1.85
1575963175.77	1850	44	0.0	939819	994	5185.28363578	1.85
1575963177.96	2850	48	0.0	1519951	2034	6966.02977772	1.85
1575963181.76	2850	52	0.0	1422919	3640	4356.79665092	2.85
1575963183.96	2850	56	0.0	1578343	2066	3618.11899266	2.85
