1575962972.17	750	4	4.91	2354772	4734	2136.20714994	-21.113
1575962974.59	2850	8	0.0	1431809	2176	2954.95030126	0.75
1575962977.86	4300	12	0.0	2177073	3093	5347.37587767	2.8499999999999996
1575962980.9	4300	16.0	0.0	2160877	2888	5770.62889809	4.3
1575962983.7	4300	20	0.0	2233056	2652	6262.12843105	4.3
1575962997.61	4300	24	0.0	1941625	13783	1359.1735513	4.3
1575962999.18	1850	28	0.0	905515	1280	1863.8492259	-0.6000000000000001
1575963000.93	1850	32	0.0	1060487	1598	5165.2257188	1.85
1575963006.85	1850	36	0.0	852833	5759	2274.83259713	1.85
1575963008.08	1850	40	0.0	913888	1056	1692.19032325	1.85
1575963009.22	1850	44	0.0	939819	1012	5367.45652418	1.85
1575963011.39	2850	48	0.0	1519951	2029	6889.07162668	1.85
1575963015.3	2850	52	0.0	1422919	3735	4290.33582902	2.85
1575963017.4	2850	56	0.0	1578343	1953	4031.31691954	2.85
