1575963470.43	750	4	3.376	2354772	3122	2818.24366241	-14.5168
1575963473.5	4300	8	0.0	2123065	2928	5919.32314516	0.75
1575963476.11	4300	12	0.0	2177073	2434	6058.52439691	4.3
1575963478.97	4300	16.0	0.0	2160877	2722	6779.88657201	4.3
1575963481.67	4300	20	0.0	2233056	2546	6483.52699639	4.3
1575963483.81	4300	24	0.0	1941625	2005	7129.65988737	4.3
1575963497.49	4300	28	0.0	2157535	13514	1562.22398744	4.3
1575963499.32	1850	32	0.0	1060487	1571	2139.25296104	-0.6000000000000001
1575963500.62	1850	36	0.0	852833	1133	4954.65133595	1.85
1575963506.46	1850	40	0.0	913888	5677	2563.02795767	1.85
1575963507.77	1850	44	0.0	939819	1175	1786.92458776	1.85
1575963508.83	1850	48	0.0	917428	913	5133.01430892	1.85
1575963510.92	2850	52	0.0	1422919	1812	4682.46955028	1.85
1575963516.05	4300	56	0.0	2275376	4962	4499.01262646	2.8499999999999996
