1575963388.91	750	4	4.941	2354772	4800	2152.37070757	-21.246299999999998
1575963391.36	2850	8	0.0	1431809	2205	2877.99850549	0.75
1575963394.56	4300	12	0.0	2177073	3055	5309.25137139	2.8499999999999996
1575963397.58	4300	16.0	0.0	2160877	2881	5818.5690762	4.3
1575963400.37	4300	20	0.0	2233056	2657	6148.89422068	4.3
1575963414.23	4300	24	0.0	1941625	13716	1367.53675214	4.3
1575963415.78	1850	28	0.0	905515	1317	1901.49210947	-0.6000000000000001
1575963417.41	1850	32	0.0	1060487	1482	5017.56411059	1.85
1575963423.15	1850	36	0.0	852833	5596	2455.76098604	1.85
1575963424.59	1850	40	0.0	913888	1316	1688.21649695	1.85
1575963425.71	1850	44	0.0	939819	980	4714.34502614	1.85
1575963426.95	1850	48	0.0	917428	1096	6612.68815816	1.85
1575963429.13	2850	52	0.0	1422919	2041	6277.33588557	1.85
1575963434.03	4300	56	0.0	2275376	4750	4414.57891486	2.8499999999999996
