1575963553.77	750	4	3.356	2354772	3121	2720.41268763	-14.4308
1575963556.85	4300	8	0.0	2123065	2939	5909.3011952	0.75
1575963559.45	4300	12	0.0	2177073	2428	6043.7313977	4.3
1575963562.31	4300	16.0	0.0	2160877	2721	6790.50498811	4.3
1575963565.0	4300	20	0.0	2233056	2559	6478.92723864	4.3
1575963567.15	4300	24	0.0	1941625	2014	7094.94402221	4.3
1575963580.89	4300	28	0.0	2157535	13562	1553.24885467	4.3
1575963582.72	1850	32	0.0	1060487	1546	1775.58011065	-0.6000000000000001
1575963583.97	1850	36	0.0	852833	1122	4952.2102142	1.85
1575963589.8	1850	40	0.0	913888	5673	2580.78778862	1.85
1575963591.1	1850	44	0.0	939819	1162	1789.47935976	1.85
1575963592.14	1850	48	0.0	917428	899	5166.63599029	1.85
1575963594.11	2850	52	0.0	1422919	1742	4951.18622272	1.85
1575963599.28	4300	56	0.0	2275376	5009	4545.7894381	2.8499999999999996
