1575963637.11	750	4	3.249	2354772	3122	2225.23677885	-13.970699999999999
1575963640.17	4300	8	0.0	2123065	2920	5927.34051983	0.75
1575963642.73	4300	12	0.0	2177073	2411	6082.09063812	4.3
1575963645.62	4300	16.0	0.0	2160877	2722	6816.28131852	4.3
1575963648.31	4300	20	0.0	2233056	2547	6483.1021975	4.3
1575963650.46	4300	24	0.0	1941625	2006	7125.94569684	4.3
1575963663.92	4300	28	0.0	2157535	13302	1595.76716036	4.3
1575963665.74	1850	32	0.0	1060487	1555	2157.9426004	-0.6000000000000001
1575963667.04	1850	36	0.0	852833	1133	4990.06026234	1.85
1575963672.97	1850	40	0.0	913888	5781	2515.67609521	1.85
1575963674.21	1850	44	0.0	939819	1110	1773.69139258	1.85
1575963675.3	1850	48	0.0	917428	949	5250.47800477	1.85
1575963676.54	1850	52	0.0	946851	1072	6830.9183527	1.85
1575963680.77	4300	56	0.0	2275376	4088	5468.99648834	1.8499999999999996
