1576497396.77	750	4	1.174	2354772	1073	17556.5479963	-5.0482
1576497397.85	4300	8	0.0	2123065	942	17793.4120024	0.75
1576497399.04	4300	12	0.0	2177073	1056	17359.9337592	4.3
1576497400.57	4300	16.0	0.0	2160877	1391	16126.8906501	4.3
1576497401.88	4300	20	0.0	2233056	1181	15519.3895528	4.3
1576497402.89	4300	24	0.0	1941625	871	15470.2017217	4.3
1576497403.96	4300	28	0.0	2157535	936	15957.0749249	4.3
1576497404.94	4300	32	0.0	2290172	848	18251.4836508	4.3
1576497405.76	4300	36	0.0	2055469	692	20410.5095988	4.3
1576497406.77	4300	40	0.0	2169201	868	20950.2874139	4.3
1576497407.81	4300	44	0.0	2173522	909	21122.3965152	4.3
1576497408.77	4300	48	0.0	2102452	836	20750.8369322	4.3
1576497409.74	4300	52	0.0	2209463	835	20102.3020286	4.3
1576497410.77	4300	56	0.0	2275376	900	20160.5341536	4.3
