1576497896.81	750	4	1.177	2354772	1073	17556.5479963	-5.0611
1576497897.89	4300	8	0.0	2123065	930	17909.7363637	0.75
1576497899.08	4300	12	0.0	2177073	1060	17416.73745	4.3
1576497900.59	4300	16.0	0.0	2160877	1375	16205.6469057	4.3
1576497901.91	4300	20	0.0	2233056	1179	15604.5607972	4.3
1576497902.91	4300	24	0.0	1941625	874	15481.9074176	4.3
1576497903.97	4300	28	0.0	2157535	924	16044.2116895	4.3
1576497904.96	4300	32	0.0	2290172	851	18283.4257444	4.3
1576497905.79	4300	36	0.0	2055469	688	20470.5754352	4.3
1576497906.78	4300	40	0.0	2169201	866	21037.1997105	4.3
1576497907.83	4300	44	0.0	2173522	905	21170.5740689	4.3
1576497908.8	4300	48	0.0	2102452	836	20818.0556695	4.3
1576497909.79	4300	52	0.0	2209463	848	20053.8527296	4.3
1576497910.82	4300	56	0.0	2275376	895	20128.7897573	4.3
