1576497730.13	750	4	1.173	2354772	1062	17738.3954802	-5.0439
1576497731.2	4300	8	0.0	2123065	940	17903.516889	0.75
1576497732.39	4300	12	0.0	2177073	1056	17433.3370169	4.3
1576497733.91	4300	16.0	0.0	2160877	1390	16184.1783023	4.3
1576497735.23	4300	20	0.0	2233056	1180	15534.4201102	4.3
1576497736.21	4300	24	0.0	1941625	848	15596.564781	4.3
1576497737.25	4300	28	0.0	2157535	906	16236.0908822	4.3
1576497738.24	4300	32	0.0	2290172	851	18509.2232158	4.3
1576497739.07	4300	36	0.0	2055469	685	20725.7518809	4.3
1576497740.07	4300	40	0.0	2169201	864	21167.7462467	4.3
1576497741.13	4300	44	0.0	2173522	917	21145.4818251	4.3
1576497742.1	4300	48	0.0	2102452	841	20763.0598022	4.3
1576497743.09	4300	52	0.0	2209463	841	20016.061446	4.3
1576497744.12	4300	56	0.0	2275376	897	20068.0649531	4.3
