1576497480.11	750	4	1.175	2354772	1063	17721.7083725	-5.0525
1576497481.18	4300	8	0.0	2123065	940	17895.1733352	0.75
1576497482.36	4300	12	0.0	2177073	1058	17417.3820974	4.3
1576497483.89	4300	16.0	0.0	2160877	1391	16169.9769038	4.3
1576497485.21	4300	20	0.0	2233056	1183	15514.7924142	4.3
1576497486.21	4300	24	0.0	1941625	873	15445.8000791	4.3
1576497487.26	4300	28	0.0	2157535	914	16051.4333246	4.3
1576497488.22	4300	32	0.0	2290172	835	18429.9349101	4.3
1576497489.04	4300	36	0.0	2055469	686	20647.3132978	4.3
1576497490.05	4300	40	0.0	2169201	863	21226.263092	4.3
1576497491.1	4300	44	0.0	2173522	921	21225.097422	4.3
1576497492.07	4300	48	0.0	2102452	829	20811.9160607	4.3
1576497493.05	4300	52	0.0	2209463	843	20061.2001703	4.3
1576497494.07	4300	56	0.0	2275376	890	20147.2876311	4.3
