1576497563.42	750	4	1.179	2354772	1075	17523.8846512	-5.0697
1576497564.5	4300	8	0.0	2123065	940	17796.2614745	0.75
1576497565.7	4300	12	0.0	2177073	1061	17335.9254945	4.3
1576497567.22	4300	16.0	0.0	2160877	1381	16131.3822092	4.3
1576497568.54	4300	20	0.0	2233056	1182	15528.8475946	4.3
1576497569.53	4300	24	0.0	1941625	852	15569.4931845	4.3
1576497570.57	4300	28	0.0	2157535	919	16161.0769717	4.3
1576497571.54	4300	32	0.0	2290172	837	18503.9734115	4.3
1576497572.37	4300	36	0.0	2055469	685	20726.9062063	4.3
1576497573.36	4300	40	0.0	2169201	862	21202.0499979	4.3
1576497574.41	4300	44	0.0	2173522	919	21236.8421633	4.3
1576497575.38	4300	48	0.0	2102452	838	20782.2928381	4.3
1576497576.37	4300	52	0.0	2209463	846	20004.2402799	4.3
1576497577.39	4300	56	0.0	2275376	891	20078.7570928	4.3
