1576497813.48	750	4	1.185	2354772	1077	17491.3426184	-5.0955
1576497814.55	4300	8	0.0	2123065	930	17877.1336748	0.75
1576497815.74	4300	12	0.0	2177073	1062	17384.6879866	4.3
1576497817.26	4300	16.0	0.0	2160877	1375	16181.6098081	4.3
1576497818.58	4300	20	0.0	2233056	1182	15587.2107017	4.3
1576497819.59	4300	24	0.0	1941625	877	15449.3586524	4.3
1576497820.63	4300	28	0.0	2157535	899	16149.2648947	4.3
1576497821.62	4300	32	0.0	2290172	852	18382.1616868	4.3
1576497822.76	4300	36	0.0	2055469	1004	18698.2848996	4.3
1576497823.8	4300	40	0.0	2169201	893	19128.6386889	4.3
1576497824.88	4300	44	0.0	2173522	946	18923.9672264	4.3
1576497825.73	4300	48	0.0	2102452	725	19347.8442022	4.3
1576497826.73	4300	52	0.0	2209463	865	20361.8694124	4.3
1576497827.79	4300	56	0.0	2275376	927	20412.7540733	4.3
