1576497313.44	750	4	1.175	2354772	1063	17721.7083725	-5.0525
1576497314.51	4300	8	0.0	2123065	938	17914.4362758	0.75
1576497315.7	4300	12	0.0	2177073	1055	17445.8276594	4.3
1576497317.22	4300	16.0	0.0	2160877	1387	16200.2712492	4.3
1576497318.54	4300	20	0.0	2233056	1181	15551.4800579	4.3
1576497319.51	4300	24	0.0	1941625	831	15697.6733693	4.3
1576497320.6	4300	28	0.0	2157535	962	16056.0405132	4.3
1576497321.55	4300	32	0.0	2290172	824	18498.8099114	4.3
1576497322.69	4300	36	0.0	2055469	999	18832.2270627	4.3
1576497323.73	4300	40	0.0	2169201	900	18979.6893732	4.3
1576497324.82	4300	44	0.0	2173522	944	19099.0891142	4.3
1576497325.69	4300	48	0.0	2102452	727	19324.3311782	4.3
1576497326.68	4300	52	0.0	2209463	863	20329.7022271	4.3
1576497327.74	4300	56	0.0	2275376	913	20493.649865	4.3
