1576498063.53	750	4	1.187	2354772	1078	17475.1168831	-5.1041
1576498064.6	4300	8	0.0	2123065	932	17849.4253943	0.75
1576498065.79	4300	12	0.0	2177073	1059	17381.7019154	4.3
1576498067.3	4300	16.0	0.0	2160877	1374	16181.6578048	4.3
1576498068.62	4300	20	0.0	2233056	1179	15600.9294746	4.3
1576498069.59	4300	24	0.0	1941625	841	15662.4157366	4.3
1576498070.66	4300	28	0.0	2157535	926	16210.754805	4.3
1576498071.64	4300	32	0.0	2290172	847	18473.0995289	4.3
1576498072.46	4300	36	0.0	2055469	684	20695.1919131	4.3
1576498073.47	4300	40	0.0	2169201	870	21064.4411402	4.3
1576498074.52	4300	44	0.0	2173522	918	21139.8803804	4.3
1576498075.49	4300	48	0.0	2102452	839	20743.9588175	4.3
1576498076.48	4300	52	0.0	2209463	840	19994.4417331	4.3
1576498077.51	4300	56	0.0	2275376	890	20120.977262	4.3
