1576497979.24	750	4	0.259	450283	162	22236.1975309	-1.1137000000000001
1576497980.49	4300	8	0.0	2123065	1015	19484.8573861	0.75
1576497981.59	4300	12	0.0	2177073	969	18981.16189	4.3
1576497982.85	4300	16.0	0.0	2160877	1115	18111.8839736	4.3
1576497984.43	4300	20	0.0	2233056	1449	15635.0374894	4.3
1576497985.55	4300	24	0.0	1941625	977	15426.3255281	4.3
1576497986.55	4300	28	0.0	2157535	857	15967.9703182	4.3
1576497987.61	4300	32	0.0	2290172	927	17032.9976759	4.3
1576497988.5	4300	36	0.0	2055469	752	19417.4676497	4.3
1576497989.37	4300	40	0.0	2169201	724	21435.0682564	4.3
1576497990.4	4300	44	0.0	2173522	890	21284.299843	4.3
1576497991.45	4300	48	0.0	2102452	899	21020.5724988	4.3
1576497992.38	4300	52	0.0	2209463	793	21126.3157677	4.3
1576497993.41	4300	56	0.0	2275376	880	20305.3569028	4.3
