1576497646.78	750	4	1.169	2354772	1062	17738.3954802	-5.0267
1576497647.85	4300	8	0.0	2123065	939	17913.1381022	0.75
1576497649.04	4300	12	0.0	2177073	1054	17450.1831497	4.3
1576497650.57	4300	16.0	0.0	2160877	1402	16170.200843	4.3
1576497651.88	4300	20	0.0	2233056	1184	15507.656027	4.3
1576497652.89	4300	24	0.0	1941625	875	15423.685846	4.3
1576497653.92	4300	28	0.0	2157535	896	16108.5438741	4.3
1576497654.89	4300	32	0.0	2290172	836	18504.8607761	4.3
1576497655.72	4300	36	0.0	2055469	687	20716.7048298	4.3
1576497656.73	4300	40	0.0	2169201	866	21288.4069083	4.3
1576497657.77	4300	44	0.0	2173522	918	21207.8226169	4.3
1576497658.74	4300	48	0.0	2102452	828	20807.3287076	4.3
1576497659.72	4300	52	0.0	2209463	843	20065.3357007	4.3
1576497660.75	4300	56	0.0	2275376	892	20157.3735325	4.3
