1575638796.92	750	4	0.552	450283	459	7848.06971678	-2.3735999999999997
1575638799.3	4300	8	0.0	2123065	2164	7848.56423281	0.75
1575638803.15	4300	12	0.0	2177073	3716	5624.43514978	4.3
1575638811.88	4300	16.0	0.0	2160877	8586	2768.25462207	4.3
1575638814.18	2850	20	0.0	1472558	2073	2952.95484479	1.4000000000000001
1575638816.03	2850	24	0.0	1224260	1716	3043.29167131	2.85
1575638817.94	2850	28	0.0	1388403	1783	2974.56700898	2.85
1575638820.36	2850	32	0.0	1638769	2284	2928.74632962	2.85
1575638822.13	2850	36	0.0	1348011	1642	5937.80110186	2.85
1575638824.91	4300	40	0.0	2169201	2652	6144.21387612	2.8499999999999996
1575638828.01	4300	44	0.0	2173522	2956	6144.05009547	4.3
1575638831.62	4300	48	0.0	2102452	3484	5716.169879	4.3
1575638838.06	4300	52	0.0	2209463	6302	4128.56775375	4.3
1575638841.87	4300	56	0.0	2275376	3527	4149.57330397	4.3
