1575638695.53	750	4	2.387	2354772	2287	8237.06864889	-10.264100000000001
1575638698.91	4300	8	0.0	2123065	3247	6159.91132244	0.75
1575638705.52	4300	12	0.0	2177073	6469	3636.00045494	4.3
1575638711.19	4300	16.0	0.0	2160877	5522	3459.98567566	4.3
1575638714.39	4300	20	0.0	2233056	3053	3683.32383807	4.3
1575638717.11	4300	24	0.0	1941625	2586	3637.30907261	4.3
1575638719.75	4300	28	0.0	2157535	2499	3672.66992601	4.3
1575638722.77	4300	32	0.0	2290172	2879	4684.74954656	4.3
1575638725.81	4300	36	0.0	2055469	2911	6103.8887057	4.3
1575638730.21	4300	40	0.0	2169201	4273	5386.49532221	4.3
1575638736.19	4300	44	0.0	2173522	5835	4239.17693243	4.3
1575638739.39	4300	48	0.0	2102452	3060	4180.69638937	4.3
1575638743.8	4300	52	0.0	2209463	4293	3975.09102028	4.3
1575638750.83	4300	56	0.0	2275376	6886	3374.73831253	4.3
