1575638901.97	750	4	2.376	2354772	2270	8298.75594714	-10.2168
1575638905.36	4300	8	0.0	2123065	3244	6173.7884436	0.75
1575638911.92	4300	12	0.0	2177073	6424	3659.06329101	4.3
1575638917.62	4300	16.0	0.0	2160877	5549	3467.04930003	4.3
1575638920.82	4300	20	0.0	2233056	3045	3690.95278319	4.3
1575638923.52	4300	24	0.0	1941625	2575	3645.29864099	4.3
1575638926.17	4300	28	0.0	2157535	2478	3681.20409586	4.3
1575638929.2	4300	32	0.0	2290172	2887	4673.57924042	4.3
1575638932.19	4300	36	0.0	2055469	2862	6141.39883297	4.3
1575638936.65	4300	40	0.0	2169201	4325	5376.41129081	4.3
1575638942.63	4300	44	0.0	2173522	5841	4229.43288071	4.3
1575638945.8	4300	48	0.0	2102452	3031	4173.8107506	4.3
1575638950.2	4300	52	0.0	2209463	4270	3973.72103202	4.3
1575638956.66	4300	56	0.0	2275376	6328	3490.24743422	4.3
