1575638280.41	750	4	0.553	450283	458	7865.20524017	-2.3779
1575638282.79	4300	8	0.0	2123065	2163	7854.55016843	0.75
1575638286.64	4300	12	0.0	2177073	3718	5622.71724558	4.3
1575638295.36	4300	16.0	0.0	2160877	8590	2766.78030112	4.3
1575638297.68	2850	20	0.0	1472558	2091	2951.30047344	1.4000000000000001
1575638299.52	2850	24	0.0	1224260	1709	3041.65513081	2.85
1575638301.43	2850	28	0.0	1388403	1784	2973.07808902	2.85
1575638303.85	2850	32	0.0	1638769	2284	2927.31542642	2.85
1575638305.62	2850	36	0.0	1348011	1644	5928.59598456	2.85
1575638308.41	4300	40	0.0	2169201	2653	6146.92588665	2.8499999999999996
1575638311.49	4300	44	0.0	2173522	2955	6142.6896929	4.3
1575638315.1	4300	48	0.0	2102452	3477	5719.80586676	4.3
1575638321.53	4300	52	0.0	2209463	6293	4133.92583651	4.3
1575638325.37	4300	56	0.0	2275376	3527	4154.57834163	4.3
