1575638592.18	750	4	2.395	2354772	2286	8240.67191601	-10.2985
1575638595.56	4300	8	0.0	2123065	3244	6164.99243273	0.75
1575638602.18	4300	12	0.0	2177073	6475	3633.22755821	4.3
1575638607.85	4300	16.0	0.0	2160877	5520	3458.76167443	4.3
1575638610.21	2850	20	0.0	1472558	2136	3604.78745375	1.4000000000000001
1575638611.71	2850	24	0.0	1224260	1366	3491.73232087	2.85
1575638613.88	2850	28	0.0	1388403	2033	3423.98703501	2.85
1575638615.95	2850	32	0.0	1638769	1935	4332.69290216	2.85
1575638618.66	4300	36	0.0	2055469	2569	6133.04118394	2.8499999999999996
1575638621.73	4300	40	0.0	2169201	2936	6206.80087972	4.3
1575638625.9	4300	44	0.0	2173522	4025	5426.34252052	4.3
1575638631.93	4300	48	0.0	2102452	5907	4146.15311474	4.3
1575638635.48	4300	52	0.0	2209463	3415	4130.49758035	4.3
1575638639.9	4300	56	0.0	2275376	4273	3979.25166573	4.3
