1575639108.56	750	4	2.391	2354772	2286	8240.67191601	-10.2813
1575639111.94	4300	8	0.0	2123065	3244	6164.99243273	0.75
1575639118.56	4300	12	0.0	2177073	6469	3636.31907547	4.3
1575639124.21	4300	16.0	0.0	2160877	5492	3467.30847464	4.3
1575639127.4	4300	20	0.0	2233056	3047	3691.06352738	4.3
1575639130.1	4300	24	0.0	1941625	2574	3645.12308513	4.3
1575639132.75	4300	28	0.0	2157535	2479	3681.0276209	4.3
1575639135.77	4300	32	0.0	2290172	2885	4705.88289295	4.3
1575639138.76	4300	36	0.0	2055469	2862	6141.37801028	4.3
1575639143.22	4300	40	0.0	2169201	4324	5377.58655782	4.3
1575639149.2	4300	44	0.0	2173522	5840	4230.21484301	4.3
1575639152.37	4300	48	0.0	2102452	3031	4174.58518084	4.3
1575639156.79	4300	52	0.0	2209463	4273	3973.69918573	4.3
1575639163.41	4300	56	0.0	2275376	6490	3456.18358627	4.3
