1575639005.3	750	4	2.385	2354772	2286	8240.67191601	-10.2555
1575639008.68	4300	8	0.0	2123065	3245	6163.48208583	0.75
1575639015.24	4300	12	0.0	2177073	6430	3656.3854053	4.3
1575639020.97	4300	16.0	0.0	2160877	5585	3456.90635963	4.3
1575639024.16	4300	20	0.0	2233056	3046	3680.42993887	4.3
1575639026.87	4300	24	0.0	1941625	2589	3634.46818858	4.3
1575639029.5	4300	28	0.0	2157535	2489	3669.59772879	4.3
1575639032.52	4300	32	0.0	2290172	2885	4650.16340086	4.3
1575639035.52	4300	36	0.0	2055469	2872	6126.54069733	4.3
1575639039.97	4300	40	0.0	2169201	4315	5373.70325401	4.3
1575639045.94	4300	44	0.0	2173522	5845	4228.79329302	4.3
1575639049.13	4300	48	0.0	2102452	3048	4171.82902389	4.3
1575639053.54	4300	52	0.0	2209463	4278	3970.68937791	4.3
1575639060.45	4300	56	0.0	2275376	6775	3394.54599283	4.3
