1575639211.88	750	4	2.378	2354772	2270	8298.75594714	-10.2254
1575639215.27	4300	8	0.0	2123065	3244	6173.7884436	0.75
1575639221.83	4300	12	0.0	2177073	6427	3657.50128621	4.3
1575639227.56	4300	16.0	0.0	2160877	5585	3457.37058596	4.3
1575639230.75	4300	20	0.0	2233056	3045	3681.1553023	4.3
1575639233.45	4300	24	0.0	1941625	2576	3635.9289575	4.3
1575639236.08	4300	28	0.0	2157535	2478	3671.2144843	4.3
1575639239.11	4300	32	0.0	2290172	2887	4653.10529526	4.3
1575639242.12	4300	36	0.0	2055469	2875	6134.36604653	4.3
1575639246.56	4300	40	0.0	2169201	4310	5381.02214764	4.3
1575639252.53	4300	44	0.0	2173522	5840	4232.24666295	4.3
1575639255.73	4300	48	0.0	2102452	3049	4174.44228707	4.3
1575639260.13	4300	52	0.0	2209463	4276	3973.31542681	4.3
1575639267.04	4300	56	0.0	2275376	6775	3396.07198942	4.3
