1575638385.61	750	4	2.386	2354772	2286	8240.67191601	-10.259799999999998
1575638388.99	4300	8	0.0	2123065	3245	6163.48208583	0.75
1575638395.55	4300	12	0.0	2177073	6429	3656.90507104	4.3
1575638401.28	4300	16.0	0.0	2160877	5583	3457.69847054	4.3
1575638404.46	4300	20	0.0	2233056	3045	3681.27525978	4.3
1575638407.18	4300	24	0.0	1941625	2581	3635.56429612	4.3
1575638409.8	4300	28	0.0	2157535	2487	3670.79952815	4.3
1575638412.81	4300	32	0.0	2290172	2885	4652.87332971	4.3
1575638415.81	4300	36	0.0	2055469	2863	6135.90994051	4.3
1575638420.27	4300	40	0.0	2169201	4324	5373.77358927	4.3
1575638426.25	4300	44	0.0	2173522	5841	4229.2836576	4.3
1575638429.44	4300	48	0.0	2102452	3048	4172.18514122	4.3
1575638433.85	4300	52	0.0	2209463	4276	3971.31198191	4.3
1575638440.75	4300	56	0.0	2275376	6773	3395.00146581	4.3
