1575638488.87	750	4	2.391	2354772	2286	8240.67191601	-10.2813
1575638492.25	4300	8	0.0	2123065	3245	6163.48208583	0.75
1575638498.9	4300	12	0.0	2177073	6504	3618.22372392	4.3
1575638504.54	4300	16.0	0.0	2160877	5487	3457.49994417	4.3
1575638506.89	2850	20	0.0	1472558	2135	3603.64521827	1.4000000000000001
1575638508.39	2850	24	0.0	1224260	1365	3490.57965918	2.85
1575638510.56	2850	28	0.0	1388403	2033	3422.84325416	2.85
1575638512.64	2850	32	0.0	1638769	1934	4352.54890812	2.85
1575638515.34	4300	36	0.0	2055469	2570	6134.15772228	2.8499999999999996
1575638518.42	4300	40	0.0	2169201	2937	6206.52723593	4.3
1575638522.57	4300	44	0.0	2173522	4024	5426.57608648	4.3
1575638528.6	4300	48	0.0	2102452	5904	4147.62848243	4.3
1575638532.15	4300	52	0.0	2209463	3405	4133.09982908	4.3
1575638536.58	4300	56	0.0	2275376	4291	3978.38743028	4.3
