1576496909.4	750	4	1.176	2354772	1062	17738.3954802	-5.0568
1576496910.47	4300	8	0.0	2123065	940	17891.9381635	0.75
1576496911.67	4300	12	0.0	2177073	1061	17351.2591136	4.3
1576496913.19	4300	16.0	0.0	2160877	1375	15523.1414168	4.3
1576496914.49	4300	20	0.0	2233056	1181	15438.0678934	4.3
1576496915.48	4300	24	0.0	1941625	848	15425.4250348	4.3
1576496916.51	4300	28	0.0	2157535	897	15542.5737501	4.3
1576496917.48	4300	32	0.0	2290172	841	16121.2931019	4.3
1576496918.31	4300	36	0.0	2055469	695	18672.2171206	4.3
1576496919.28	4300	40	0.0	2169201	831	20489.9761109	4.3
1576496920.32	4300	44	0.0	2173522	905	20690.7851644	4.3
1576496921.31	4300	48	0.0	2102452	842	20880.5497005	4.3
1576496922.27	4300	52	0.0	2209463	831	20780.831065	4.3
1576496923.26	4300	56	0.0	2275376	842	20529.98902	4.3
