1576496409.55	750	4	1.173	2354772	1062	17738.3954802	-5.0439
1576496410.63	4300	8	0.0	2123065	929	17988.225212	0.75
1576496411.83	4300	12	0.0	2177073	1062	17401.9195273	4.3
1576496413.34	4300	16.0	0.0	2160877	1374	15552.5334048	4.3
1576496414.65	4300	20	0.0	2233056	1184	15452.1924098	4.3
1576496415.63	4300	24	0.0	1941625	849	15438.1029698	4.3
1576496416.67	4300	28	0.0	2157535	898	15531.2581518	4.3
1576496417.68	4300	32	0.0	2290172	876	16055.7329339	4.3
1576496418.5	4300	36	0.0	2055469	684	18563.0186379	4.3
1576496419.49	4300	40	0.0	2169201	863	20205.6379088	4.3
1576496420.55	4300	44	0.0	2173522	922	20314.832215	4.3
1576496421.51	4300	48	0.0	2102452	827	20571.5317199	4.3
1576496422.49	4300	52	0.0	2209463	848	20555.1949288	4.3
1576496423.52	4300	56	0.0	2275376	892	20068.0419025	4.3
