1576496242.92	750	4	1.175	2354772	1063	17721.7083725	-5.0525
1576496244.0	4300	8	0.0	2123065	936	17917.8123131	0.75
1576496245.18	4300	12	0.0	2177073	1055	17404.5849595	4.3
1576496246.7	4300	16.0	0.0	2160877	1387	15487.085833	4.3
1576496248.02	4300	20	0.0	2233056	1188	15389.9577078	4.3
1576496248.99	4300	24	0.0	1941625	831	15409.7533713	4.3
1576496250.03	4300	28	0.0	2157535	913	15489.4974392	4.3
1576496250.98	4300	32	0.0	2290172	819	16073.8529396	4.3
1576496252.11	4300	36	0.0	2055469	995	17671.2208514	4.3
1576496253.15	4300	40	0.0	2169201	894	18894.4113495	4.3
1576496254.24	4300	44	0.0	2173522	955	18783.4721282	4.3
1576496255.13	4300	48	0.0	2102452	753	19280.8501098	4.3
1576496256.13	4300	52	0.0	2209463	862	19017.9834515	4.3
1576496257.18	4300	56	0.0	2275376	918	19868.3844809	4.3
