1576496576.23	750	4	1.168	2354772	1062	17738.3954802	-5.022399999999999
1576496577.31	4300	8	0.0	2123065	943	17865.6448837	0.75
1576496578.49	4300	12	0.0	2177073	1058	17354.4443329	4.3
1576496580.01	4300	16.0	0.0	2160877	1386	15468.3151008	4.3
1576496581.33	4300	20	0.0	2233056	1184	15386.8408997	4.3
1576496582.32	4300	24	0.0	1941625	857	15354.8017209	4.3
1576496583.36	4300	28	0.0	2157535	901	15468.943105	4.3
1576496584.33	4300	32	0.0	2290172	841	16027.1294448	4.3
1576496585.17	4300	36	0.0	2055469	682	18629.1784749	4.3
1576496586.15	4300	40	0.0	2169201	843	20399.984235	4.3
1576496587.19	4300	44	0.0	2173522	915	20598.6535751	4.3
1576496588.19	4300	48	0.0	2102452	838	20830.2181547	4.3
1576496589.17	4300	52	0.0	2209463	847	20653.427342	4.3
1576496590.19	4300	56	0.0	2275376	899	20116.9142066	4.3
