1576496492.9	750	4	1.169	2354772	1063	17721.7083725	-5.0267
1576496493.97	4300	8	0.0	2123065	931	17961.4815422	0.75
1576496495.18	4300	12	0.0	2177073	1062	17386.1354295	4.3
1576496496.69	4300	16.0	0.0	2160877	1374	15544.9513559	4.3
1576496498.01	4300	20	0.0	2233056	1179	15460.7157087	4.3
1576496499.02	4300	24	0.0	1941625	882	15381.5838009	4.3
1576496500.03	4300	28	0.0	2157535	888	15494.5035417	4.3
1576496501.02	4300	32	0.0	2290172	851	16052.7015237	4.3
1576496501.84	4300	36	0.0	2055469	685	18560.6103098	4.3
1576496502.84	4300	40	0.0	2169201	863	20164.6898761	4.3
1576496503.9	4300	44	0.0	2173522	920	20487.7441104	4.3
1576496504.86	4300	48	0.0	2102452	830	20681.411397	4.3
1576496505.84	4300	52	0.0	2209463	843	20572.0909325	4.3
1576496506.86	4300	56	0.0	2275376	891	20090.6224595	4.3
