1576496326.21	750	4	1.167	2354772	1062	17738.3954802	-5.0181
1576496327.28	4300	8	0.0	2123065	942	17874.4107502	0.75
1576496328.47	4300	12	0.0	2177073	1059	17353.4053302	4.3
1576496329.98	4300	16.0	0.0	2160877	1386	15467.7468031	4.3
1576496331.3	4300	20	0.0	2233056	1184	15386.3967648	4.3
1576496332.28	4300	24	0.0	1941625	845	15377.5939233	4.3
1576496333.32	4300	28	0.0	2157535	910	15474.2662123	4.3
1576496334.34	4300	32	0.0	2290172	875	15983.7923664	4.3
1576496335.16	4300	36	0.0	2055469	685	18534.1521634	4.3
1576496336.16	4300	40	0.0	2169201	867	20145.9403846	4.3
1576496337.21	4300	44	0.0	2173522	918	20253.9639263	4.3
1576496338.18	4300	48	0.0	2102452	828	20570.2178801	4.3
1576496339.15	4300	52	0.0	2209463	844	20568.3072777	4.3
1576496340.18	4300	56	0.0	2275376	892	20082.8248332	4.3
