1576496159.66	750	4	1.173	2354772	1074	17540.2011173	-5.0439
1576496160.73	4300	8	0.0	2123065	941	17774.3889894	0.75
1576496161.92	4300	12	0.0	2177073	1058	17299.4828341	4.3
1576496163.45	4300	16.0	0.0	2160877	1390	15421.4908955	4.3
1576496164.76	4300	20	0.0	2233056	1182	15356.0196428	4.3
1576496165.77	4300	24	0.0	1941625	868	15326.2105263	4.3
1576496166.84	4300	28	0.0	2157535	939	15366.0723476	4.3
1576496167.83	4300	32	0.0	2290172	848	15896.6741118	4.3
1576496168.64	4300	36	0.0	2055469	689	18404.7828494	4.3
1576496169.64	4300	40	0.0	2169201	866	19959.8403497	4.3
1576496170.69	4300	44	0.0	2173522	905	20270.0242929	4.3
1576496171.67	4300	48	0.0	2102452	839	20705.1241023	4.3
1576496172.65	4300	52	0.0	2209463	847	20562.7808837	4.3
1576496173.68	4300	56	0.0	2275376	893	20086.2852121	4.3
