1576496826.09	750	4	1.176	2354772	1074	17540.2011173	-5.0568
1576496827.16	4300	8	0.0	2123065	940	17782.9403086	0.75
1576496828.37	4300	12	0.0	2177073	1062	17279.7812832	4.3
1576496829.87	4300	16.0	0.0	2160877	1374	15493.3902132	4.3
1576496831.19	4300	20	0.0	2233056	1182	15412.140427	4.3
1576496832.18	4300	24	0.0	1941625	848	15424.0906193	4.3
1576496833.2	4300	28	0.0	2157535	894	15546.5167755	4.3
1576496834.19	4300	32	0.0	2290172	843	16125.9545411	4.3
1576496835.03	4300	36	0.0	2055469	686	18693.3056221	4.3
1576496836.04	4300	40	0.0	2169201	864	20367.1073859	4.3
1576496837.09	4300	44	0.0	2173522	917	20498.5173053	4.3
1576496838.06	4300	48	0.0	2102452	829	20732.0511386	4.3
1576496839.03	4300	52	0.0	2209463	843	20585.9511849	4.3
1576496840.06	4300	56	0.0	2275376	890	20110.6054948	4.3
