1576496659.48	750	4	1.167	2354772	1062	17738.3954802	-5.0181
1576496660.56	4300	8	0.0	2123065	943	17865.6448837	0.75
1576496661.76	4300	12	0.0	2177073	1060	17341.8784779	4.3
1576496663.28	4300	16.0	0.0	2160877	1375	15518.6936535	4.3
1576496664.6	4300	20	0.0	2233056	1179	15440.333031	4.3
1576496665.56	4300	24	0.0	1941625	839	15445.1794538	4.3
1576496666.6	4300	28	0.0	2157535	891	15580.0429535	4.3
1576496667.57	4300	32	0.0	2290172	835	16171.4786845	4.3
1576496668.71	4300	36	0.0	2055469	1004	17684.8067836	4.3
1576496669.74	4300	40	0.0	2169201	889	18872.9767599	4.3
1576496670.82	4300	44	0.0	2173522	936	18878.6724745	4.3
1576496671.7	4300	48	0.0	2102452	736	19341.5871821	4.3
1576496672.7	4300	52	0.0	2209463	863	19121.731005	4.3
1576496673.77	4300	56	0.0	2275376	922	20030.5726136	4.3
