1576496742.79	750	4	1.17	2354772	1073	17556.5479963	-5.031
1576496743.86	4300	8	0.0	2123065	943	17766.303627	0.75
1576496745.05	4300	12	0.0	2177073	1056	17306.994547	4.3
1576496746.57	4300	16.0	0.0	2160877	1382	15466.1563236	4.3
1576496747.89	4300	20	0.0	2233056	1187	15376.704472	4.3
1576496748.9	4300	24	0.0	1941625	879	15322.9976901	4.3
1576496749.95	4300	28	0.0	2157535	909	15421.9105571	4.3
1576496750.94	4300	32	0.0	2290172	855	15945.3239076	4.3
1576496751.76	4300	36	0.0	2055469	688	18428.0684965	4.3
1576496752.96	4300	40	0.0	2169201	1071	18941.6749866	4.3
1576496754.01	4300	44	0.0	2173522	912	19241.6498971	4.3
1576496754.92	4300	48	0.0	2102452	778	19688.5186788	4.3
1576496755.94	4300	52	0.0	2209463	877	19467.388098	4.3
1576496756.99	4300	56	0.0	2275376	909	19039.0692256	4.3
