1577261844.99	750	4	4.646	181801	3694	148.779752258	-19.9778
1577261847.25	300	5.743076	0.0	155580	1545	445.224462463	-0.15000000000000002
1577261849.12	300	7.874893	0.0	139857	1657	763.624420458	0.3
1577261851.51	300	9.480522	0.0	155432	1878	670.622458472	0.3
1577261853.06	300	11.932314	0.0	163442	1412	693.416919734	0.3
1577261854.26	300	14.732656	0.0	126289	1064	879.224452439	0.3
1577261857.41	750	15.579853	0.0	352642	2923	742.770937784	0.3
1577261858.99	300	18.002674	0.0	173849	1444	961.918686133	-0.15000000000000002
1577261860.7	300	20.292408	0.0	150710	1574	903.047127539	0.3
1577261862.29	300	22.700522	0.0	139105	1455	765.957528283	0.3
1577261863.91	300	25.080055	0.0	141840	1485	764.63382663	0.3
1577261865.39	300	27.605432	0.0	156148	1342	782.777016757	0.3
1577261868.89	750	28.103673	0.0	386351	3349	926.562779982	0.3
1577261870.95	300	30.045294	0.0	179801	1912	861.98376611	-0.15000000000000002
1577261872.57	300	32.424896	0.0	140051	1481	753.593457177	0.3
1577261876.45	750	32.541151	0.0	366214	3744	763.746183367	0.3
1577261882.24	1200	30.749816	0.0	617242	5572	660.163830775	0.75
1577261887.42	1200	29.569293	0.0	581493	5048	898.724086327	1.2
1577261891.38	750	29.609831	0.0	405596	3821	879.117306072	0.3
1577261894.93	750	30.060768	0.0	350713	3421	833.321023193	0.75
1577261901.81	1200	27.183826	0.0	601738	6683	741.632900604	0.75
1577261904.16	300	28.834913	0.0	157812	2206	661.213425685	-0.6000000000000001
1577261905.72	300	31.275148	0.0	163927	1421	617.991336275	0.3
1577261907.05	300	33.942444	0.0	137654	1194	867.350340433	0.3
1577261908.46	300	36.533778	0.0	146754	1270	910.959993427	0.3
1577261912.58	750	36.412161	0.0	379700	3982	827.231771217	0.3
1577261916.78	750	36.209692	0.0	425781	4063	785.244297861	0.75
1577261923.45	1850	33.543284	0.0	758197	6442	690.759863405	0.75
1577261933.24	1850	27.753162	0.0	972798	9658	820.374369874	1.85
1577261943.68	1850	21.306568	0.0	975811	10312	761.531289282	1.85
1577261951.82	1850	17.171137	0.0	873429	7993	815.576158834	1.85
1577261961.31	1850	11.676557	0.0	954453	9355	816.976757177	1.85
1577261970.3	1850	6.695203	0.0	885062	8845	802.542300053	1.85
1577261973.89	750	7.099409	0.0	412837	3464	840.15894489	-0.3500000000000001
1577261977.28	750	7.714029	0.0	401088	3247	961.957751927	0.75
1577261978.71	300	10.283334	0.0	159914	1290	988.119688748	-0.15000000000000002
1577261980.37	300	12.618178	0.0	131610	1536	900.212116101	0.3
1577261982.04	300	14.954236	0.0	124011	1536	674.005870184	0.3
1577261983.97	300	17.020402	0.0	144254	1789	645.635051774	0.3
1577261985.58	300	19.413236	0.0	149991	1448	667.069756743	0.3
1577261987.14	300	21.852385	0.0	147968	1434	809.131639881	0.3
1577261988.84	300	24.151434	0.0	161857	1561	824.264593361	0.3
1577261990.38	300	26.606355	0.0	145210	1406	828.518715751	0.3
1577261992.17	300	28.818229	0.0	172312	1661	826.94604893	0.3
1577261998.2	1200	26.793938	0.0	630203	5884	840.669329489	0.29999999999999993
1577262012.09	1850	16.905574	0.0	982064	13754	583.119778049	1.2000000000000002
1577262021.24	1850	11.752179	0.0	830730	9031	660.590447408	1.85
1577262028.16	1200	8.831208	0.0	550906	6798	666.523033562	0.5499999999999999
1577262032.2	1200	6.467498	0.0	391450	3924	691.475945684	1.2

