1577260040.81	750	4	4.852	181801	3611	128.025232572	-20.863599999999998
1577260042.65	300	6.162999	0.0	155580	1616	450.224284356	-0.15000000000000002
1577260045.0	300	7.80548	0.0	139857	1966	696.753987	0.3
1577260046.95	300	9.863738	0.0	155432	1388	610.796024492	0.3
1577260048.47	300	12.34085	0.0	163442	1375	860.381765782	0.3
1577260049.69	300	15.118938	0.0	126289	1063	931.120089258	0.3
1577260051.11	300	17.698619	0.0	153295	1275	946.865230002	0.3
1577260052.7	300	20.117918	0.0	173849	1445	959.667923507	0.3
1577260054.1	300	22.712887	0.0	150710	1250	962.258890746	0.3
1577260055.66	300	25.149909	0.0	139105	1416	914.686106759	0.3
1577260057.32	300	27.498544	0.0	141840	1485	780.064342435	0.3
1577260059.1	300	29.712911	0.0	156148	1620	766.323373213	0.3
1577260060.67	300	32.140904	0.0	160746	1422	786.288163696	0.3
1577260064.72	750	32.085377	0.0	434409	3828	689.911410031	0.3
1577260066.36	300	34.448267	0.0	140051	1480	864.174573987	-0.15000000000000002
1577260070.36	750	34.453792	0.0	366214	3840	759.266359922	0.3
1577260076.4	1200	32.404769	0.0	617242	5802	635.6619625	0.75
1577260084.31	1850	28.503469	0.0	885714	7667	677.776130421	1.2000000000000002
1577260094.23	1850	22.582619	0.0	987708	9753	811.435639346	1.85
1577260104.37	1850	16.435915	0.0	923755	9992	746.611264841	1.85
1577260113.41	1850	11.396671	0.0	891604	8900	772.838467723	1.85
1577260121.72	1850	7.087951	0.0	955231	8164	869.691507658	1.85
1577260125.79	750	7.021267	0.0	401853	3914	867.788193778	-0.3500000000000001
1577260129.82	750	6.993957	0.0	343800	3877	755.122928873	0.75
1577260133.26	750	7.545491	0.0	359903	3301	749.913929884	0.75
1577260137.76	750	7.051565	0.0	379700	4347	762.310121363	0.75
1577260141.97	750	6.840263	0.0	425781	4066	740.041076026	0.75
1577260144.43	750	8.379219	0.0	277716	2328	859.028101806	0.75
1577260148.82	750	7.992198	0.0	400396	4247	829.235582315	0.75
1577260152.71	750	8.099456	0.0	400508	3740	782.58451091	0.75
1577260156.39	750	8.420912	0.0	358218	3545	829.688009258	0.75
1577260160.71	750	8.099137	0.0	400322	4185	781.65461481	0.75
1577260164.58	750	8.224169	0.0	369834	3727	773.143012912	0.75
1577260166.08	300	10.730355	0.0	163444	1360	812.331708046	-0.15000000000000002
1577260167.72	300	13.089391	0.0	179328	1495	941.333412772	0.3
1577260169.2	300	15.606449	0.0	159914	1336	957.058112561	0.3
1577260170.41	300	18.398688	0.0	131610	1063	960.348491546	0.3
1577260171.55	300	21.260277	0.0	124011	997	981.708055323	0.3
1577260172.85	300	23.959912	0.0	144254	1161	991.038642163	0.3
1577260177.11	750	23.700642	0.0	390680	4105	851.47829245	0.3
1577260181.09	750	23.721669	0.0	345516	3834	737.620360995	0.75
1577260182.8	300	26.006901	0.0	161857	1558	734.950111051	-0.15000000000000002
1577260184.36	300	28.446552	0.0	145210	1404	820.858225017	0.3
1577260186.17	300	30.636508	0.0	172312	1660	827.17589356	0.3
1577260187.92	300	32.891516	0.0	167025	1604	830.51485923	0.3
1577260197.68	1850	27.125325	0.0	982064	9622	818.30480564	0.30000000000000004
1577260214.6	2850	14.20501	0.0	1231456	16683	510.02166589	1.85
1577260224.83	1850	7.981791	0.0	846370	10098	656.620041827	0.8500000000000001
1577260230.82	1850	3.668014	0.0	598850	5864	728.867030296	1.85

