1577260717.31	750	4	4.769	181801	3790	146.547855975	-20.506700000000002
1577260719.47	300	5.839909	0.0	155580	1517	437.3791553	-0.15000000000000002
1577260721.33	300	7.971996	0.0	139857	1728	763.257135977	0.3
1577260723.69	300	9.623274	0.0	155432	1819	656.074603849	0.3
1577260725.22	300	12.09061	0.0	163442	1388	710.916824503	0.3
1577260726.41	300	14.892508	0.0	126289	1062	893.059397603	0.3
1577260729.57	750	15.738449	0.0	352642	2924	754.781249642	0.3
1577260731.17	300	18.138442	0.0	173849	1456	960.927921534	-0.15000000000000002
1577260732.88	300	20.426755	0.0	150710	1575	897.36271122	0.3
1577260734.47	300	22.836067	0.0	139105	1454	765.748235807	0.3
1577260736.11	300	25.199336	0.0	141840	1485	765.004310847	0.3
1577260737.58	300	27.726584	0.0	156148	1340	782.961304724	0.3
1577260741.07	750	28.235741	0.0	386351	3350	927.054151133	0.3
1577260743.13	300	30.177919	0.0	179801	1913	861.640862502	-0.15000000000000002
1577260744.75	300	32.556304	0.0	140051	1482	753.16667397	0.3
1577260750.93	1200	30.377258	0.0	587876	5949	614.546537795	0.29999999999999993
1577260756.31	1200	29.001727	0.0	617242	5230	846.522827304	1.2
1577260759.72	750	29.588129	0.0	372963	3262	928.555209997	0.3
1577260763.7	750	29.603768	0.0	405596	3844	873.147216534	0.75
1577260769.62	1200	27.683617	0.0	586839	5763	822.415366211	0.75
1577260774.68	750	26.620493	0.0	386472	4912	688.964706623	0.3
1577260776.73	300	28.577358	0.0	157812	1901	634.714537789	-0.15000000000000002
1577260778.29	300	31.01818	0.0	163927	1420	691.95488803	0.3
1577260779.61	300	33.695612	0.0	137654	1196	885.966263298	0.3
1577260781.03	300	36.276324	0.0	146754	1270	913.839023097	0.3
1577260785.24	750	36.064029	0.0	379700	4073	815.499038644	0.3
1577260791.77	1200	33.534981	0.0	696376	6372	800.3086252	0.75
1577260798.45	1850	30.852168	0.0	758197	6456	710.646246076	1.2000000000000002
1577260808.51	1850	24.796968	0.0	972798	9924	799.881699074	1.85
1577260818.67	1850	18.636599	0.0	975811	10026	779.174068479	1.85
1577260827.3	1850	14.009616	0.0	873429	8494	812.532331158	1.85
1577260836.93	1850	8.372925	0.0	954453	9504	805.550010698	1.85
1577260838.54	300	10.769198	0.0	143881	1458	799.424486838	-1.25
1577260840.32	300	12.988678	0.0	163444	1648	790.736191485	0.3
1577260842.07	300	15.232742	0.0	179328	1623	805.11325163	0.3
1577260843.54	300	17.762154	0.0	159914	1337	883.393270469	0.3
1577260844.78	300	20.523499	0.0	131610	1106	939.783394024	0.3
1577260845.95	300	23.355925	0.0	124011	1033	949.163354104	0.3
1577260847.25	300	26.05581	0.0	144254	1166	960.04295452	0.3
1577260852.69	1200	24.613606	0.0	587506	5312	915.552612432	0.29999999999999993
1577260856.92	750	24.381399	0.0	345516	4088	757.289538191	0.3
1577260860.78	750	24.529929	0.0	384505	3725	717.429946648	0.75
1577260862.32	300	26.982524	0.0	145210	1407	825.218001001	-0.15000000000000002
1577260864.11	300	29.195231	0.0	172312	1659	826.308651363	0.3
1577260865.85	300	31.450889	0.0	167025	1605	830.779535179	0.3
1577260872.05	1200	29.252593	0.0	638661	6044	837.751571949	0.29999999999999993
1577260889.36	2850	15.950114	0.0	1231456	17078	500.466498859	1.2000000000000002
1577260899.15	1850	10.154141	0.0	846370	9656	647.350816421	0.8500000000000001
1577260905.5	1850	5.485438	0.0	598850	6229	729.535116724	1.85

