1577260942.69	750	4	4.629	181801	3636	150.104212604	-19.904700000000002
1577260944.79	300	5.898058	0.0	155580	1501	452.127378492	-0.15000000000000002
1577260946.71	300	7.97758	0.0	139857	1780	761.278015654	0.3
1577260949.08	300	9.606835	0.0	155432	1830	639.083711253	0.3
1577260950.65	300	12.033904	0.0	163442	1437	703.637245429	0.3
1577260951.85	300	14.833046	0.0	126289	1065	871.104506573	0.3
1577260955.01	750	15.679955	0.0	352642	2925	741.687627538	0.3
1577260956.6	300	18.091519	0.0	173849	1444	961.304414677	-0.15000000000000002
1577260958.31	300	20.380395	0.0	150710	1576	902.686001807	0.3
1577260959.9	300	22.791252	0.0	139105	1453	765.562543101	0.3
1577260961.52	300	25.169209	0.0	141840	1484	765.525840001	0.3
1577260963.0	300	27.683105	0.0	156148	1348	782.891195024	0.3
1577260964.54	300	30.152523	0.0	160746	1393	906.624363645	0.3
1577260966.23	300	32.459372	0.0	179801	1555	921.540908297	0.3
1577260972.01	1200	30.682301	0.0	526950	5550	636.230431006	0.29999999999999993
1577260977.82	1200	28.866245	0.0	587876	5670	803.291703978	1.2
1577260983.22	1200	27.463295	0.0	617242	5267	894.140508058	1.2
1577260986.62	750	28.063087	0.0	372963	3262	919.743922619	0.3
1577260990.74	750	27.943538	0.0	405596	3987	853.979115024	0.75
1577260994.37	750	28.319987	0.0	350713	3481	809.509189563	0.75
1577261001.91	1200	24.774565	0.0	601738	7378	680.385207305	0.75
1577261003.42	300	27.266659	0.0	157812	1371	682.533078581	-0.6000000000000001
1577261004.98	300	29.707216	0.0	163927	1408	890.536024636	0.3
1577261006.31	300	32.374144	0.0	137654	1195	922.887664294	0.3
1577261007.98	300	34.712106	0.0	146754	1523	876.887246345	0.3
1577261009.76	300	36.924436	0.0	153938	1647	763.671908783	0.3
1577261019.73	1850	30.955314	0.0	1076599	9731	661.664303792	0.30000000000000004
1577261026.53	1850	28.162233	0.0	758197	6664	896.103359222	1.85
1577261036.64	1850	22.046632	0.0	972798	9985	792.428867767	1.85
1577261046.55	1850	16.133228	0.0	975811	9775	790.381807683	1.85
1577261055.41	1850	11.280254	0.0	873429	8705	800.775448141	1.85
1577261065.32	1850	5.364851	0.0	954453	9781	780.898798118	1.85
1577261068.79	750	5.898767	0.0	369834	3320	808.283533218	-0.3500000000000001
1577261072.37	750	6.32094	0.0	412837	3444	908.657610223	0.75
1577261075.77	750	6.920885	0.0	401088	3248	966.065753046	0.75
1577261080.05	750	6.639791	0.0	365161	4140	814.08100263	0.75
1577261083.65	750	7.034114	0.0	321064	3442	716.09525936	0.75
1577261087.38	750	7.303785	0.0	361565	3589	762.185303704	0.75
1577261091.17	750	7.521657	0.0	378327	3642	812.730150214	0.75
1577261094.93	750	7.758126	0.0	390680	3623	839.554145954	0.75
1577261098.55	750	8.139427	0.0	345516	3472	825.955297737	0.75
1577261103.3	750	7.392382	0.0	384505	4605	712.197279273	0.75
1577261110.94	750	4.453584	0.704	372093	7492	445.257075113	-2.2771999999999997
1577261113.04	300	6.349709	0.0	172312	1942	445.720719909	-0.15000000000000002
1577261114.65	300	8.735326	0.0	167025	1485	717.038669272	0.3
1577261116.2	300	11.186181	0.0	160064	1420	876.569492226	0.3
1577261117.74	300	13.649796	0.0	137507	1407	868.478413173	0.3
1577261121.23	750	14.156044	0.0	314107	3369	762.391181426	0.3
1577261124.74	750	12.332452	0.0	255954	3395	668.278458795	0.75

