1577260491.57	750	4	4.645	181801	3665	152.107606276	-19.9735
1577260493.7	300	5.869566	0.0	155580	1502	449.33288225	-0.15000000000000002
1577260495.73	300	7.840041	0.0	139857	1819	755.237526444	0.3
1577260498.02	300	9.555194	0.0	155432	1732	633.125316081	0.3
1577260499.55	300	12.020148	0.0	163442	1388	735.405795101	0.3
1577260500.76	300	14.817038	0.0	126289	1067	897.964204271	0.3
1577260503.93	750	15.641126	0.0	352642	2924	731.079914329	0.3
1577260505.52	300	18.052408	0.0	173849	1442	961.776228991	-0.15000000000000002
1577260507.24	300	20.335874	0.0	150710	1575	903.792625633	0.3
1577260508.84	300	22.73032	0.0	139105	1455	765.611566307	0.3
1577260510.46	300	25.109665	0.0	141840	1485	764.632694163	0.3
1577260511.95	300	27.629116	0.0	156148	1344	782.645701161	0.3
1577260515.44	750	28.132094	0.0	386351	3350	925.774729498	0.3
1577260517.5	300	30.074358	0.0	179801	1920	860.48134816	-0.15000000000000002
1577260519.12	300	32.453695	0.0	140051	1482	751.195994691	0.3
1577260523.0	750	32.568967	0.0	366214	3746	763.24801333	0.3
1577260528.82	1200	30.753546	0.0	617242	5569	647.913351302	0.75
1577260534.03	1200	29.545786	0.0	581493	5049	898.969632855	1.2
1577260537.99	750	29.580522	0.0	405596	3827	878.218994859	0.3
1577260541.55	750	30.020159	0.0	350713	3418	833.118816266	0.75
1577260548.48	1200	27.095391	0.0	601738	6730	737.586699917	0.75
1577260550.76	300	28.811713	0.0	157812	2142	666.146438935	-0.6000000000000001
1577260552.32	300	31.251569	0.0	163927	1421	632.777773038	0.3
1577260553.66	300	33.91843	0.0	137654	1195	869.969367534	0.3
1577260555.06	300	36.510639	0.0	146754	1270	910.995467771	0.3
1577260556.78	300	38.790377	0.0	153938	1556	884.266600012	0.3
1577260558.88	300	40.690449	0.0	181901	1944	775.966607895	0.3
1577260566.18	1850	37.38949	0.0	758197	7050	638.33242316	0.30000000000000004
1577260574.7	1850	32.875246	0.0	972798	8371	896.121044855	1.85
1577260584.84	1850	26.737017	0.0	975811	9994	795.877575679	1.85
1577260594.12	1850	21.458676	0.0	873429	9119	768.057863967	1.85
1577260603.72	1850	15.849707	0.0	954453	9427	790.654460702	1.85
1577260605.17	300	18.403424	0.0	143881	1315	817.010692698	-1.25
1577260606.98	300	20.59663	0.0	163444	1674	844.959529123	0.3
1577260609.0	300	22.5747	0.0	179328	1882	774.480415942	0.3
1577260610.84	300	24.737012	0.0	159914	1687	761.013565428	0.3
1577260612.29	300	27.280775	0.0	131610	1325	762.75232293	0.3
1577260613.68	300	29.897489	0.0	124011	1251	788.730448615	0.3
1577260617.3	750	30.273831	0.0	378327	3490	812.331145032	0.3
1577260620.7	750	30.86965	0.0	390680	3269	889.141720392	0.75
1577260622.04	300	33.534847	0.0	147968	1196	958.254207858	-0.15000000000000002
1577260628.34	1200	31.238451	0.0	641452	6166	870.139384762	0.29999999999999993
1577260634.78	1200	28.798139	0.0	599477	6297	778.092234564	1.2
1577260639.16	750	28.413966	0.0	438281	4230	782.253027478	0.3
1577260645.18	1200	26.394861	0.0	630203	5865	841.135796055	0.75
1577260660.0	1850	15.572405	0.0	982064	14674	546.327683415	1.2000000000000002
1577260668.32	1850	11.254302	0.0	830730	8194	675.530043749	1.85
1577260675.38	1200	8.191665	0.0	550906	6936	670.788032195	0.5499999999999999
1577260679.22	1200	6.03096	0.0	391450	3722	692.189956183	1.2

