1577261619.52	750	4	4.727	181801	3675	223.170633773	-20.3261
1577261621.64	300	5.882693	0.0	155580	1558	446.505613151	-0.15000000000000002
1577261623.47	300	8.048771	0.0	139857	1679	754.110721101	0.3
1577261625.85	300	9.666148	0.0	155432	1855	667.762548417	0.3
1577261627.41	300	12.107527	0.0	163442	1412	699.684156089	0.3
1577261628.61	300	14.906676	0.0	126289	1064	880.541063899	0.3
1577261631.76	750	15.752913	0.0	352642	2924	743.668718537	0.3
1577261633.34	300	18.176712	0.0	173849	1443	961.777528156	-0.15000000000000002
1577261635.06	300	20.461443	0.0	150710	1576	903.149184543	0.3
1577261636.64	300	22.872725	0.0	139105	1453	765.563519655	0.3
1577261638.27	300	25.250852	0.0	141840	1484	765.525843222	0.3
1577261639.75	300	27.768268	0.0	156148	1346	783.018692918	0.3
1577261641.28	300	30.237864	0.0	160746	1392	905.231723473	0.3
1577261642.97	300	32.544651	0.0	179801	1555	921.886546951	0.3
1577261648.75	1200	30.765671	0.0	526950	5551	642.271904339	0.29999999999999993
1577261654.57	1200	28.952002	0.0	587876	5668	786.716670796	1.2
1577261659.97	1200	27.549697	0.0	617242	5268	869.178123588	1.2
1577261663.38	750	28.135203	0.0	372963	3262	925.349961911	0.3
1577261667.51	750	28.011077	0.0	405596	3988	853.846980497	0.75
1577261671.07	750	28.444118	0.0	350713	3438	814.265076265	0.75
1577261678.66	1200	24.859972	0.0	601738	7376	682.376711401	0.75
1577261680.17	300	27.350036	0.0	157812	1371	682.690511958	-0.6000000000000001
1577261681.73	300	29.791145	0.0	163927	1421	889.615749335	0.3
1577261683.06	300	32.457867	0.0	137654	1194	916.772780712	0.3
1577261684.71	300	34.808098	0.0	146754	1523	877.386018411	0.3
1577261686.5	300	37.020904	0.0	153938	1647	763.67251388	0.3
1577261696.46	1850	31.053184	0.0	1076599	9732	659.571103879	0.30000000000000004
1577261703.26	1850	28.258711	0.0	758197	6664	896.052305618	1.85
1577261713.37	1850	22.142449	0.0	972798	9985	792.428867767	1.85
1577261723.29	1850	16.23112	0.0	975811	9774	790.427768972	1.85
1577261732.14	1850	11.376643	0.0	873429	8705	800.813881499	1.85
1577261742.06	1850	5.460465	0.0	954453	9781	782.958229136	1.85
1577261745.52	750	5.995587	0.0	369834	3320	808.283533218	-0.3500000000000001
1577261749.1	750	6.417901	0.0	412837	3444	908.65695812	0.75
1577261752.48	750	7.040672	0.0	401088	3248	966.065753026	0.75
1577261756.73	750	6.789895	0.0	365161	4122	816.425489809	0.75
1577261760.42	750	7.102244	0.0	321064	3542	716.253361359	0.75
1577261764.09	750	7.427794	0.0	361565	3506	751.319296932	0.75
1577261767.88	750	7.632577	0.0	378327	3642	826.646209324	0.75
1577261771.62	750	7.894763	0.0	390680	3611	840.300343692	0.75
1577261775.22	750	8.299025	0.0	345516	3462	828.578793888	0.75
1577261779.94	750	7.572752	0.0	384505	4584	715.208748048	0.75
1577261787.51	750	4.49637	0.486	372093	7413	450.162520923	-1.3397999999999999
1577261789.76	300	6.241407	0.0	172312	2091	444.259292505	-0.15000000000000002
1577261791.37	300	8.627419	0.0	167025	1472	678.580554731	0.3
1577261792.92	300	11.078479	0.0	160064	1420	880.720954598	0.3
1577261794.46	300	13.544437	0.0	137507	1405	868.854268152	0.3
1577261797.94	750	14.066395	0.0	314107	3368	763.025871049	0.3
1577261801.43	750	12.24977	0.0	255954	3387	669.273461332	0.75

