1577260266.04	750	4	4.649	181801	3650	150.14569644	-19.9907
1577260268.15	300	5.890949	0.0	155580	1502	450.752748093	-0.15000000000000002
1577260270.19	300	7.852492	0.0	139857	1814	755.980506685	0.3
1577260272.47	300	9.569152	0.0	155432	1730	634.692503737	0.3
1577260274.01	300	12.032723	0.0	163442	1401	735.422650143	0.3
1577260275.21	300	14.833177	0.0	126289	1065	892.600101763	0.3
1577260278.37	750	15.666783	0.0	352642	2924	731.705627838	0.3
1577260279.97	300	18.066816	0.0	173849	1444	961.598347469	-0.15000000000000002
1577260281.68	300	20.355918	0.0	150710	1575	902.866544227	0.3
1577260283.27	300	22.765069	0.0	139105	1455	765.609607473	0.3
1577260284.9	300	25.14368	0.0	141840	1485	764.632687751	0.3
1577260286.4	300	27.640152	0.0	156148	1343	782.707435434	0.3
1577260290.06	750	27.984005	0.0	386351	3494	893.665490498	0.3
1577260292.12	300	29.922368	0.0	179801	1913	837.200366659	-0.15000000000000002
1577260293.74	300	32.303399	0.0	140051	1481	753.299213165	0.3
1577260297.61	750	32.429961	0.0	366214	3734	764.297767501	0.3
1577260303.43	1200	30.615387	0.0	617242	5536	650.748973944	0.75
1577260308.63	1200	29.406487	0.0	581493	5055	902.004339217	1.2
1577260312.62	750	29.417001	0.0	405596	3849	874.760981642	0.3
1577260316.17	750	29.874197	0.0	350713	3413	831.586421465	0.75
1577260323.17	1200	26.871652	0.0	601738	6804	731.294083597	0.75
1577260329.39	1200	24.647012	0.0	616206	6068	750.399250262	1.2
1577260331.18	300	26.855493	0.0	163927	1653	806.354680375	-0.6000000000000001
1577260332.82	300	29.222608	0.0	137654	1477	779.564634111	0.3
1577260334.53	300	31.512963	0.0	146754	1569	746.473623126	0.3
1577260336.13	300	33.91095	0.0	153938	1446	760.640595337	0.3
1577260342.34	1200	31.697272	0.0	696376	6080	878.102593591	0.29999999999999993
1577260344.77	750	33.273848	0.0	277716	2280	926.709441401	0.3
1577260350.66	1200	31.384071	0.0	622896	5744	875.0633715	0.75
1577260357.56	1200	28.479887	0.0	641447	6770	780.912635274	1.2
1577260359.15	300	30.893678	0.0	157421	1439	771.731762016	-0.6000000000000001
1577260364.01	750	30.032879	0.0	400322	4702	746.591123214	0.3
1577260367.53	750	30.506907	0.0	369834	3383	730.260775265	0.75
1577260371.43	750	30.606022	0.0	412837	3767	875.174731406	0.75
1577260373.47	300	32.574588	0.0	179328	1892	834.785693713	-0.15000000000000002
1577260375.27	300	34.771452	0.0	159914	1665	761.502461763	0.3
1577260376.6	300	37.439908	0.0	131610	1197	778.736013426	0.3
1577260386.27	1850	31.769939	0.0	938587	9418	628.223709923	0.30000000000000004
1577260394.69	1850	27.355097	0.0	908665	8266	839.283327057	1.85
1577260403.67	1850	22.365872	0.0	930577	8845	846.565754182	1.85
1577260412.42	1850	17.619575	0.0	858450	8600	804.469605423	1.85
1577260422.53	1850	11.509581	0.0	1025005	9956	813.0471401	1.85
1577260436.39	1850	4.49758	2.844	886255	13712	529.968783798	-10.379199999999999
1577260438.06	300	6.819816	0.0	172312	1535	564.512119713	-1.25
1577260439.69	300	9.193276	0.0	167025	1482	863.543199859	0.3
1577260441.51	300	11.374249	0.0	160064	1677	857.270577537	0.3
1577260443.12	300	13.759375	0.0	137507	1475	758.575744009	0.3
1577260450.21	1200	10.673137	0.0	550906	6961	655.69251357	0.29999999999999993
1577260454.02	1200	8.539578	0.0	391450	3691	692.065428023	1.2

