1577259818.46	750	4	7.955	450283	6641	248.201894773	-34.2065
1577259820.65	300	5.807497	0.0	155580	1846	410.460329995	-0.15000000000000002
1577259822.59	300	7.866635	0.0	139857	1364	681.348426409	0.3
1577259824.05	300	10.408882	0.0	155432	1311	810.335209192	0.3
1577259825.54	300	12.916811	0.0	163442	1347	928.556779856	0.3
1577259826.72	300	15.737507	0.0	126289	1044	960.956075309	0.3
1577259828.14	300	18.316305	0.0	153295	1276	965.327533999	0.3
1577259829.96	300	20.495044	0.0	173849	1678	918.604011041	0.3
1577259831.69	300	22.768107	0.0	150710	1574	809.765576242	0.3
1577259833.29	300	25.162475	0.0	139105	1453	766.060137096	0.3
1577259834.75	300	27.709912	0.0	141840	1298	778.392529449	0.3
1577259836.24	300	30.214376	0.0	156148	1344	864.495088802	0.3
1577259837.78	300	32.67267	0.0	160746	1394	919.728486588	0.3
1577259842.36	750	32.095672	0.0	434409	4424	834.82747385	0.3
1577259847.95	1200	30.503684	0.0	526950	5347	638.53887335	0.75
1577259853.18	1200	29.280895	0.0	587876	5078	837.436098528	1.2
1577259858.72	1200	27.736777	0.0	617242	5398	918.041588219	1.2
1577259862.53	750	27.925351	0.0	372963	3659	858.092515169	0.3
1577259866.58	750	27.874982	0.0	405596	3908	819.706914741	0.75
1577259874.09	1200	24.371789	0.0	586839	7324	675.853697162	0.75
1577259875.64	300	26.814962	0.0	157671	1397	670.868461889	-0.6000000000000001
1577259877.17	300	29.290766	0.0	157812	1372	875.140691977	0.3
1577259878.74	300	31.720441	0.0	163927	1422	913.728909973	0.3
1577259880.36	300	34.092889	0.0	137654	1476	871.331293349	0.3
1577259882.1	300	36.364163	0.0	146754	1571	746.728818183	0.3
1577259890.64	1850	31.816775	0.0	905935	8281	643.432442531	0.30000000000000004
1577259900.6	1850	25.857755	0.0	1076599	9807	876.931355107	1.85
1577259908.38	1850	22.081386	0.0	758197	7623	809.875532514	1.85
1577259918.34	1850	16.120401	0.0	972798	9814	793.26824568	1.85
1577259928.11	1850	10.345928	0.0	975811	9618	803.541792692	1.85
1577259937.27	1850	5.183819	0.0	873429	9015	779.644262622	1.85
1577259941.04	750	5.412896	0.0	400322	3609	805.244235956	-0.3500000000000001
1577259944.28	750	6.177202	0.0	369834	3089	903.920492095	0.75
1577259947.77	750	6.683989	0.0	412837	3341	965.528388132	0.75
1577259952.44	750	6.019898	0.0	401088	4512	808.948245816	0.75
1577259956.43	750	6.028023	0.0	365161	3830	725.717863292	0.75
1577259959.69	750	6.76329	0.0	321064	3109	777.712962588	0.75
1577259963.32	750	7.134079	0.0	361565	3475	827.770244274	0.75
1577259967.03	750	7.4233	0.0	378327	3556	837.3514448	0.75
1577259971.13	750	7.327811	0.0	390680	3948	815.540584979	0.75
1577259975.47	750	6.989068	0.0	345516	4180	710.907041946	0.75
1577259977.97	300	8.488351	0.0	161857	2349	615.186202507	-0.15000000000000002
1577259981.55	300	8.90391	0.0	145210	3418	435.824879582	0.3
1577259984.72	300	9.737299	0.0	172312	3002	367.208492938	0.3
1577259986.35	300	12.10775	0.0	167025	1484	511.166930047	0.3
1577259987.91	300	14.546509	0.0	160064	1420	856.575263447	0.3
1577259989.37	300	17.085667	0.0	137507	1319	883.958113808	0.3
1577259992.88	750	17.579999	0.0	314107	3369	786.341060776	0.3
1577259996.24	750	15.902186	0.0	255954	3250	684.707603224	0.75

