1577261168.27	750	4	4.659	181801	3663	146.434513381	-20.0337
1577261170.4	300	5.871796	0.0	155580	1515	449.059810725	-0.15000000000000002
1577261172.26	300	8.006359	0.0	139857	1738	762.487748754	0.3
1577261174.67	300	9.597444	0.0	155432	1880	649.309313726	0.3
1577261176.24	300	12.026017	0.0	163442	1437	689.575006958	0.3
1577261177.44	300	14.826585	0.0	126289	1065	868.226381439	0.3
1577261180.6	750	15.671499	0.0	352642	2924	739.697933673	0.3
1577261182.19	300	18.084549	0.0	173849	1443	961.658108621	-0.15000000000000002
1577261183.89	300	20.379582	0.0	150710	1575	903.329269101	0.3
1577261185.51	300	22.758822	0.0	139105	1454	765.760859101	0.3
1577261187.13	300	25.137392	0.0	141840	1485	765.004712055	0.3
1577261188.67	300	27.599864	0.0	156148	1405	778.798085493	0.3
1577261192.16	750	28.111371	0.0	386351	3350	896.230926172	0.3
1577261194.23	300	30.040308	0.0	179801	1913	861.640861386	-0.15000000000000002
1577261195.85	300	32.42054	0.0	140051	1481	753.313942828	0.3
1577261199.73	750	32.540441	0.0	366214	3740	763.969591999	0.3
1577261205.52	1200	30.747064	0.0	617242	5560	659.268253243	0.75
1577261208.86	750	31.405982	0.0	372963	3209	898.233719517	0.3
1577261212.61	750	31.660278	0.0	405596	3605	912.994968046	0.75
1577261218.47	1200	29.798307	0.0	586839	5732	840.589435064	0.75
1577261225.52	1200	26.747216	0.0	601738	6857	726.036519024	1.2
1577261229.78	750	26.490225	0.0	399894	4094	725.748116695	0.3
1577261231.34	300	28.930542	0.0	163927	1421	797.570723577	-0.15000000000000002
1577261232.77	300	31.501764	0.0	137654	1303	896.927631501	0.3
1577261234.48	300	33.791518	0.0	146754	1571	815.60737296	0.3
1577261236.27	300	36.002393	0.0	153938	1649	747.22563904	0.3
1577261246.01	1850	30.255773	0.0	1076599	9511	681.435355262	0.30000000000000004
1577261253.06	1850	27.208697	0.0	758197	6917	878.080722711	1.85
1577261263.26	1850	21.010012	0.0	972798	10048	775.506409254	1.85
1577261272.99	1850	15.275218	0.0	975811	9592	796.721341105	1.85
1577261281.72	1850	10.55077	0.0	873429	8586	813.822018904	1.85
1577261291.71	1850	4.554963	0.0	954453	9862	778.30003147	1.85
1577261295.02	750	5.246285	0.0	369834	3176	812.093711422	-0.3500000000000001
1577261298.58	750	5.693583	0.0	412837	3420	940.319718816	0.75
1577261301.97	750	6.304325	0.0	401088	3248	971.1453687	0.75
1577261306.58	750	5.691705	0.0	365161	4484	770.870909913	0.75
1577261308.12	300	8.145361	0.0	131610	1402	663.467047085	-0.15000000000000002
1577261311.76	750	8.505092	0.0	361565	3499	770.056078144	0.3
1577261315.57	750	8.693983	0.0	378327	3656	826.990041465	0.75
1577261319.39	750	8.878823	0.0	390680	3674	834.076646316	0.75
1577261320.88	300	11.386092	0.0	147968	1362	852.618270896	-0.15000000000000002
1577261322.55	300	13.714148	0.0	161857	1538	860.921840687	0.3
1577261324.27	300	15.995186	0.0	145210	1578	809.626087876	0.3
1577261326.28	300	17.990558	0.0	172312	1878	735.448293519	0.3
1577261328.64	300	19.632624	0.0	167025	2215	681.639970953	0.3
1577261331.14	300	21.133716	0.0	160064	2350	578.802599482	0.3
1577261338.01	750	18.256229	0.0	331053	6750	424.426614401	0.3
1577261340.93	750	19.337738	0.0	314107	2802	501.094003169	0.75
1577261343.53	750	18.421901	0.0	255954	2493	863.769041892	0.75

