1577261393.97	750	3.999708	4.77	181801	3777	147.205923588	-20.511
1577261396.11	300	5.853294	0.0	155580	1503	439.003413432	-0.15000000000000002
1577261398.13	300	7.829443	0.0	139857	1800	757.638235318	0.3
1577261400.33	300	9.630279	0.0	155432	1683	641.748082112	0.3
1577261401.86	300	12.107491	0.0	163442	1388	752.197182504	0.3
1577261403.06	300	14.907599	0.0	126289	1065	901.728791669	0.3
1577261406.22	750	15.742047	0.0	352642	2924	749.384125931	0.3
1577261407.82	300	18.141252	0.0	173849	1444	961.908672357	-0.15000000000000002
1577261409.53	300	20.430486	0.0	150710	1575	902.866544839	0.3
1577261411.12	300	22.839462	0.0	139105	1454	765.759880127	0.3
1577261412.74	300	25.218918	0.0	141840	1484	765.154377141	0.3
1577261414.22	300	27.743752	0.0	156148	1342	783.224290435	0.3
1577261417.71	750	28.255498	0.0	386351	3349	926.562783354	0.3
1577261419.77	300	30.197306	0.0	179801	1920	860.658136022	-0.15000000000000002
1577261421.39	300	32.578423	0.0	140051	1482	751.219514417	0.3
1577261427.57	1200	30.392067	0.0	587876	5954	606.082657033	0.29999999999999993
1577261432.94	1200	29.023262	0.0	617242	5239	845.585476761	1.2
1577261436.34	750	29.619879	0.0	372963	3263	927.64041873	0.3
1577261440.3	750	29.661587	0.0	405596	3831	874.801271888	0.75
1577261446.28	1200	27.682821	0.0	586839	5837	815.380303066	0.75
1577261451.21	750	26.748399	0.0	386472	4796	697.369116666	0.3
1577261453.32	300	28.646661	0.0	157812	1959	644.5852079	-0.15000000000000002
1577261454.89	300	31.074014	0.0	163927	1446	675.377037626	0.3
1577261456.21	300	33.753322	0.0	137654	1196	867.334787627	0.3
1577261457.61	300	36.357083	0.0	146754	1270	909.926986031	0.3
1577261459.36	300	38.603492	0.0	153938	1628	835.610058303	0.3
1577261466.34	1200	35.626585	0.0	696376	6836	782.602063137	0.29999999999999993
1577261472.97	1850	32.992285	0.0	758197	6397	700.845165597	1.2000000000000002
1577261482.97	1850	26.989499	0.0	972798	9872	804.665362605	1.85
1577261493.43	1850	20.538007	0.0	975811	10318	759.515171742	1.85
1577261501.75	1850	16.217296	0.0	873429	8188	805.763859737	1.85
1577261511.25	1850	10.715288	0.0	954453	9347	821.113716195	1.85
1577261520.02	1850	5.94716	0.0	885062	8629	818.822995147	1.85
1577261523.69	750	6.278572	0.0	412837	3498	852.868196323	-0.3500000000000001
1577261527.06	750	6.901479	0.0	401088	3248	954.892157074	0.75
1577261531.41	750	6.550853	0.0	365161	4210	805.044043234	0.75
1577261534.95	750	7.017174	0.0	321064	3406	709.282520826	0.75
1577261538.59	750	7.37226	0.0	361565	3505	772.745738855	0.75
1577261542.39	750	7.574724	0.0	378327	3643	826.756661483	0.75
1577261546.13	750	7.828458	0.0	390680	3607	840.382322833	0.75
1577261549.74	750	8.21866	0.0	345516	3475	827.269701843	0.75
1577261554.5	750	7.458827	0.0	384505	4617	710.699642395	0.75
1577261556.77	300	9.193194	0.0	145210	2118	620.670132743	-0.15000000000000002
1577261560.92	300	9.04617	0.0	172312	3999	425.594851483	0.3
1577261563.78	300	10.182291	0.0	167025	2701	376.01272572	0.3
1577261565.33	300	12.633674	0.0	160064	1420	538.69315887	0.3
1577261566.67	300	15.290238	0.0	137507	1227	842.928491909	0.3
1577261569.96	750	15.999685	0.0	314107	3161	843.893945966	0.3
1577261572.8	750	14.839412	0.0	255954	2732	773.67950099	0.75

