1575949407.51	750	4	1.183	2354772	1074	17540.2011173	-5.0869
1575949408.14	1850	8	0.0	957685	405	17896.941697	0.75
1575949408.63	1850	12	0.0	877771	387	17947.8566256	1.85
1575949409.8	4300	16.0	0.0	2160877	1059	17323.8858288	1.8499999999999996
1575949411.33	4300	20	0.0	2233056	1430	15371.8758692	4.3
1575949412.46	4300	24	0.0	1941625	1023	14869.4061766	4.3
1575949413.52	4300	28	0.0	2157535	965	15105.7662099	4.3
1575949414.53	4300	32	0.0	2290172	910	15575.3608198	4.3
1575949415.36	4300	36	0.0	2055469	722	16149.9925004	4.3
1575949416.21	4300	40	0.0	2169201	754	18936.1510132	4.3
1575949417.11	4300	44	0.0	2173522	787	20769.7226585	4.3
1575949418.1	4300	48	0.0	2102452	891	21113.8684812	4.3
1575949419.15	4300	52	0.0	2209463	938	20765.3988048	4.3
1575949420.03	4300	56	0.0	2275376	773	20904.8810409	4.3
