1575949200.87	750	4	1.19	2354772	1088	17314.5	-5.117
1575949201.49	1850	8	0.0	957685	407	17700.9959424	0.75
1575949201.98	1850	12	0.0	877771	387	17790.5408973	1.85
1575949203.15	4300	16.0	0.0	2160877	1058	17239.5320153	1.8499999999999996
1575949204.68	4300	20	0.0	2233056	1431	15327.9145268	4.3
1575949205.81	4300	24	0.0	1941625	1023	14863.495752	4.3
1575949206.87	4300	28	0.0	2157535	967	15099.7120756	4.3
1575949207.92	4300	32	0.0	2290172	940	15520.2124994	4.3
1575949208.72	4300	36	0.0	2055469	704	16102.5757119	4.3
1575949209.6	4300	40	0.0	2169201	775	18799.3659349	4.3
1575949210.5	4300	44	0.0	2173522	795	20545.1915558	4.3
1575949211.5	4300	48	0.0	2102452	885	20924.6888268	4.3
1575949212.55	4300	52	0.0	2209463	954	20652.2725129	4.3
1575949213.43	4300	56	0.0	2275376	781	20688.9508326	4.3
