1575949097.53	750	4	1.198	2354772	1091	17266.8890926	-5.1514
1575949098.15	1850	8	0.0	957685	391	17825.5662456	0.75
1575949098.63	1850	12	0.0	877771	385	17909.3595208	1.85
1575949099.81	4300	16.0	0.0	2160877	1055	17327.6520671	1.8499999999999996
1575949101.37	4300	20	0.0	2233056	1443	15305.5612621	4.3
1575949102.5	4300	24	0.0	1941625	1019	14862.1460023	4.3
1575949103.56	4300	28	0.0	2157535	955	15096.0554468	4.3
1575949104.6	4300	32	0.0	2290172	930	15530.1878956	4.3
1575949105.41	4300	36	0.0	2055469	709	16100.7122359	4.3
1575949106.3	4300	40	0.0	2169201	776	18904.6218304	4.3
1575949107.21	4300	44	0.0	2173522	809	20590.6529496	4.3
1575949108.22	4300	48	0.0	2102452	908	20749.7795646	4.3
1575949109.27	4300	52	0.0	2209463	945	20484.0465913	4.3
1575949110.17	4300	56	0.0	2275376	792	20500.1587034	4.3
