1575949304.99	750	4	2.01	2354772	1884	9999.03184713	-8.643
1575949305.9	1850	8	0.0	957685	687	10283.1324596	0.75
1575949306.64	1850	12	0.0	877771	622	10464.8807017	1.85
1575949307.42	1850	16.0	0.0	933276	687	10534.0384359	1.85
1575949309.03	4300	20	0.0	2233056	1503	10879.5268173	1.8499999999999996
1575949310.36	4300	24	0.0	1941625	1232	11708.0661752	4.3
1575949311.75	4300	28	0.0	2157535	1292	12149.6712475	4.3
1575949313.18	4300	32	0.0	2290172	1330	12574.8321759	4.3
1575949314.43	4300	36	0.0	2055469	1147	13075.0698958	4.3
1575949315.76	4300	40	0.0	2169201	1224	13612.0714039	4.3
1575949317.01	4300	44	0.0	2173522	1127	14145.5746044	4.3
1575949318.19	4300	48	0.0	2102452	1083	14571.0914184	4.3
1575949319.46	4300	52	0.0	2209463	1161	14899.7254251	4.3
1575949320.68	4300	56	0.0	2275376	1122	15264.5613596	4.3
