1575948788.22	750	4	1.98	2354772	1866	10095.4855305	-8.514
1575948789.11	1850	8	0.0	957685	673	10407.7517597	0.75
1575948789.83	1850	12	0.0	877771	618	10581.8469356	1.85
1575948790.61	1850	16.0	0.0	933276	674	10665.8013898	1.85
1575948792.21	4300	20	0.0	2233056	1486	11012.983267	1.8499999999999996
1575948793.53	4300	24	0.0	1941625	1222	11857.5491419	4.3
1575948794.91	4300	28	0.0	2157535	1278	12285.7335249	4.3
1575948796.34	4300	32	0.0	2290172	1324	12707.7182207	4.3
1575948797.59	4300	36	0.0	2055469	1149	13172.5859311	4.3
1575948798.92	4300	40	0.0	2169201	1217	13692.3962812	4.3
1575948800.14	4300	44	0.0	2173522	1118	14225.5071164	4.3
1575948801.3	4300	48	0.0	2102452	1057	14676.3809265	4.3
1575948802.54	4300	52	0.0	2209463	1138	15055.3021393	4.3
1575948803.76	4300	56	0.0	2275376	1126	15429.2936868	4.3
