1575948890.82	750	4	1.214	2354772	1105	17048.1230769	-5.2202
1575948891.46	1850	8	0.0	957685	411	17452.447112	0.75
1575948891.94	1850	12	0.0	877771	382	17632.0170896	1.85
1575948893.12	4300	16.0	0.0	2160877	1066	17095.4230948	1.8499999999999996
1575948894.66	4300	20	0.0	2233056	1423	15300.1404869	4.3
1575948895.78	4300	24	0.0	1941625	1015	14907.8298305	4.3
1575948896.83	4300	28	0.0	2157535	949	15186.8581636	4.3
1575948897.86	4300	32	0.0	2290172	929	15613.9134069	4.3
1575948898.69	4300	36	0.0	2055469	713	16229.200399	4.3
1575948899.56	4300	40	0.0	2169201	772	18963.2646714	4.3
1575948900.48	4300	44	0.0	2173522	810	20630.3262482	4.3
1575948901.49	4300	48	0.0	2102452	901	20795.2600696	4.3
1575948902.54	4300	52	0.0	2209463	947	20510.5464347	4.3
1575948903.43	4300	56	0.0	2275376	790	20548.9238251	4.3
