1575948684.11	750	4	1.192	2354772	1087	17330.4287029	-5.1255999999999995
1575948684.74	1850	8	0.0	957685	404	17744.6122229	0.75
1575948685.22	1850	12	0.0	877771	385	17843.9524502	1.85
1575948686.39	4300	16.0	0.0	2160877	1058	17270.4681747	1.8499999999999996
1575948687.93	4300	20	0.0	2233056	1431	15342.0000503	4.3
1575948689.06	4300	24	0.0	1941625	1023	14873.8296371	4.3
1575948690.13	4300	28	0.0	2157535	962	15114.511578	4.3
1575948691.16	4300	32	0.0	2290172	926	15554.208655	4.3
1575948691.97	4300	36	0.0	2055469	718	16126.3617697	4.3
1575948692.84	4300	40	0.0	2169201	771	18851.8508305	4.3
1575948693.75	4300	44	0.0	2173522	796	20611.0969259	4.3
1575948694.74	4300	48	0.0	2102452	885	20960.7408322	4.3
1575948695.79	4300	52	0.0	2209463	955	20603.504451	4.3
1575948696.68	4300	56	0.0	2275376	781	20695.1035503	4.3
