1575949510.82	750	4	1.192	2354772	1087	17330.4287029	-5.1255999999999995
1575949511.44	1850	8	0.0	957685	391	17876.8952299	0.75
1575949511.93	1850	12	0.0	877771	384	17959.937819	1.85
1575949513.1	4300	16.0	0.0	2160877	1059	17330.2335962	1.8499999999999996
1575949514.63	4300	20	0.0	2233056	1429	15378.8007142	4.3
1575949515.76	4300	24	0.0	1941625	1023	14907.3379002	4.3
1575949516.82	4300	28	0.0	2157535	968	15109.861328	4.3
1575949517.88	4300	32	0.0	2290172	951	15505.1017807	4.3
1575949518.68	4300	36	0.0	2055469	689	16104.263214	4.3
1575949519.55	4300	40	0.0	2169201	772	18797.0806292	4.3
1575949520.45	4300	44	0.0	2173522	793	20553.6869646	4.3
1575949521.44	4300	48	0.0	2102452	885	20941.3305454	4.3
1575949522.5	4300	52	0.0	2209463	952	20743.5016636	4.3
1575949523.38	4300	56	0.0	2275376	780	20726.3589837	4.3
