1575948993.23	750	4	0.272	450283	173	20822.3352601	-1.1696
1575948993.96	1850	8	0.0	957685	511	16135.6129924	0.75
1575948994.43	1850	12	0.0	877771	368	17056.9009537	1.85
1575948995.6	4300	16.0	0.0	2160877	964	17464.7076498	1.8499999999999996
1575948996.85	4300	20	0.0	2233056	1144	16746.8643174	4.3
1575948998.26	4300	24	0.0	1941625	1306	14793.7097542	4.3
1575948999.47	4300	28	0.0	2157535	1102	14960.169576	4.3
1575949000.48	4300	32	0.0	2290172	912	15395.1252332	4.3
1575949001.44	4300	36	0.0	2055469	852	15500.0366369	4.3
1575949002.32	4300	40	0.0	2169201	779	16250.0044686	4.3
1575949003.18	4300	44	0.0	2173522	753	19333.6975333	4.3
1575949004.14	4300	48	0.0	2102452	842	20765.6708581	4.3
1575949005.17	4300	52	0.0	2209463	924	20526.6735207	4.3
1575949006.19	4300	56	0.0	2275376	909	20680.957852	4.3
