1575948579.82	750	4	0.269	450283	172	20943.3953488	-1.1567
1575948580.54	1850	8	0.0	957685	509	16203.2273343	0.75
1575948581.0	1850	12	0.0	877771	363	17172.9219266	1.85
1575948582.16	4300	16.0	0.0	2160877	958	17579.4194844	1.8499999999999996
1575948583.41	4300	20	0.0	2233056	1149	16779.9001082	4.3
1575948584.88	4300	24	0.0	1941625	1287	14905.2923928	4.3
1575948586.08	4300	28	0.0	2157535	1103	15052.1684502	4.3
1575948587.09	4300	32	0.0	2290172	907	15483.6462683	4.3
1575948588.06	4300	36	0.0	2055469	861	15562.7833047	4.3
1575948588.93	4300	40	0.0	2169201	770	16357.3864728	4.3
1575948589.78	4300	44	0.0	2173522	749	19347.8583982	4.3
1575948590.72	4300	48	0.0	2102452	842	20794.3589277	4.3
1575948591.75	4300	52	0.0	2209463	925	20522.666404	4.3
1575948592.76	4300	56	0.0	2275376	908	20733.6607364	4.3
