1576490051.24	750	4	3.29	2354772	3139	2320.01386764	-14.147
1576490054.29	4300	8	0.0	2123065	2904	5888.561765	0.75
1576490056.87	4300	12	0.0	2177073	2419	6104.30078878	4.3
1576490060.07	4300	16.0	0.0	2160877	3037	6439.60580143	4.3
1576490062.69	4300	20	0.0	2233056	2478	5986.03160711	4.3
1576490064.81	4300	24	0.0	1941625	1978	7299.24796115	4.3
1576490078.58	4300	28	0.0	2157535	13638	1277.67294256	4.3
1576490082.61	4300	32	0.0	2290172	3891	2250.94717388	4.3
1576490089.28	4300	36	0.0	2055469	6512	3010.12095527	4.3
1576490092.12	4300	40	0.0	2169201	2705	3337.93804637	4.3
1576490097.13	4300	44	0.0	2173522	4851	4507.37095904	4.3
1576490099.36	4300	48	0.0	2102452	2100	4320.7167	4.3
1576490101.8	4300	52	0.0	2209463	2289	7891.32091295	4.3
1576490105.26	4300	56	0.0	2275376	3299	6546.3080213	4.3
