1576489468.1	750	4	3.271	2354772	3128	2245.38096132	-14.065299999999999
1576489471.15	4300	8	0.0	2123065	2893	5910.7055224	0.75
1576489473.72	4300	12	0.0	2177073	2419	6122.33665075	4.3
1576489476.88	4300	16.0	0.0	2160877	2998	6483.37807926	4.3
1576489479.51	4300	20	0.0	2233056	2491	6040.0497289	4.3
1576489481.62	4300	24	0.0	1941625	1972	7272.09474926	4.3
1576489495.22	4300	28	0.0	2157535	13456	1577.11650359	4.3
1576489499.15	4300	32	0.0	2290172	3789	2992.91453253	4.3
1576489505.97	4300	36	0.0	2055469	6689	2965.14080159	4.3
1576489508.78	4300	40	0.0	2169201	2673	3292.26641459	4.3
1576489513.76	4300	44	0.0	2173522	4788	4577.87129388	4.3
1576489516.31	4300	48	0.0	2102452	2383	4270.8884131	4.3
1576489518.75	4300	52	0.0	2209463	2290	7261.30217603	4.3
1576489522.1	4300	56	0.0	2275376	3165	6698.20265796	4.3
