1576489634.65	750	4	3.274	2354772	3120	2324.20008936	-14.078199999999999
1576489637.69	4300	8	0.0	2123065	2894	5955.47032573	0.75
1576489640.26	4300	12	0.0	2177073	2411	6124.46304462	4.3
1576489643.44	4300	16.0	0.0	2160877	3005	6487.42660232	4.3
1576489646.09	4300	20	0.0	2233056	2475	6036.59840873	4.3
1576489648.2	4300	24	0.0	1941625	1983	7304.04886717	4.3
1576489661.94	4300	28	0.0	2157535	13609	1551.20867512	4.3
1576489665.93	4300	32	0.0	2290172	3857	2257.41852904	4.3
1576489672.58	4300	36	0.0	2055469	6501	3023.91896347	4.3
1576489675.4	4300	40	0.0	2169201	2677	3347.74196953	4.3
1576489680.35	4300	44	0.0	2173522	4810	4558.73736748	4.3
1576489682.94	4300	48	0.0	2102452	2449	4236.96235915	4.3
1576489685.36	4300	52	0.0	2209463	2281	7012.7065366	4.3
1576489688.7	4300	56	0.0	2275376	3211	6659.53905682	4.3
