1576489551.33	750	4	3.268	2354772	3123	2291.52363659	-14.0524
1576489554.38	4300	8	0.0	2123065	2906	5940.41547625	0.75
1576489556.95	4300	12	0.0	2177073	2411	6104.80932173	4.3
1576489560.11	4300	16.0	0.0	2160877	2988	6506.63744566	4.3
1576489562.75	4300	20	0.0	2233056	2490	6056.09146166	4.3
1576489564.9	4300	24	0.0	1941625	1999	7340.41946205	4.3
1576489578.49	4300	28	0.0	2157535	13461	1571.5770272	4.3
1576489582.45	4300	32	0.0	2290172	3795	2275.77529237	4.3
1576489588.81	4300	36	0.0	2055469	6223	3161.31684172	4.3
1576489591.42	4300	40	0.0	2169201	2455	3490.52880019	4.3
1576489596.44	4300	44	0.0	2173522	4885	4694.58759894	4.3
1576489598.92	4300	48	0.0	2102452	2184	4273.60909203	4.3
1576489601.37	4300	52	0.0	2209463	2297	7670.23935434	4.3
1576489604.81	4300	56	0.0	2275376	3302	6530.37900756	4.3
