1576490134.55	750	4	3.275	2354772	3138	2300.10651203	-14.0825
1576490137.6	4300	8	0.0	2123065	2906	5925.68192421	0.75
1576490140.2	4300	12	0.0	2177073	2434	6094.03206032	4.3
1576490143.35	4300	16.0	0.0	2160877	3004	6454.45576759	4.3
1576490146.0	4300	20	0.0	2233056	2476	6037.63549675	4.3
1576490148.12	4300	24	0.0	1941625	1980	7305.50000621	4.3
1576490161.7	4300	28	0.0	2157535	13446	1577.28462619	4.3
1576490165.67	4300	32	0.0	2290172	3794	2276.94035166	4.3
1576490172.04	4300	36	0.0	2055469	6223	3161.61898464	4.3
1576490174.64	4300	40	0.0	2169201	2455	3490.52880068	4.3
1576490179.66	4300	44	0.0	2173522	4885	4694.58759894	4.3
1576490182.14	4300	48	0.0	2102452	2182	4274.23103791	4.3
1576490184.59	4300	52	0.0	2209463	2312	7666.80525574	4.3
1576490188.05	4300	56	0.0	2275376	3322	6484.73009673	4.3
