1576489967.9	750	4	3.29	2354772	3123	2406.51671007	-14.147
1576489970.93	4300	8	0.0	2123065	2893	5953.50664443	0.75
1576489973.5	4300	12	0.0	2177073	2411	6126.10235044	4.3
1576489976.67	4300	16.0	0.0	2160877	3006	6118.0583998	4.3
1576489979.33	4300	20	0.0	2233056	2476	6034.35196087	4.3
1576489981.42	4300	24	0.0	1941625	1966	7311.44523534	4.3
1576489995.03	4300	28	0.0	2157535	13470	1575.96167248	4.3
1576489998.99	4300	32	0.0	2290172	3794	2275.2939534	4.3
1576490005.85	4300	36	0.0	2055469	6708	2956.08311193	4.3
1576490008.69	4300	40	0.0	2169201	2705	3279.57150292	4.3
1576490013.68	4300	44	0.0	2173522	4815	3914.28589505	4.3
1576490015.91	4300	48	0.0	2102452	2101	4342.6965377	4.3
1576490018.34	4300	52	0.0	2209463	2286	7893.34327736	4.3
1576490021.74	4300	56	0.0	2275376	3255	6601.0222338	4.3
