1576489884.58	750	4	3.27	2354772	3123	2315.38217531	-14.061
1576489887.62	4300	8	0.0	2123065	2904	5942.42722135	0.75
1576489890.19	4300	12	0.0	2177073	2412	6107.60469986	4.3
1576489893.39	4300	16.0	0.0	2160877	3027	6461.17822331	4.3
1576489896.02	4300	20	0.0	2233056	2476	6002.3737508	4.3
1576489898.14	4300	24	0.0	1941625	1983	7303.50179473	4.3
1576489911.91	4300	28	0.0	2157535	13629	1548.12303134	4.3
1576489915.95	4300	32	0.0	2290172	3893	2251.27690523	4.3
1576489922.62	4300	36	0.0	2055469	6530	3002.15213176	4.3
1576489925.47	4300	40	0.0	2169201	2711	3331.06166744	4.3
1576489930.44	4300	44	0.0	2173522	4835	4514.12335354	4.3
1576489933.06	4300	48	0.0	2102452	2479	4212.64606608	4.3
1576489935.46	4300	52	0.0	2209463	2258	6958.0010337	4.3
1576489938.77	4300	56	0.0	2275376	3091	6838.36394648	4.3
