1576490217.89	750	4	3.298	2354772	3120	2450.3852035	-14.1814
1576490220.93	4300	8	0.0	2123065	2893	5956.4792704	0.75
1576490223.52	4300	12	0.0	2177073	2433	6115.78299313	4.3
1576490226.65	4300	16.0	0.0	2160877	2982	6480.63789373	4.3
1576490229.29	4300	20	0.0	2233056	2491	6064.73426069	4.3
1576490231.41	4300	24	0.0	1941625	1990	7261.97673977	4.3
1576490245.0	4300	28	0.0	2157535	13458	1573.61896039	4.3
1576490248.93	4300	32	0.0	2290172	3788	2276.92897073	4.3
1576490255.62	4300	36	0.0	2055469	6546	3024.31551435	4.3
1576490258.43	4300	40	0.0	2169201	2643	3341.73216598	4.3
1576490263.39	4300	44	0.0	2173522	4798	4594.93670881	4.3
1576490265.98	4300	48	0.0	2102452	2454	4242.73280364	4.3
1576490268.41	4300	52	0.0	2209463	2290	6996.56017092	4.3
1576490271.82	4300	56	0.0	2275376	3255	6594.65563047	4.3
