1576489801.29	750	4	3.281	2354772	3118	2337.0869017	-14.1083
1576489804.32	4300	8	0.0	2123065	2894	5957.45479573	0.75
1576489806.9	4300	12	0.0	2177073	2419	6120.71114115	4.3
1576489809.81	4300	16.0	0.0	2160877	2743	6778.52931779	4.3
1576489812.52	4300	20	0.0	2233056	2527	6454.01545722	4.3
1576489814.68	4300	24	0.0	1941625	2010	7170.48357321	4.3
1576489828.21	4300	28	0.0	2157535	13394	1580.28850605	4.3
1576489831.87	4300	32	0.0	2290172	3519	2318.25032903	4.3
1576489839.11	4300	36	0.0	2055469	7054	2894.58038084	4.3
1576489841.94	4300	40	0.0	2169201	2680	3189.84827035	4.3
1576489846.88	4300	44	0.0	2173522	4799	4564.29672503	4.3
1576489849.39	4300	48	0.0	2102452	2371	4267.84305438	4.3
1576489851.83	4300	52	0.0	2209463	2291	7189.02636189	4.3
1576489855.23	4300	56	0.0	2275376	3246	6603.33173216	4.3
