1576489717.97	750	4	3.29	2354772	3123	2420.59723572	-14.147
1576489721.01	4300	8	0.0	2123065	2896	5950.48249367	0.75
1576489723.57	4300	12	0.0	2177073	2410	6121.641075	4.3
1576489726.73	4300	16.0	0.0	2160877	2987	6509.27283461	4.3
1576489729.36	4300	20	0.0	2233056	2491	6056.94929778	4.3
1576489731.47	4300	24	0.0	1941625	1972	7272.24795471	4.3
1576489745.08	4300	28	0.0	2157535	13478	1573.62309297	4.3
1576489749.02	4300	32	0.0	2290172	3783	2276.23510599	4.3
1576489755.41	4300	36	0.0	2055469	6250	3152.98188885	4.3
1576489758.04	4300	40	0.0	2169201	2456	4168.18003255	4.3
1576489763.12	4300	44	0.0	2173522	4876	4700.45795636	4.3
1576489765.51	4300	48	0.0	2102452	2158	4287.17864272	4.3
1576489767.95	4300	52	0.0	2209463	2288	7754.8868608	4.3
1576489771.43	4300	56	0.0	2275376	3326	6517.45543667	4.3
