1575959011.04	750	4	3.595	2354772	3455	2688.79007413	-15.4585
1575959011.77	750	8	0.0	398865	478	4367.0625882	0.75
1575959013.39	1850	12	0.0	877771	1423	3887.49365114	0.75
1575959014.58	1850	16.0	0.0	933276	1041	5125.86625591	1.85
1575959015.83	1850	20	0.0	996749	1150	6538.49597752	1.85
1575959017.04	1850	24	0.0	801058	1100	6689.16041135	1.85
1575959018.22	1850	28	0.0	905515	1068	6067.0960613	1.85
1575959021.1	4300	32	0.0	2290172	2752	6723.37748748	1.8499999999999996
1575959023.36	4300	36	0.0	2055469	2161	6820.29509497	4.3
1575959036.7	4300	40	0.0	2169201	13234	1607.2690891	4.3
1575959040.39	4300	44	0.0	2173522	3570	2258.26087681	4.3
1575959048.04	4300	48	0.0	2102452	7506	2705.06873721	4.3
1575959050.58	4300	52	0.0	2209463	2432	3969.63065235	4.3
1575959055.64	4300	56	0.0	2275376	4929	4837.69874798	4.3
