1575959429.04	750	4	4.906	2354772	4732	2158.24729942	-21.0958
1575959429.97	750	8	0.0	398865	710	2880.1646725	0.75
1575959431.44	1850	12	0.0	877771	1256	3039.14478766	0.75
1575959432.85	1850	16.0	0.0	933276	1277	5184.25458108	1.85
1575959434.43	1850	20	0.0	996749	1478	5695.46201994	1.85
1575959435.56	1850	24	0.0	801058	1028	5533.60805779	1.85
1575959436.96	1850	28	0.0	905515	1304	5981.78241458	1.85
1575959439.89	4300	32	0.0	2290172	2811	5774.62291052	1.8499999999999996
1575959453.43	4300	36	0.0	2055469	13426	1462.7217024	4.3
1575959457.0	4300	40	0.0	2169201	3453	2207.58032252	4.3
1575959464.87	4300	44	0.0	2173522	7691	2728.50196875	4.3
1575959467.31	4300	48	0.0	2102452	2338	3165.45545732	4.3
1575959472.31	4300	52	0.0	2209463	4897	4765.7417828	4.3
1575959475.0	4300	56	0.0	2275376	2562	4305.36229445	4.3
