1575959262.47	750	4	4.928	2354772	4753	2165.13649997	-21.190399999999997
1575959263.39	750	8	0.0	398865	690	3228.39850501	0.75
1575959264.87	1850	12	0.0	877771	1272	3226.45426053	0.75
1575959266.26	1850	16.0	0.0	933276	1284	5153.28304066	1.85
1575959267.84	1850	20	0.0	996749	1467	5672.9184506	1.85
1575959268.98	1850	24	0.0	801058	1029	5556.70830504	1.85
1575959270.38	1850	28	0.0	905515	1280	5995.85482173	1.85
1575959273.31	4300	32	0.0	2290172	2822	5849.5815084	1.8499999999999996
1575959286.77	4300	36	0.0	2055469	13355	1471.7100903	4.3
1575959290.38	4300	40	0.0	2169201	3503	2205.79075428	4.3
1575959298.18	4300	44	0.0	2173522	7685	2718.46665272	4.3
1575959300.62	4300	48	0.0	2102452	2329	3168.83542402	4.3
1575959305.6	4300	52	0.0	2209463	4880	4787.79701381	4.3
1575959308.38	4300	56	0.0	2275376	2646	4289.4519225	4.3
