1575958845.86	750	4	4.93	2354772	4758	2126.28470457	-21.199
1575958846.78	750	8	0.0	398865	690	3340.42711308	0.75
1575958848.24	1850	12	0.0	877771	1258	3315.20068547	0.75
1575958849.63	1850	16.0	0.0	933276	1270	5208.96390046	1.85
1575958851.22	1850	20	0.0	996749	1478	5720.94220977	1.85
1575958852.37	1850	24	0.0	801058	1039	5534.32419715	1.85
1575958853.76	1850	28	0.0	905515	1277	5955.27791656	1.85
1575958856.68	4300	32	0.0	2290172	2803	6012.0494166	1.8499999999999996
1575958870.11	4300	36	0.0	2055469	13309	1480.37083504	4.3
1575958873.76	4300	40	0.0	2169201	3512	2207.74145228	4.3
1575958881.55	4300	44	0.0	2173522	7666	2722.96625948	4.3
1575958883.97	4300	48	0.0	2102452	2326	3914.57439144	4.3
1575958888.92	4300	52	0.0	2209463	4835	4825.70857453	4.3
1575958891.73	4300	56	0.0	2275376	2709	4296.73379775	4.3
