1575959094.38	750	4	3.594	2354772	3455	2696.33582937	-15.454199999999998
1575959095.12	750	8	0.0	398865	478	4227.48201679	0.75
1575959096.73	1850	12	0.0	877771	1422	3879.82734557	0.75
1575959097.88	1850	16.0	0.0	933276	1045	4923.37730414	1.85
1575959099.14	1850	20	0.0	996749	1161	6517.67204774	1.85
1575959100.37	1850	24	0.0	801058	1138	6586.94976297	1.85
1575959101.56	1850	28	0.0	905515	1060	5924.49356762	1.85
1575959104.44	4300	32	0.0	2290172	2742	6757.32062163	1.8499999999999996
1575959106.71	4300	36	0.0	2055469	2163	6839.40832298	4.3
1575959120.03	4300	40	0.0	2169201	13216	1609.87223804	4.3
1575959123.71	4300	44	0.0	2173522	3577	2258.61468172	4.3
1575959131.34	4300	48	0.0	2102452	7521	2698.10284507	4.3
1575959133.87	4300	52	0.0	2209463	2426	3193.63181371	4.3
1575959138.87	4300	56	0.0	2275376	4867	4891.81693414	4.3
