1575959179.2	750	4	4.929	2354772	4757	2066.9280501	-21.1947
1575959180.12	750	8	0.0	398865	689	3186.97013173	0.75
1575959181.56	1850	12	0.0	877771	1255	3234.53627025	0.75
1575959182.97	1850	16.0	0.0	933276	1278	5199.45397369	1.85
1575959184.54	1850	20	0.0	996749	1467	5698.84275109	1.85
1575959185.69	1850	24	0.0	801058	1024	5564.85116213	1.85
1575959187.09	1850	28	0.0	905515	1277	6017.75345122	1.85
1575959189.99	4300	32	0.0	2290172	2796	5873.0202132	1.8499999999999996
1575959203.48	4300	36	0.0	2055469	13384	1470.29828465	4.3
1575959207.09	4300	40	0.0	2169201	3502	2203.95318895	4.3
1575959214.89	4300	44	0.0	2173522	7684	2719.05622042	4.3
1575959217.33	4300	48	0.0	2102452	2329	3169.07607396	4.3
1575959222.32	4300	52	0.0	2209463	4882	4786.25491165	4.3
1575959225.09	4300	56	0.0	2275376	2651	4286.73150119	4.3
