1575958675.67	750	4	1.412	1034108	1189	2680.54799783	-6.071599999999999
1575958676.34	750	8	0.0	398865	427	4423.4663508	0.75
1575958677.93	1850	12	0.0	877771	1462	6129.93624168	0.75
1575958679.28	1850	16.0	0.0	933276	1233	5211.88754732	1.85
1575958680.79	1850	20	0.0	996749	1407	5865.32170654	1.85
1575958681.78	1850	24	0.0	801058	886	5837.17854924	1.85
1575958682.89	1850	28	0.0	905515	1014	6676.7456434	1.85
1575958685.99	4300	32	0.0	2290172	2892	5016.64939106	1.8499999999999996
1575958688.5	4300	36	0.0	2055469	2404	6428.880057	4.3
1575958690.86	4300	40	0.0	2169201	2253	6990.26618506	4.3
1575958704.33	4300	44	0.0	2173522	13371	1591.93058424	4.3
1575958707.53	4300	48	0.0	2102452	3096	2272.68364601	4.3
1575958715.01	4300	52	0.0	2209463	7375	2949.12362262	4.3
1575958717.61	4300	56	0.0	2275376	2501	3347.7587963	4.3
