1575958927.75	750	4	3.624	2354772	3489	3753.61459863	-15.5832
1575958928.48	750	8	0.0	398865	479	4096.68112834	0.75
1575958930.13	1850	12	0.0	877771	1409	3842.57427987	0.75
1575958931.27	1850	16.0	0.0	933276	1031	4976.94964247	1.85
1575958932.55	1850	20	0.0	996749	1145	6590.09306688	1.85
1575958933.78	1850	24	0.0	801058	1125	6678.85724049	1.85
1575958934.96	1850	28	0.0	905515	1068	5967.91741218	1.85
1575958937.85	4300	32	0.0	2290172	2771	6659.13940973	1.8499999999999996
1575958940.11	4300	36	0.0	2055469	2148	6789.35224771	4.3
1575958953.43	4300	40	0.0	2169201	13218	1612.04997891	4.3
1575958957.08	4300	44	0.0	2173522	3515	2266.96187217	4.3
1575958964.71	4300	48	0.0	2102452	7508	2717.81028977	4.3
1575958967.29	4300	52	0.0	2209463	2434	3195.05007793	4.3
1575958972.39	4300	56	0.0	2275376	4982	4795.01703942	4.3
