1575959345.75	750	4	4.922	2354772	4770	2967.25891877	-21.1646
1575959346.68	750	8	0.0	398865	673	3132.00381653	0.75
1575959348.14	1850	12	0.0	877771	1266	3201.88185435	0.75
1575959349.52	1850	16.0	0.0	933276	1283	5164.56318744	1.85
1575959351.11	1850	20	0.0	996749	1478	5672.63750923	1.85
1575959352.24	1850	24	0.0	801058	1032	5585.20124698	1.85
1575959353.63	1850	28	0.0	905515	1280	5977.24171612	1.85
1575959356.55	4300	32	0.0	2290172	2814	5852.60590818	1.8499999999999996
1575959370.16	4300	36	0.0	2055469	13486	1453.93018779	4.3
1575959373.71	4300	40	0.0	2169201	3430	2206.5747505	4.3
1575959381.54	4300	44	0.0	2173522	7699	2731.37537308	4.3
1575959383.99	4300	48	0.0	2102452	2345	3162.03226668	4.3
1575959389.0	4300	52	0.0	2209463	4908	4750.41055879	4.3
1575959391.67	4300	56	0.0	2275376	2561	4299.19131536	4.3
