1575958760.89	750	4	3.351	2354772	3126	2725.96963528	-14.4093
1575958761.61	750	8	0.0	398865	465	3869.02516991	0.75
1575958763.25	1850	12	0.0	877771	1427	3740.79814117	0.75
1575958764.44	1850	16.0	0.0	933276	1063	4886.99586962	1.85
1575958765.67	1850	20	0.0	996749	1134	6461.09341467	1.85
1575958766.67	1850	24	0.0	801058	881	6853.48364058	1.85
1575958768.0	1850	28	0.0	905515	1229	6922.2580138	1.85
1575958770.84	4300	32	0.0	2290172	2728	6111.30208846	1.8499999999999996
1575958773.16	4300	36	0.0	2055469	2215	6837.92352691	4.3
1575958785.68	4300	40	0.0	2169201	12406	1741.65302227	4.3
1575958789.77	4300	44	0.0	2173522	3993	2263.29009969	4.3
1575958797.39	4300	48	0.0	2102452	7500	2615.97654393	4.3
1575958799.77	4300	52	0.0	2209463	2262	3234.23034336	4.3
1575958802.93	4300	56	0.0	2275376	3049	6881.79494	4.3
