1573225162.43	750	4	2.481	2354772	2377	7925.18973496	-10.668299999999999
1573225165.97	4300	8	0.0	2123065	3383	5915.21336495	0.75
1573225175.06	4300	12	0.0	2177073	8946	2640.75656407	4.3
1573225178.25	4300	16.0	0.0	2160877	3042	2907.52533847	4.3
1573225181.37	4300	20	0.0	2233056	2974	3140.04933961	4.3
1573225184.21	4300	24	0.0	1941625	2703	3109.14970956	4.3
1573225186.94	4300	28	0.0	2157535	2585	3123.54880581	4.3
1573225189.86	4300	32	0.0	2290172	2779	6098.03341861	4.3
1573225193.04	4300	36	0.0	2055469	3027	6034.27690882	4.3
1573225197.85	4300	40	0.0	2169201	4680	5091.05992661	4.3
1573225203.29	4300	44	0.0	2173522	5266	4342.36822123	4.3
1573225206.49	4300	48	0.0	2102452	3053	4283.76566316	4.3
1573225211.08	4300	52	0.0	2209463	4456	4022.66079835	4.3
