0.513	0.6783625730994152
1.026	0.6549707602339182
1.538	0.65625
2.051	0.654970760233918
2.564	0.6549707602339183
3.076	0.65625
3.589	0.6549707602339183
4.102	0.6549707602339178
4.614	0.6562500000000006
5.116	0.6932270916334664
5.62	0.8333333333333326
6.124	0.833333333333334
6.628	0.8333333333333326
7.132	0.833333333333334
7.636	0.8333333333333326
8.14	0.8333333333333326
8.644	0.833333333333334
9.148	0.833333333333334
9.652	0.833333333333334
10.155	0.8349900596421469
10.661	0.8537549407114621
11.166	0.8554455445544541
11.672	0.8537549407114621
12.177	0.8554455445544571
12.683	0.8537549407114621
13.188	0.8554455445544541
13.694	0.8537549407114621
14.2	0.8537549407114651
14.705	0.8554455445544541
15.209	0.9047619047619055
15.713	0.976190476190477
16.217	0.976190476190477
16.72	0.9781312127236578
17.224	0.9761904761904736
17.727	0.9781312127236578
18.231	0.9761904761904736
18.735	0.9761904761904805
19.238	0.9781312127236578
19.742	0.9761904761904736
20.253	0.9863013698630152
20.759	0.9960474308300391
21.264	0.9980198019802
21.77	0.9960474308300391
22.275	0.9980198019802
22.781	0.9960474308300391
23.286	0.998019801980193
23.792	0.9960474308300391
24.297	0.9980198019802
24.802	0.9980198019802
25.303	0.8622754491017943
25.819	0.7906976744186073
26.334	0.7922330097087369
26.849	0.7922330097087369
27.364	0.7922330097087369
27.879	0.7922330097087369
28.394	0.7922330097087424
28.909	0.7922330097087369
29.424	0.7922330097087369
29.939	0.7922330097087369
30.44	0.9341317365269439
30.942	0.9561752988047829
31.443	0.958083832335327
31.945	0.9561752988047829
32.447	0.9561752988047761
32.949	0.9561752988047897
33.451	0.9561752988047761
33.953	0.9561752988047761
34.455	0.9561752988047897
34.957	0.9561752988047761
35.463	0.7826086956521736
35.972	0.777996070726915
36.482	0.7764705882352971
36.991	0.777996070726915
37.5	0.777996070726915
38.009	0.777996070726915
38.518	0.777996070726915
39.027	0.777996070726915
39.536	0.777996070726915
40.044	0.7795275590551249
40.55	0.8300395256916993
41.057	0.8284023668638971
41.564	0.8284023668639088
42.07	0.8300395256916993
42.577	0.8284023668639088
43.083	0.8300395256916993
43.59	0.8284023668638971
44.097	0.8284023668639088
44.603	0.8300395256916993
45.11	0.8520710059171633
45.623	0.9824561403508808
46.135	0.9843749999999991
46.647	0.9843749999999991
47.148	0.9820359281437032
47.66	0.9843750000000128
48.172	0.9843749999999991
48.685	0.9824561403508671
49.197	0.9843749999999991
49.709	0.9843749999999991
50.216	0.9467455621301815
50.724	0.9448818897637877
51.232	0.9448818897637745
51.74	0.9448818897637745
52.247	0.9467455621301815
52.755	0.9448818897637745
53.263	0.9448818897637877
53.771	0.9448818897637745
54.279	0.9448818897637745
54.786	0.9467455621301815
55.3	0.8638132295719915
55.812	0.8437499999999992
56.325	0.8421052631578861
56.838	0.8421052631578978
57.35	0.8437499999999992
57.863	0.8421052631578978
58.376	0.8421052631578978
58.888	0.8437499999999992
59.401	0.8421052631578861
59.913	0.843750000000011
60.415	0.8605577689242986
60.927	0.8671874999999992
61.438	0.8688845401174121
61.95	0.8671874999999992
62.461	0.8688845401174242
62.973	0.8671874999999992
63.484	0.8688845401174121
63.995	0.8688845401174242
64.507	0.8671874999999872
65.021	0.8404669260700458
65.534	0.5847953216374209
66.046	0.5859374999999994
66.559	0.5847953216374371
67.072	0.5847953216374209
67.584	0.5859374999999994
68.097	0.5847953216374371
68.609	0.5859374999999994
69.122	0.5847953216374209
69.635	0.5847953216374209
70.139	0.6666666666666791
70.642	0.9542743538767393
71.145	0.9542743538767393
71.648	0.9542743538767393
72.151	0.9542743538767393
72.654	0.9542743538767393
73.158	0.9523809523809431
73.661	0.9542743538767393
74.164	0.9542743538767393
74.667	0.9542743538767393
75.172	0.8792079207920871
75.685	0.7719298245613957
76.198	0.771929824561417
76.711	0.7719298245613957
77.224	0.7719298245613957
77.737	0.771929824561417
78.25	0.7719298245613957
78.763	0.7719298245613957
79.276	0.771929824561417
79.79	0.7704280155641874
80.302	0.8437499999999992
80.813	0.9158512720156634
81.324	0.9158512720156634
81.834	0.9176470588235203
82.345	0.9158512720156634
82.856	0.9158512720156634
83.367	0.9158512720156379
83.878	0.9158512720156634
84.389	0.9158512720156634
84.9	0.9158512720156379
85.406	0.9723320158102762
85.908	1.0039840637450292
86.409	1.0059880239520862
86.91	1.0059880239521148
87.411	1.0059880239520862
87.913	1.0039840637450292
88.414	1.0059880239520862
88.915	1.0059880239520862
89.417	1.0039840637450292
89.918	1.0059880239520862
90.43	0.9140624999999992
90.937	0.9230769230769399
91.444	0.923076923076914
91.952	0.9212598425196932
92.459	0.923076923076914
92.966	0.9230769230769399
93.474	0.9212598425196674
93.981	0.9230769230769399
94.488	0.923076923076914
94.995	0.923076923076914
95.503	0.7086614173228408
96.005	0.7171314741035922
96.507	0.717131474103572
97.009	0.7171314741035922
97.511	0.7171314741035922
98.013	0.717131474103572
98.515	0.7171314741035922
99.017	0.7171314741035922
99.519	0.717131474103572
100.027	0.7086614173228408
100.533	0.9011857707509878
101.039	0.9011857707509878
101.545	0.9011857707509878
102.051	0.9011857707509878
102.557	0.9011857707509878
103.063	0.9011857707509878
103.569	0.9011857707509878
104.075	0.9011857707509878
104.581	0.9011857707509878
105.09	0.8487229862475436
105.608	0.6718146718146709
106.109	0.6706586826347433
106.627	0.6718146718146709
107.145	0.6718146718146709
107.646	0.6706586826347242
108.164	0.6718146718146709
108.682	0.6718146718146709
109.183	0.6706586826347242
109.701	0.6718146718146893
110.207	0.7826086956521736
110.718	0.9863013698629947
111.229	0.9863013698630221
111.74	0.9863013698630221
112.25	0.9882352941176371
112.761	0.9863013698630221
113.272	0.9863013698629947
113.783	0.9863013698630221
114.293	0.9882352941176371
114.804	0.9863013698630221
115.308	0.8571428571428488
115.816	0.7795275590551249
116.324	0.7795275590551249
116.832	0.7795275590551249
117.34	0.7795275590551032
117.847	0.7810650887574107
118.355	0.7795275590551032
118.863	0.7795275590551249
119.371	0.7795275590551249
119.879	0.7795275590551032
120.386	0.8520710059171752
120.891	0.9029702970296857
121.396	0.9029702970297111
121.901	0.9029702970297111
122.406	0.9029702970296857
122.911	0.9029702970297111
123.416	0.9029702970297111
123.921	0.9029702970296857
124.426	0.9029702970297111
124.931	0.9029702970297111
125.444	0.7953216374268924
125.949	0.7841584158415913
126.453	0.7857142857142781
126.958	0.7841584158415913
127.463	0.7841584158415913
127.968	0.7841584158415692
128.472	0.7857142857142781
128.977	0.7841584158415913
129.482	0.7841584158415913
129.987	0.7841584158415913
130.501	0.7937743190661324
131.016	0.8155339805825459
131.531	0.8155339805825008
132.032	0.8143712574850221
132.547	0.8155339805825459
133.062	0.8155339805825008
133.577	0.8155339805825459
134.092	0.8155339805825008
134.593	0.8143712574850683
135.098	0.8316831683167923
135.608	0.9882352941176646
136.119	0.9863013698630221
136.629	0.9882352941176646
137.139	0.9882352941176096
137.65	0.9863013698630221
138.16	0.9882352941176646
138.671	0.9863013698630221
139.181	0.9882352941176096
139.691	0.9882352941176646
140.2	0.9901768172888286
140.704	1.023809523809485
141.208	1.0238095238095428
141.712	1.0238095238095428
142.217	1.0217821782177734
142.721	1.0238095238095428
143.225	1.0238095238095428
143.729	1.023809523809485
144.233	1.0238095238095428
144.738	1.021782178217831
145.254	0.8372093023255958
145.76	0.6640316205533594
146.266	0.6640316205533594
146.772	0.6640316205533594
147.278	0.6640316205533594
147.785	0.6627218934911178
148.291	0.6640316205533594
148.797	0.6640316205533594
149.303	0.6640316205533594
149.81	0.6627218934911178
150.324	0.7704280155641874
150.83	0.8537549407114621
151.336	0.8537549407114621
151.842	0.8537549407114621
152.348	0.8537549407114621
152.854	0.8537549407114621
153.36	0.8537549407114621
153.866	0.8537549407114621
154.372	0.8537549407114621
154.878	0.85375494071151
155.391	0.8421052631578861
155.894	0.8588469184890412
156.396	0.8605577689243351
156.899	0.8588469184890412
157.401	0.8605577689242864
157.904	0.8588469184890897
158.406	0.8605577689242864
158.909	0.8588469184890897
159.411	0.8605577689242864
159.914	0.8588469184890897
160.428	0.8871595330739127
160.935	0.8994082840236598
161.442	0.8994082840236598
161.949	0.8994082840236598
162.457	0.8976377952756235
162.964	0.8994082840236598
163.471	0.8994082840236598
163.978	0.8994082840236598
164.486	0.8976377952756235
164.993	0.8994082840236598
165.506	0.7485380116958988
166.011	0.7603960396039673
166.516	0.7603960396039673
167.021	0.7603960396039673
167.526	0.7603960396039244
168.031	0.7603960396039673
168.536	0.7603960396039673
169.041	0.7603960396039673
169.546	0.7603960396039673
170.064	0.7181467181467172
170.572	0.5669291338582567
171.081	0.5658153241650449
171.589	0.5669291338582567
172.097	0.5669291338582567
172.606	0.5658153241650449
173.114	0.5669291338582567
173.622	0.5669291338582567
174.131	0.5658153241650449
174.639	0.5669291338582567
175.164	0.4800000000000208
175.695	0.29378531073446
176.227	0.293233082706761
176.758	0.29378531073446
177.289	0.2937853107344757
177.82	0.29378531073446
178.352	0.293233082706761
178.883	0.29378531073446
179.414	0.2937853107344757
179.946	0.293233082706761
180.452	0.8537549407114621
180.956	0.9285714285714458
181.459	0.9304174950297947
181.963	0.9285714285714458
182.466	0.9304174950297947
182.97	0.9285714285714458
183.473	0.9304174950297947
183.977	0.9285714285714458
184.48	0.9304174950298472
184.983	0.9304174950297947
185.497	0.7704280155641874
186.009	0.7734375000000423
186.522	0.7719298245613957
187.034	0.7734374999999993
187.546	0.7734374999999993
188.058	0.7734374999999993
188.571	0.7719298245613957
189.083	0.7734374999999993
189.595	0.7734374999999993
190.1	0.7366336633663433
190.615	0.6058252427184292
191.13	0.6058252427184626
191.645	0.6058252427184292
192.161	0.6046511627907081
192.676	0.6058252427184626
193.191	0.6058252427184292
193.706	0.6058252427184626
194.222	0.6046511627906748
194.737	0.6058252427184626
195.247	0.7294117647058547
195.753	0.8774703557312742
196.258	0.8792079207920377
196.764	0.8774703557312249
197.27	0.8774703557312249
197.776	0.8774703557312249
198.282	0.8774703557312249
198.788	0.8774703557312249
199.294	0.8774703557312249
199.8	0.8774703557312249
200.306	0.7826086956521736
200.819	0.7485380116959403
201.333	0.7470817120622423
201.847	0.7470817120622423
202.36	0.7485380116958988
202.874	0.7470817120622836
203.388	0.7470817120622423
203.902	0.7470817120622836
204.415	0.7485380116958988
204.929	0.7470817120622423
205.441	0.9140624999999992
205.945	0.95238095238097
206.449	0.9523809523809162
206.953	0.95238095238097
207.456	0.9542743538767663
207.96	0.9523809523809162
208.464	0.95238095238097
208.967	0.9542743538767123
209.471	0.95238095238097
209.975	0.95238095238097
210.488	0.9356725146198734
210.989	0.9341317365269373
211.49	0.9341317365269373
212.003	0.9356725146199253
212.504	0.9341317365269373
213.017	0.9356725146198734
213.518	0.9341317365269373
214.031	0.9356725146198734
214.532	0.9341317365269373
215.04	0.9212598425197189
215.551	0.9158512720156634
216.062	0.9158512720156124
216.573	0.9158512720156634
217.084	0.9158512720156634
217.595	0.9158512720156634
218.106	0.9158512720156634
218.617	0.9158512720156634
219.129	0.9140624999999992
219.64	0.9158512720156634
220.148	0.8740157480314793
220.651	0.8111332007952055
221.154	0.8111332007952513
221.657	0.8111332007952055
222.16	0.8111332007952513
222.663	0.8111332007952055
223.166	0.8111332007952513
223.669	0.8111332007952055
224.172	0.8111332007952513
224.675	0.8111332007952055
225.185	0.8235294117647205
225.695	0.8470588235294269
226.205	0.8470588235293797
226.715	0.8470588235294269
227.225	0.8470588235294269
227.736	0.8454011741683046
228.246	0.8470588235293797
228.756	0.8470588235294269
229.266	0.8470588235294269
229.776	0.8470588235293797
230.294	0.694980694980694
230.804	0.6117647058823639
231.313	0.6129666011787986
231.823	0.6117647058823298
232.332	0.6129666011787986
232.842	0.6117647058823298
233.351	0.6129666011787986
233.861	0.6117647058823639
234.37	0.6129666011787644
234.88	0.6117647058823639
235.396	0.6511627906976857
235.898	0.6693227091633339
236.401	0.6679920477136987
236.904	0.6679920477137364
237.407	0.6679920477136987
237.91	0.6679920477137364
238.413	0.6679920477136987
238.916	0.6679920477137364
239.419	0.6679920477136987
239.921	0.6693227091633718
240.43	0.9194499017681467
240.933	0.9781312127236854
241.437	0.9761904761904392
241.94	0.9781312127236854
242.443	0.9781312127236301
242.947	0.9761904761904943
243.45	0.9781312127236854
243.953	0.9781312127236301
244.457	0.9761904761904943
244.96	0.9781312127236301
245.47	0.941176470588252
245.977	0.9467455621301681
246.485	0.9448818897637613
246.992	0.9467455621302212
247.499	0.9467455621301681
248.007	0.9448818897637613
248.514	0.9467455621301681
249.021	0.9467455621302212
249.529	0.9448818897637613
250.034	0.9267326732673351
250.548	0.7237354085602972
251.061	0.725146198830402
251.575	0.7237354085603372
252.089	0.7237354085602972
252.603	0.7237354085602972
253.117	0.7237354085603372
253.631	0.7237354085602972
254.145	0.7237354085602972
254.658	0.7251461988304422
255.169	0.7514677103717845
255.676	0.8520710059171991
256.183	0.8520710059171513
256.689	0.8537549407114141
257.196	0.8520710059171513
257.702	0.85375494071151
258.209	0.8520710059171513
258.716	0.8520710059171513
259.222	0.85375494071151
259.729	0.8520710059171513
260.235	0.8774703557311756
260.744	0.9194499017681467
261.253	0.9194499017682494
261.762	0.9194499017681467
262.27	0.9212598425197189
262.779	0.9194499017681467
263.288	0.9194499017681467
263.797	0.9194499017681467
264.305	0.9212598425197189
264.814	0.9194499017681467
265.316	0.8844621513945057
265.823	0.8757396449704056
266.33	0.8757396449704056
266.838	0.8740157480314303
267.345	0.8757396449704056
267.852	0.8757396449705037
268.36	0.8740157480314303
268.867	0.8757396449704056
269.374	0.8757396449704056
269.881	0.8757396449705037
270.393	0.8671874999999992
270.907	0.8871595330739127
271.421	0.8871595330739127
271.935	0.8871595330739127
272.449	0.8871595330739127
272.963	0.8871595330739127
273.477	0.8871595330740109
273.991	0.8871595330739127
274.505	0.8871595330739127
275.013	0.8740157480315282
275.516	0.930417495029742
276.019	0.9304174950298472
276.522	0.9304174950298472
277.025	0.9304174950298472
277.528	0.930417495029742
278.031	0.9304174950298472
278.533	0.9322709163346437
279.036	0.9304174950298472
279.539	0.9304174950298472
280.04	0.9101796407185025
280.552	0.9140624999999992
281.063	0.9158512720157143
281.575	0.9140624999999992
282.087	0.9140624999999992
282.599	0.9140624999999992
283.111	0.9140624999999992
283.623	0.9140624999999992
284.134	0.9158512720156124
284.646	0.9140624999999992
285.15	0.9285714285714982
285.659	0.9666011787818977
286.168	0.9666011787818977
286.677	0.9666011787818977
287.186	0.9666011787820057
287.696	0.9647058823528508
288.205	0.9666011787820057
288.714	0.9666011787818977
289.223	0.9666011787818977
289.732	0.9666011787818977
290.243	0.8688845401174725
290.745	0.7888446215139292
291.246	0.790419161676684
291.747	0.7904191616765943
292.248	0.790419161676684
292.749	0.7904191616765943
293.25	0.790419161676684
293.751	0.790419161676684
294.252	0.7904191616765943
294.754	0.7888446215139292
295.265	0.8688845401174725
295.769	0.9523809523809162
296.272	0.9542743538767663
296.776	0.9523809523809162
297.28	0.9523809523810237
297.783	0.9542743538766584
298.287	0.9523809523810237
298.791	0.9523809523809162
299.294	0.9542743538767663
299.798	0.9523809523809162
300.304	0.9723320158103308
300.815	0.9863013698629672
301.325	0.9882352941176646
301.835	0.9882352941176646
302.346	0.9863013698629672
302.856	0.9882352941176646
303.366	0.9882352941176646
303.877	0.9863013698629672
304.387	0.9882352941176646
304.897	0.9882352941176646
305.404	0.923076923076914
305.911	0.923076923076914
306.418	0.923076923076914
306.926	0.9212598425197189
307.433	0.923076923076914
307.94	0.923076923076914
308.447	0.923076923076914
308.955	0.9212598425197189
309.462	0.923076923076914
309.969	0.923076923076914
310.477	0.7795275590551468
310.984	0.7810650887573888
311.49	0.7826086956521296
311.997	0.7810650887573888
312.504	0.7810650887573888
313.011	0.7810650887573888
313.518	0.7810650887574764
314.025	0.7810650887573888
314.532	0.7810650887573888
315.04	0.7795275590550595
315.541	0.9101796407186059
316.042	0.9101796407186059
316.543	0.9101796407185025
317.044	0.9101796407186059
317.545	0.9101796407185025
318.046	0.9101796407186059
318.547	0.9101796407185025
319.048	0.9101796407186059
319.549	0.9101796407186059
