1576948452.17	750	0.0	5.389	450283	5389	0	-23.1727
1576948452.2	300	2.517	0.0	155580	1483	0	-0.15000000000000002
1576948452.24	300	5.177	0.0	139857	1340	0	0.3
1576948452.27	750	5.564	0.0	382355	3613	0	0.3
1576948452.3	750	5.807	0.0	411561	3757	0	0.75
1576948452.33	300	8.775	0.0	126289	1032	0	-0.15000000000000002
1576948452.36	300	11.523	0.0	153295	1252	0	0.3
1576948452.39	300	14.111	0.0	173849	1412	0	0.3
1576948452.42	300	16.894	0.0	150710	1217	0	0.3
1576948452.45	300	19.787	0.0	139105	1107	0	0.3
1576948452.49	1200	18.506	0.0	607410	5281	0	0.29999999999999993
1576948452.52	750	18.608	0.0	405134	3898	0	0.3
1576948452.55	300	21.266	0.0	160746	1342	0	-0.15000000000000002
1576948452.58	1200	18.813	0.0	687371	6453	0	0.29999999999999993
1576948452.61	300	21.389	0.0	140051	1424	0	-0.6000000000000001
1576948452.64	300	24.057	0.0	138313	1332	0	0.3
1576948452.67	750	24.581	0.0	360831	3476	0	0.3
1576948452.7	750	25.555	0.0	372963	3026	0	0.75
1576948452.73	1200	24.215	0.0	639204	5340	0	0.75
1576948452.76	1200	22.826	0.0	586839	5389	0	1.2
1576948452.8	1200	21.247	0.0	601738	5579	0	1.2
1576948452.83	750	20.057	0.0	399894	5190	0	0.3
1576948452.86	750	20.547	0.0	401853	3510	0	0.75
1576948452.89	300	23.403	0.0	137654	1144	0	-0.15000000000000002
1576948452.92	750	23.841	0.0	359903	3562	0	0.3
1576948452.95	300	26.255	0.0	153938	1586	0	-0.15000000000000002
1576948452.98	750	26.461	0.0	425781	3794	0	0.3
1576948453.01	1850	24.275	0.0	758197	6186	0	0.75
1576948453.04	1850	19.042	0.0	972798	9233	0	1.85
1576948453.07	1850	13.198	0.0	975811	9844	0	1.85
1576948453.1	1850	9.362	0.0	873429	7836	0	1.85
1576948453.14	1850	4.349	0.0	954453	9013	0	1.85
1576948453.17	300	6.896	0.0	143881	1453	0	-1.25
1576948453.2	300	9.244	0.0	163444	1652	0	0.3
1576948453.23	300	11.427	0.0	179328	1817	0	0.3
1576948453.26	300	13.867	0.0	159914	1560	0	0.3
1576948453.29	300	16.587	0.0	131610	1280	0	0.3
1576948453.32	300	19.38	0.0	124011	1207	0	0.3
1576948453.36	300	22.125	0.0	144254	1255	0	0.3
1576948453.39	300	24.922	0.0	149991	1203	0	0.3
1576948453.42	1200	24.392	0.0	566904	4530	0	0.29999999999999993
1576948453.45	1200	22.523	0.0	641452	5869	0	1.2
1576948453.49	1200	20.341	0.0	599477	6182	0	1.2
1576948453.52	750	20.246	0.0	438281	4095	0	0.3
1576948453.55	1200	18.539	0.0	630203	5707	0	0.75
1576948453.58	1850	11.257	0.0	982064	11282	0	1.2000000000000002
1576948453.6	1850	4.516	0.0	830730	10741	0	1.85
1576948453.62	750	5.272	0.0	314107	3244	0	-0.3500000000000001
1576948453.63	750	6.232	0.0	255954	3040	0	0.75

