1573543018.87	750	4	1.174	2354772	1066	17671.8348968	-5.0482
1573543019.49	1850	8	0.0	957685	391	18149.7753693	0.75
1573543019.99	1850	12	0.0	877771	398	18038.7491189	1.85
1573543021.14	4300	16.0	0.0	2160877	1051	17429.1775119	1.8499999999999996
1573543022.7	4300	20	0.0	2233056	1453	15299.5003543	4.3
1573543023.84	4300	24	0.0	1941625	1039	14730.2928011	4.3
1573543024.93	4300	28	0.0	2157535	987	14907.4363539	4.3
1573543025.94	4300	32	0.0	2290172	912	15398.4136255	4.3
1573543026.76	4300	36	0.0	2055469	722	15917.621069	4.3
1573543027.62	4300	40	0.0	2169201	764	18692.5041981	4.3
1573543028.49	4300	44	0.0	2173522	775	20623.0533225	4.3
1573543029.45	4300	48	0.0	2102452	868	21260.5387462	4.3
1573543030.51	4300	52	0.0	2209463	960	20776.1358126	4.3
1573543031.39	4300	56	0.0	2275376	777	20899.9750691	4.3
