1573531738.22	750	4	2.479	2354772	2379	7918.52711223	-10.659699999999999
1573531739.75	1850	8	0.0	957685	1323	6999.52542971	0.75
1573531741.53	1850	12	0.0	877771	1663	5814.28699778	1.85
1573531743.67	1850	16.0	0.0	933276	2049	4992.43303716	1.85
1573531747.61	1850	20	0.0	996749	3842	3373.91259425	1.85
1573531751.73	1850	24	0.0	801058	4021	2320.31266414	1.85
1573531753.01	1850	28	0.0	905515	1178	2309.5581901	1.85
1573531756.21	4300	32	0.0	2290172	3086	2510.00467727	1.8499999999999996
1573531759.11	4300	36	0.0	2055469	2799	2683.60846532	4.3
1573531761.76	4300	40	0.0	2169201	2557	3337.21373418	4.3
1573531764.6	4300	44	0.0	2173522	2740	6191.37971366	4.3
1573531767.55	4300	48	0.0	2102452	2852	6132.77561913	4.3
1573531771.84	4300	52	0.0	2209463	4184	5484.68701163	4.3
1573531778.28	4300	56	0.0	2275376	6338	4158.99162805	4.3
