1573531221.35	750	4	2.499	2354772	2398	7855.78648874	-10.7457
1573531223.01	1850	8	0.0	957685	1442	6659.06310256	0.75
1573531224.67	1850	12	0.0	877771	1564	5842.1820984	1.85
1573531226.82	1850	16.0	0.0	933276	2053	5006.32800256	1.85
1573531231.57	1850	20	0.0	996749	4650	2881.83486477	1.85
1573531234.83	1850	24	0.0	801058	3048	2386.45627629	1.85
1573531236.14	1850	28	0.0	905515	1206	2373.67059483	1.85
1573531239.31	4300	32	0.0	2290172	3075	2578.12673958	1.8499999999999996
1573531242.19	4300	36	0.0	2055469	2773	2759.53941595	4.3
1573531244.83	4300	40	0.0	2169201	2546	4205.17455068	4.3
1573531247.67	4300	44	0.0	2173522	2740	6201.64440725	4.3
1573531250.58	4300	48	0.0	2102452	2818	6170.29842768	4.3
1573531254.94	4300	52	0.0	2209463	4243	5471.17147702	4.3
1573531261.29	4300	56	0.0	2275376	6225	4197.29593401	4.3
