1573542605.19	750	4	1.174	2354772	1071	17589.3333333	-5.0482
1573542605.82	1850	8	0.0	957685	397	18020.9403209	0.75
1573542606.3	1850	12	0.0	877771	391	18007.9847004	1.85
1573542607.46	4300	16.0	0.0	2160877	1055	17384.870207	1.8499999999999996
1573542609.01	4300	20	0.0	2233056	1454	15274.9119172	4.3
1573542610.15	4300	24	0.0	1941625	1039	14719.8373628	4.3
1573542611.24	4300	28	0.0	2157535	986	14909.6724754	4.3
1573542612.25	4300	32	0.0	2290172	911	15387.9089841	4.3
1573542613.07	4300	36	0.0	2055469	721	15918.275036	4.3
1573542613.94	4300	40	0.0	2169201	769	18689.8886107	4.3
1573542614.82	4300	44	0.0	2173522	781	20593.5918699	4.3
1573542615.81	4300	48	0.0	2102452	884	21118.9595438	4.3
1573542616.86	4300	52	0.0	2209463	957	20658.7004628	4.3
1573542617.73	4300	56	0.0	2275376	772	20797.0994785	4.3
