1573556567.5	750	4	3.261	2354772	3149	5982.27246745	-14.0223
1573556568.22	750	8	0.0	398865	490	6048.53435561	0.75
1573556569.84	1850	12	0.0	877771	1401	5719.80895461	0.75
1573556571.05	1850	16.0	0.0	933276	1059	5913.57462627	1.85
1573556572.29	1850	20	0.0	996749	1145	6058.02870566	1.85
1573556573.27	1850	24	0.0	801058	884	6292.00922113	1.85
1573556574.6	1850	28	0.0	905515	1210	6206.80921389	1.85
1573556577.47	4300	32	0.0	2290172	2738	6714.73415588	1.8499999999999996
1573556579.79	4300	36	0.0	2055469	2217	6848.07595274	4.3
1573556592.27	4300	40	0.0	2169201	12371	1971.3458984	4.3
1573556596.58	4300	44	0.0	2173522	4166	2116.2787049	4.3
1573556604.18	4300	48	0.0	2102452	7486	2091.21027835	4.3
1573556606.58	4300	52	0.0	2209463	2290	2075.73081173	4.3
1573556609.77	4300	56	0.0	2275376	3068	2104.2423473	4.3
