1573542812.87	750	4	1.114	2354772	1009	18670.1446977	-4.7902
1573542813.51	1850	8	0.0	957685	415	18608.8231783	0.75
1573542814.05	1850	12	0.0	877771	442	17883.1766802	1.85
1573542815.44	4300	16.0	0.0	2160877	1288	15745.7029695	1.8499999999999996
1573542816.82	4300	20	0.0	2233056	1289	15147.4991143	4.3
1573542817.84	4300	24	0.0	1941625	922	14816.3337814	4.3
1573542818.81	4300	28	0.0	2157535	873	15249.8326468	4.3
1573542819.72	4300	32	0.0	2290172	815	16003.8921323	4.3
1573542820.56	4300	36	0.0	2055469	746	17729.8513629	4.3
1573542821.36	4300	40	0.0	2169201	702	20559.5159947	4.3
1573542822.36	4300	44	0.0	2173522	896	21353.579659	4.3
1573542823.37	4300	48	0.0	2102452	905	21017.7521537	4.3
1573542824.28	4300	52	0.0	2209463	805	20921.9099654	4.3
1573542825.26	4300	56	0.0	2275376	882	20674.9651184	4.3
