1573531531.46	750	4	2.447	2354772	2349	8019.65772669	-10.5221
1573531532.97	1850	8	0.0	957685	1293	7125.52606963	0.75
1573531534.72	1850	12	0.0	877771	1631	5925.09539673	1.85
1573531536.85	1850	16.0	0.0	933276	2042	5050.30169591	1.85
1573531540.82	1850	20	0.0	996749	3860	3369.05598595	1.85
1573531544.95	1850	24	0.0	801058	4004	2321.86027668	1.85
1573531546.24	1850	28	0.0	905515	1196	2312.99422148	1.85
1573531549.43	4300	32	0.0	2290172	3088	2513.00187063	1.8499999999999996
1573531552.33	4300	36	0.0	2055469	2803	2686.15541968	4.3
1573531554.98	4300	40	0.0	2169201	2551	3349.84864913	4.3
1573531557.83	4300	44	0.0	2173522	2756	6173.69220887	4.3
1573531560.77	4300	48	0.0	2102452	2838	6132.06410247	4.3
1573531565.09	4300	52	0.0	2209463	4206	5472.11243092	4.3
1573531571.51	4300	56	0.0	2275376	6314	4164.78329321	4.3
