1573531117.87	750	4	2.485	2354772	2385	7898.60628931	-10.6855
1573531119.5	1850	8	0.0	957685	1400	6785.86300039	0.75
1573531121.18	1850	12	0.0	877771	1584	5867.23191631	1.85
1573531123.35	1850	16.0	0.0	933276	2076	4988.87675255	1.85
1573531127.96	1850	20	0.0	996749	4503	2960.93418643	1.85
1573531131.39	1850	24	0.0	801058	3315	2363.77739738	1.85
1573531132.7	1850	28	0.0	905515	1203	2351.81255465	1.85
1573531135.88	4300	32	0.0	2290172	3074	2553.11773472	1.8499999999999996
1573531138.76	4300	36	0.0	2055469	2773	2732.65761398	4.3
1573531141.4	4300	40	0.0	2169201	2535	3947.03654201	4.3
1573531144.23	4300	44	0.0	2173522	2718	6218.8650721	4.3
1573531147.16	4300	48	0.0	2102452	2820	6182.92042656	4.3
1573531151.51	4300	52	0.0	2209463	4245	5477.51624813	4.3
1573531157.87	4300	56	0.0	2275376	6226	4198.37975164	4.3
