1573542294.11	750	4	0.274	450283	161	22374.310559	-1.1782000000000001
1573542294.87	1850	8	0.0	957685	515	16166.935573	0.75
1573542295.33	1850	12	0.0	877771	364	17138.5298214	1.85
1573542296.48	4300	16.0	0.0	2160877	954	17594.7347098	1.8499999999999996
1573542297.73	4300	20	0.0	2233056	1158	16731.0149758	4.3
1573542299.13	4300	24	0.0	1941625	1297	14811.952959	4.3
1573542300.34	4300	28	0.0	2157535	1116	14949.4572284	4.3
1573542301.36	4300	32	0.0	2290172	923	15360.9216078	4.3
1573542302.32	4300	36	0.0	2055469	864	15422.4426256	4.3
1573542303.2	4300	40	0.0	2169201	770	16214.3656061	4.3
1573542304.05	4300	44	0.0	2173522	759	19157.1303717	4.3
1573542304.98	4300	48	0.0	2102452	817	20781.6166124	4.3
1573542306.01	4300	52	0.0	2209463	931	20559.5033677	4.3
1573542307.04	4300	56	0.0	2275376	899	20836.4785617	4.3
