1573556050.56	750	4	3.241	2354772	3122	6034.00896861	-13.9363
1573556051.29	750	8	0.0	398865	465	6129.91371796	0.75
1573556052.95	1850	12	0.0	877771	1415	5747.4936578	0.75
1573556054.14	1850	16.0	0.0	933276	1072	5930.42200556	1.85
1573556055.41	1850	20	0.0	996749	1135	6079.62588136	1.85
1573556056.44	1850	24	0.0	801058	930	6245.29092381	1.85
1573556057.7	1850	28	0.0	905515	1139	6222.06064829	1.85
1573556060.56	4300	32	0.0	2290172	2706	6784.00316215	1.8499999999999996
1573556062.87	4300	36	0.0	2055469	2204	6931.03919336	4.3
1573556075.45	4300	40	0.0	2169201	12439	1956.40451586	4.3
1573556079.54	4300	44	0.0	2173522	3977	2099.53229323	4.3
1573556087.09	4300	48	0.0	2102452	7444	2082.44812081	4.3
1573556089.47	4300	52	0.0	2209463	2262	2066.7951128	4.3
1573556092.64	4300	56	0.0	2275376	3046	2095.46679217	4.3
