1573555634.77	750	4	0.85	450283	739	4874.51150203	-3.655
1573555635.6	750	8	0.0	398865	680	4785.5745485	0.75
1573555637.82	1850	12	0.0	877771	1905	4086.99422528	0.75
1573555639.64	1850	16.0	0.0	933276	1668	4209.27012965	1.85
1573555641.23	1850	20	0.0	996749	1488	4427.36498843	1.85
1573555642.52	1850	24	0.0	801058	1173	4528.64924654	1.85
1573555643.86	1850	28	0.0	905515	1241	4688.25236183	1.85
1573555647.18	4300	32	0.0	2290172	3111	5405.79860285	1.8499999999999996
1573555649.83	4300	36	0.0	2055469	2536	5878.71415469	4.3
1573555664.05	4300	40	0.0	2169201	14087	1732.75517507	4.3
1573555667.65	4300	44	0.0	2173522	3446	1843.06911781	4.3
1573555674.84	4300	48	0.0	2102452	7024	1891.19434525	4.3
1573555677.72	4300	52	0.0	2209463	2743	1880.22912771	4.3
1573555682.88	4300	56	0.0	2275376	5047	1916.68767728	4.3
