1573530807.46	750	4	2.518	2354772	2405	7832.92141372	-10.827399999999999
1573530808.98	1850	8	0.0	957685	1277	7082.33277743	0.75
1573530810.74	1850	12	0.0	877771	1662	5851.65590167	1.85
1573530812.88	1850	16.0	0.0	933276	2035	5026.8811417	1.85
1573530817.05	1850	20	0.0	996749	4063	3233.90747498	1.85
1573530820.99	1850	24	0.0	801058	3591	2408.39603969	1.85
1573530822.3	1850	28	0.0	905515	1189	2399.71057239	1.85
1573530825.49	4300	32	0.0	2290172	3089	2609.15322865	1.8499999999999996
1573530828.42	4300	36	0.0	2055469	2803	2792.72202668	4.3
1573530831.08	4300	40	0.0	2169201	2541	3692.78991571	4.3
1573530833.92	4300	44	0.0	2173522	2728	6194.14575739	4.3
1573530836.84	4300	48	0.0	2102452	2820	6155.0478923	4.3
1573530841.22	4300	52	0.0	2209463	4254	5459.06420733	4.3
1573530847.58	4300	56	0.0	2275376	6225	4195.71014785	4.3
