1573542501.76	750	4	1.175	2354772	1072	17572.9253731	-5.0525
1573542502.39	1850	8	0.0	957685	392	18060.7775858	0.75
1573542502.89	1850	12	0.0	877771	406	17889.0371535	1.85
1573542504.02	4300	16.0	0.0	2160877	1036	17440.8704944	1.8499999999999996
1573542505.55	4300	20	0.0	2233056	1427	15441.4745345	4.3
1573542506.71	4300	24	0.0	1941625	1061	14797.4248638	4.3
1573542507.79	4300	28	0.0	2157535	990	14963.2897726	4.3
1573542508.81	4300	32	0.0	2290172	915	15466.0177023	4.3
1573542509.64	4300	36	0.0	2055469	728	15944.7798098	4.3
1573542510.51	4300	40	0.0	2169201	776	18479.9717655	4.3
1573542511.38	4300	44	0.0	2173522	770	20534.7682383	4.3
1573542512.33	4300	48	0.0	2102452	848	21305.8087503	4.3
1573542513.39	4300	52	0.0	2209463	961	20828.4162239	4.3
1573542514.27	4300	56	0.0	2275376	787	20937.6134701	4.3
