1573556257.32	750	4	3.258	2354772	3149	5982.27246745	-14.0094
1573556258.04	750	8	0.0	398865	488	6051.37566897	0.75
1573556259.66	1850	12	0.0	877771	1401	5721.51948453	0.75
1573556260.87	1850	16.0	0.0	933276	1059	5915.15111863	1.85
1573556262.11	1850	20	0.0	996749	1145	6059.46241624	1.85
1573556263.12	1850	24	0.0	801058	888	6290.61714962	1.85
1573556264.43	1850	28	0.0	905515	1189	6227.96378643	1.85
1573556267.29	4300	32	0.0	2290172	2737	6737.07963157	1.8499999999999996
1573556269.62	4300	36	0.0	2055469	2218	6867.60283987	4.3
1573556282.12	4300	40	0.0	2169201	12389	1967.49196658	4.3
1573556286.18	4300	44	0.0	2173522	3936	2111.9761941	4.3
1573556293.8	4300	48	0.0	2102452	7520	2086.06975964	4.3
1573556296.19	4300	52	0.0	2209463	2278	2070.11055064	4.3
1573556299.31	4300	56	0.0	2275376	3013	2097.60630744	4.3
