1573542708.56	750	4	1.175	2354772	1068	17638.741573	-5.0525
1573542709.18	1850	8	0.0	957685	391	18123.5398979	0.75
1573542709.68	1850	12	0.0	877771	399	18008.3710166	1.85
1573542710.83	4300	16.0	0.0	2160877	1051	17411.6584306	1.8499999999999996
1573542712.38	4300	20	0.0	2233056	1454	15286.5635369	4.3
1573542713.53	4300	24	0.0	1941625	1044	14706.7510643	4.3
1573542714.61	4300	28	0.0	2157535	986	14888.096662	4.3
1573542715.68	4300	32	0.0	2290172	965	15296.3998113	4.3
1573542716.46	4300	36	0.0	2055469	691	15829.9366858	4.3
1573542717.34	4300	40	0.0	2169201	778	18504.5025487	4.3
1573542718.22	4300	44	0.0	2173522	787	20354.1880466	4.3
1573542719.22	4300	48	0.0	2102452	890	20819.6331401	4.3
1573542720.26	4300	52	0.0	2209463	949	20725.5763814	4.3
1573542721.13	4300	56	0.0	2275376	772	20746.6310353	4.3
