1573530910.87	750	4	2.482	2354772	2372	7941.89544688	-10.672600000000001
1573530912.4	1850	8	0.0	957685	1296	7082.47684539	0.75
1573530914.13	1850	12	0.0	877771	1624	5922.93129827	1.85
1573530916.3	1850	16.0	0.0	933276	2056	5034.09876689	1.85
1573530920.3	1850	20	0.0	996749	3900	3340.56339918	1.85
1573530924.37	1850	24	0.0	801058	3941	2333.75132868	1.85
1573530925.66	1850	28	0.0	905515	1188	2324.41442081	1.85
1573530928.87	4300	32	0.0	2290172	3089	2525.27990393	1.8499999999999996
1573530931.78	4300	36	0.0	2055469	2806	2700.93378613	4.3
1573530934.43	4300	40	0.0	2169201	2552	3399.66107001	4.3
1573530937.28	4300	44	0.0	2173522	2748	6179.01794044	4.3
1573530940.21	4300	48	0.0	2102452	2820	6141.49115308	4.3
1573530944.54	4300	52	0.0	2209463	4224	5468.07219859	4.3
1573530950.94	4300	56	0.0	2275376	6291	4172.64674067	4.3
