1573555843.75	750	4	3.27	2354772	3150	5980.37333333	-14.061
1573555844.48	750	8	0.0	398865	477	6064.93229694	0.75
1573555846.09	1850	12	0.0	877771	1397	5735.49203504	0.75
1573555847.29	1850	16.0	0.0	933276	1064	5924.607768	1.85
1573555848.54	1850	20	0.0	996749	1123	6081.46586166	1.85
1573555849.54	1850	24	0.0	801058	890	6326.24255235	1.85
1573555850.85	1850	28	0.0	905515	1195	6240.39038567	1.85
1573555853.71	4300	32	0.0	2290172	2751	6729.6861376	1.8499999999999996
1573555856.05	4300	36	0.0	2055469	2219	6864.20243991	4.3
1573555868.57	4300	40	0.0	2169201	12412	1964.21968204	4.3
1573555872.58	4300	44	0.0	2173522	3894	2108.12271319	4.3
1573555880.24	4300	48	0.0	2102452	7526	2082.62612259	4.3
1573555882.63	4300	52	0.0	2209463	2260	2065.66001723	4.3
1573555885.82	4300	56	0.0	2275376	3040	2093.74858896	4.3
