1573555740.34	750	4	3.245	2354772	3122	6034.00896861	-13.9535
1573555741.07	750	8	0.0	398865	467	6127.2148832	0.75
1573555742.73	1850	12	0.0	877771	1412	5750.46498954	0.75
1573555743.91	1850	16.0	0.0	933276	1072	5933.05797797	1.85
1573555745.19	1850	20	0.0	996749	1133	6083.21332233	1.85
1573555746.23	1850	24	0.0	801058	928	6252.86186174	1.85
1573555747.46	1850	28	0.0	905515	1131	6238.83365814	1.85
1573555750.3	4300	32	0.0	2290172	2724	6778.77300197	1.8499999999999996
1573555752.65	4300	36	0.0	2055469	2232	6905.62015091	4.3
1573555765.24	4300	40	0.0	2169201	12439	1958.09791946	4.3
1573555769.45	4300	44	0.0	2173522	4048	2101.24562053	4.3
1573555777.06	4300	48	0.0	2102452	7486	2081.46143027	4.3
1573555779.52	4300	52	0.0	2209463	2313	2067.10884491	4.3
1573555783.05	4300	56	0.0	2275376	3403	2101.2364322	4.3
