1573556464.06	750	4	3.26	2354772	3149	5982.27246745	-14.018
1573556464.79	750	8	0.0	398865	490	6048.53435561	0.75
1573556466.41	1850	12	0.0	877771	1398	5724.17243907	0.75
1573556467.61	1850	16.0	0.0	933276	1061	5916.20683312	1.85
1573556468.85	1850	20	0.0	996749	1145	6060.37469815	1.85
1573556469.83	1850	24	0.0	801058	884	6295.7410166	1.85
1573556471.16	1850	28	0.0	905515	1208	6212.30684959	1.85
1573556474.03	4300	32	0.0	2290172	2737	6716.33416453	1.8499999999999996
1573556476.36	4300	36	0.0	2055469	2218	6850.39318993	4.3
1573556488.85	4300	40	0.0	2169201	12387	1968.34525489	4.3
1573556493.41	4300	44	0.0	2173522	4443	2112.04693542	4.3
1573556500.91	4300	48	0.0	2102452	7401	2093.42347048	4.3
1573556503.35	4300	52	0.0	2209463	2310	2078.74805046	4.3
1573556506.94	4300	56	0.0	2275376	3481	2114.03543964	4.3
