1573555947.08	750	4	3.27	2354772	3159	5963.33523267	-14.061
1573555947.79	750	8	0.0	398865	490	6031.58569017	0.75
1573555949.4	1850	12	0.0	877771	1391	5723.88489952	0.75
1573555950.59	1850	16.0	0.0	933276	1079	5903.7745724	1.85
1573555951.87	1850	20	0.0	996749	1130	6058.05509168	1.85
1573555952.87	1850	24	0.0	801058	885	6304.90003421	1.85
1573555954.21	1850	28	0.0	905515	1211	6216.52855408	1.85
1573555957.07	4300	32	0.0	2290172	2738	6708.24034607	1.8499999999999996
1573555959.4	4300	36	0.0	2055469	2218	6857.53052058	4.3
1573555971.88	4300	40	0.0	2169201	12370	1971.65814933	4.3
1573555975.8	4300	44	0.0	2173522	3792	2115.4239176	4.3
1573555983.29	4300	48	0.0	2102452	7365	2097.74923108	4.3
1573555985.85	4300	52	0.0	2209463	2442	2086.98482934	4.3
1573555988.97	4300	56	0.0	2275376	2990	2114.09685471	4.3
