1573531634.96	750	4	2.5	2354772	2395	7865.62672234	-10.75
1573531636.56	1850	8	0.0	957685	1380	6825.69089983	0.75
1573531638.26	1850	12	0.0	877771	1603	5852.10396279	1.85
1573531640.44	1850	16.0	0.0	933276	2080	4977.14340797	1.85
1573531645.17	1850	20	0.0	996749	4626	2889.41659643	1.85
1573531648.45	1850	24	0.0	801058	3003	2401.57160761	1.85
1573531649.76	1850	28	0.0	905515	1219	2390.75934178	1.85
1573531652.94	4300	32	0.0	2290172	3071	2597.09230204	1.8499999999999996
1573531655.82	4300	36	0.0	2055469	2784	2783.53181517	4.3
1573531658.47	4300	40	0.0	2169201	2545	4247.44764002	4.3
1573531661.3	4300	44	0.0	2173522	2740	6191.17411299	4.3
1573531664.23	4300	48	0.0	2102452	2823	6164.91432526	4.3
1573531668.57	4300	52	0.0	2209463	4248	5463.57554797	4.3
1573531674.95	4300	56	0.0	2275376	6227	4194.89611259	4.3
