1573531014.38	750	4	2.476	2354772	2355	7999.22547771	-10.646799999999999
1573531016.0	1850	8	0.0	957685	1375	6892.42647546	0.75
1573531017.7	1850	12	0.0	877771	1601	5882.87660693	1.85
1573531019.89	1850	16.0	0.0	933276	2081	4987.17945585	1.85
1573531024.53	1850	20	0.0	996749	4540	2935.84171533	1.85
1573531027.89	1850	24	0.0	801058	3189	2383.85517425	1.85
1573531029.19	1850	28	0.0	905515	1202	2372.53447687	1.85
1573531032.38	4300	32	0.0	2290172	3074	2576.54905048	1.8499999999999996
1573531035.27	4300	36	0.0	2055469	2782	2759.97999363	4.3
1573531037.91	4300	40	0.0	2169201	2545	4066.07419006	4.3
1573531040.75	4300	44	0.0	2173522	2729	6205.03957842	4.3
1573531043.67	4300	48	0.0	2102452	2820	6170.44538995	4.3
1573531048.02	4300	52	0.0	2209463	4249	5467.36169673	4.3
1573531054.4	4300	56	0.0	2275376	6225	4196.58173365	4.3
