1573556153.88	750	4	3.247	2354772	3136	6007.07142857	-13.962099999999998
1573556154.6	750	8	0.0	398865	492	6067.78614973	0.75
1573556156.23	1850	12	0.0	877771	1399	5734.46606985	0.75
1573556157.44	1850	16.0	0.0	933276	1066	5922.26688035	1.85
1573556158.67	1850	20	0.0	996749	1126	6077.46680613	1.85
1573556159.68	1850	24	0.0	801058	890	6299.87136027	1.85
1573556160.99	1850	28	0.0	905515	1208	6217.7437934	1.85
1573556163.85	4300	32	0.0	2290172	2751	6710.09761114	1.8499999999999996
1573556166.18	4300	36	0.0	2055469	2218	6848.69070294	4.3
1573556178.66	4300	40	0.0	2169201	12370	1972.32437256	4.3
1573556182.96	4300	44	0.0	2173522	4168	2116.89268218	4.3
1573556190.59	4300	48	0.0	2102452	7493	2091.29909052	4.3
1573556193.21	4300	52	0.0	2209463	2512	2082.48487887	4.3
1573556197.23	4300	56	0.0	2275376	3896	2121.83603197	4.3
