1573556360.76	750	4	3.256	2354772	3155	5970.89572108	-14.0008
1573556361.48	750	8	0.0	398865	490	6038.35533631	0.75
1573556363.13	1850	12	0.0	877771	1413	5696.17096985	0.75
1573556364.31	1850	16.0	0.0	933276	1065	5888.18288259	1.85
1573556365.56	1850	20	0.0	996749	1147	6033.86157339	1.85
1573556366.56	1850	24	0.0	801058	892	6253.83485287	1.85
1573556367.85	1850	28	0.0	905515	1184	6204.15449239	1.85
1573556370.73	4300	32	0.0	2290172	2753	6716.92863456	1.8499999999999996
1573556373.05	4300	36	0.0	2055469	2218	6854.00540012	4.3
1573556385.54	4300	40	0.0	2169201	12371	1971.46507928	4.3
1573556389.89	4300	44	0.0	2173522	4226	2115.98265895	4.3
1573556397.44	4300	48	0.0	2102452	7445	2094.14008054	4.3
1573556399.84	4300	52	0.0	2209463	2291	2078.30350976	4.3
1573556403.05	4300	56	0.0	2275376	3070	2106.79950208	4.3
