1573543225.68	750	4	1.19	2354772	1071	17589.3333333	-5.117
1573543226.33	1850	8	0.0	957685	412	17857.8555369	0.75
1573543226.83	1850	12	0.0	877771	394	17850.4774953	1.85
1573543227.98	4300	16.0	0.0	2160877	1059	17268.0051959	1.8499999999999996
1573543229.53	4300	20	0.0	2233056	1449	15249.2563692	4.3
1573543230.66	4300	24	0.0	1941625	1026	14740.0390771	4.3
1573543231.73	4300	28	0.0	2157535	966	14996.4272484	4.3
1573543232.79	4300	32	0.0	2290172	966	15389.79293	4.3
1573543233.58	4300	36	0.0	2055469	696	15959.0806921	4.3
1573543234.44	4300	40	0.0	2169201	767	18723.0719656	4.3
1573543235.34	4300	44	0.0	2173522	792	20481.3729178	4.3
1573543236.33	4300	48	0.0	2102452	894	20795.0151797	4.3
1573543237.39	4300	52	0.0	2209463	958	20651.3009127	4.3
1573543238.26	4300	56	0.0	2275376	772	20691.9754691	4.3
