1573542915.42	750	4	1.186	2354772	1071	17589.3333333	-5.0998
1573542916.07	1850	8	0.0	957685	397	18020.9403209	0.75
1573542916.56	1850	12	0.0	877771	389	18027.4055543	1.85
1573542917.7	4300	16.0	0.0	2160877	1050	17429.5183685	1.8499999999999996
1573542919.26	4300	20	0.0	2233056	1454	15294.8795405	4.3
1573542920.41	4300	24	0.0	1941625	1041	14731.027116	4.3
1573542921.49	4300	28	0.0	2157535	987	14917.8345468	4.3
1573542922.55	4300	32	0.0	2290172	956	15320.7006405	4.3
1573542923.34	4300	36	0.0	2055469	694	15853.1143644	4.3
1573542924.21	4300	40	0.0	2169201	776	18552.1391159	4.3
1573542925.1	4300	44	0.0	2173522	785	20403.0972042	4.3
1573542926.08	4300	48	0.0	2102452	884	20916.9613162	4.3
1573542927.12	4300	52	0.0	2209463	935	20854.9102025	4.3
1573542928.0	4300	56	0.0	2275376	773	20881.35007	4.3
