1573531428.14	750	4	2.49	2354772	2383	7905.23541754	-10.707
1573531429.73	1850	8	0.0	957685	1365	6881.61401611	0.75
1573531431.42	1850	12	0.0	877771	1597	5887.64264198	1.85
1573531433.58	1850	16.0	0.0	933276	2061	5015.03363979	1.85
1573531437.85	1850	20	0.0	996749	4168	3166.30015031	1.85
1573531441.62	1850	24	0.0	801058	3657	2361.4185596	1.85
1573531442.92	1850	28	0.0	905515	1199	2350.23580669	1.85
1573531446.11	4300	32	0.0	2290172	3077	2551.88189931	1.8499999999999996
1573531449.0	4300	36	0.0	2055469	2791	2730.26255775	4.3
1573531451.65	4300	40	0.0	2169201	2555	3636.103127	4.3
1573531454.48	4300	44	0.0	2173522	2735	6193.04069688	4.3
1573531457.4	4300	48	0.0	2102452	2818	6159.57390626	4.3
1573531461.72	4300	52	0.0	2209463	4224	5476.10044826	4.3
1573531468.12	4300	56	0.0	2275376	6293	4172.74735507	4.3
