1573543122.28	750	4	1.171	2354772	1069	17622.2413471	-5.0353
1573543122.92	1850	8	0.0	957685	400	18014.4450397	0.75
1573543123.42	1850	12	0.0	877771	403	17884.1463216	1.85
1573543124.57	4300	16.0	0.0	2160877	1055	17313.5088504	1.8499999999999996
1573543126.11	4300	20	0.0	2233056	1443	15300.2096185	4.3
1573543127.25	4300	24	0.0	1941625	1036	14749.0510344	4.3
1573543128.33	4300	28	0.0	2157535	984	14945.3417619	4.3
1573543129.39	4300	32	0.0	2290172	964	15361.7498587	4.3
1573543130.17	4300	36	0.0	2055469	690	15919.5538556	4.3
1573543131.05	4300	40	0.0	2169201	771	18588.6081681	4.3
1573543131.94	4300	44	0.0	2173522	791	20387.3312946	4.3
1573543132.93	4300	48	0.0	2102452	888	20854.1524826	4.3
1573543133.97	4300	52	0.0	2209463	948	20759.9721264	4.3
1573543134.85	4300	56	0.0	2275376	773	20772.9463409	4.3
