1573542397.45	750	4	0.259	450283	160	22514.15	-1.1137000000000001
1573542398.2	1850	8	0.0	957685	521	16009.9837029	0.75
1573542398.66	1850	12	0.0	877771	362	17043.1989284	1.85
1573542399.79	4300	16.0	0.0	2160877	943	17631.7497467	1.8499999999999996
1573542401.05	4300	20	0.0	2233056	1160	16737.5591156	4.3
1573542402.44	4300	24	0.0	1941625	1290	14847.8893643	4.3
1573542403.66	4300	28	0.0	2157535	1133	14951.2047909	4.3
1573542404.7	4300	32	0.0	2290172	933	15343.712581	4.3
1573542405.67	4300	36	0.0	2055469	871	15370.5184255	4.3
1573542406.54	4300	40	0.0	2169201	767	16159.016993	4.3
1573542407.37	4300	44	0.0	2173522	727	19073.1476512	4.3
1573542408.26	4300	48	0.0	2102452	787	20973.6807508	4.3
1573542409.29	4300	52	0.0	2209463	931	20800.5841836	4.3
1573542410.34	4300	56	0.0	2275376	946	20860.913518	4.3
