1573531324.78	750	4	2.488	2354772	2388	7888.68341709	-10.6984
1573531326.42	1850	8	0.0	957685	1416	6739.6834111	0.75
1573531328.08	1850	12	0.0	877771	1572	5866.8817991	1.85
1573531330.25	1850	16.0	0.0	933276	2078	4987.01935553	1.85
1573531334.9	1850	20	0.0	996749	4546	2936.59130902	1.85
1573531338.25	1850	24	0.0	801058	3173	2387.62451085	1.85
1573531339.56	1850	28	0.0	905515	1200	2375.19754039	1.85
1573531342.73	4300	32	0.0	2290172	3074	2579.17480757	1.8499999999999996
1573531345.61	4300	36	0.0	2055469	2784	2762.77177196	4.3
1573531348.26	4300	40	0.0	2169201	2545	4081.57796272	4.3
1573531351.09	4300	44	0.0	2173522	2739	6200.21760397	4.3
1573531354.03	4300	48	0.0	2102452	2824	6163.44456496	4.3
1573531358.39	4300	52	0.0	2209463	4255	5459.42672968	4.3
1573531364.74	4300	56	0.0	2275376	6224	4194.53404486	4.3
