1579149256.5	750	3.999388	4.025	181801	3650	398.467945205	-17.3075
1579149260.93	300	4.498794	0.933	155580	4030	345.809536755	-4.1619
1579149262.26	300	7.169676	0.0	139857	1230	378.16824424	0.3
1579149263.68	300	9.757123	0.0	155432	1314	409.787969467	0.3
1579149265.16	300	12.271572	0.0	163442	1387	439.464672985	0.3
1579149266.33	300	15.10621	0.0	126289	1064	490.989783336	0.3
1579149269.45	750	15.980031	0.0	352642	2923	947.003763963	0.3
1579149273.74	750	15.688644	0.0	437162	4194	903.939340625	0.75
1579149277.65	750	15.778377	0.0	374758	3818	862.941960104	0.75
1579149280.89	750	16.542016	0.0	362795	3137	868.319717256	0.75
1579149284.75	750	16.682056	0.0	353220	3759	836.693066891	0.75
1579149289.09	750	16.345698	0.0	405134	4244	803.355198189	0.75
1579149292.74	750	16.689598	0.0	386351	3554	808.485761034	0.75
1579149296.53	750	16.902428	0.0	434409	3689	837.463068558	0.75
1579149299.73	750	17.704326	0.0	337059	3098	829.31243904	0.75
1579149303.3	750	18.134324	0.0	366214	3466	850.678544298	0.75
1579149307.03	750	18.404114	0.0	360831	3632	861.948770652	0.75
1579149310.9	750	18.533662	0.0	372963	3759	844.970352794	0.75
1579149316.61	750	16.819223	0.0	405596	5617	733.338811347	0.75
1579149319.9	750	17.53674	0.0	350713	3182	735.124260819	0.75
1579149323.91	750	17.525002	0.0	386472	3911	728.688556111	0.75
1579149327.95	750	17.48358	0.0	399894	3946	732.17791533	0.75
1579149331.77	750	17.667075	0.0	401853	3712	742.466690591	0.75
1579149334.69	750	18.744639	0.0	343800	2829	852.604681995	0.75
1579149337.91	750	19.524724	0.0	359903	3125	858.879617544	0.75
1579149341.7	750	19.732501	0.0	379700	3701	867.204379509	0.75
1579149346.59	750	18.840124	0.0	425781	4791	831.575879255	0.75
1579149349.24	750	20.190484	0.0	277716	2554	829.853216268	0.75
1579149353.91	750	19.526075	0.0	400396	4568	777.872211601	0.75
1579149358.28	750	19.147762	0.0	400508	4270	753.499388262	0.75
1579149361.48	750	19.954838	0.0	358218	3096	764.301282011	0.75
1579149365.82	750	19.61516	0.0	400322	4247	776.816068529	0.75
1579149369.48	750	19.956982	0.0	369834	3566	775.008893844	0.75
1579149373.71	750	19.724094	0.0	412837	4140	799.795808773	0.75
1579149378.05	750	19.384235	0.0	401088	4247	801.141378202	0.75
1579149381.73	750	19.705065	0.0	365161	3576	787.313663351	0.75
1579149384.51	750	20.92243	0.0	321064	2685	817.025425613	0.75
1579149387.64	750	21.791287	0.0	361565	3033	834.979427547	0.75
1579149390.96	750	22.472852	0.0	378327	3212	863.800143126	0.75
1579149395.95	750	21.485277	0.0	390680	4881	812.631743178	0.75
1579149399.62	750	21.815238	0.0	345516	3556	804.280988267	0.75
1579149403.43	750	21.998074	0.0	384505	3718	790.365656932	0.75
1579149407.07	750	22.357891	0.0	372093	3543	777.644178374	0.75
1579149411.42	750	22.007387	0.0	438281	4256	765.27259643	0.75
1579149415.86	750	21.572211	0.0	398987	4339	797.205393443	0.75
1579149422.4	750	19.034697	0.0	393804	6441	676.818535908	0.75
1579149429.39	750	16.040328	0.0	331053	6871	549.963001412	0.75
1579149432.57	750	16.864086	0.0	314107	3075	545.199403361	0.75
1579149435.39	750	15.719163	0.0	255954	2733	529.507148054	0.75

