1579149933.2	750	4	4.04	181801	3680	395.219565217	-17.372
1579149937.63	300	4.453398	0.875	155580	4017	345.530318315	-3.9125000000000005
1579149938.96	300	7.119005	0.0	139857	1236	377.855503887	0.3
1579149940.37	300	9.706162	0.0	155432	1313	409.385650191	0.3
1579149941.85	300	12.230517	0.0	163442	1376	438.966993823	0.3
1579149943.02	300	15.056289	0.0	126289	1077	492.502304652	0.3
1579149946.14	750	15.939349	0.0	352642	2924	945.981906054	0.3
1579149950.41	750	15.663888	0.0	437162	4179	905.239239847	0.75
1579149954.29	750	15.791476	0.0	374758	3781	866.672937739	0.75
1579149957.52	750	16.554064	0.0	362795	3137	871.14088826	0.75
1579149961.36	750	16.721266	0.0	353220	3733	840.835034481	0.75
1579149965.7	750	16.375451	0.0	405134	4252	806.428507457	0.75
1579149969.38	750	16.699275	0.0	386351	3575	810.302928588	0.75
1579149973.16	750	16.916419	0.0	434409	3684	837.758741239	0.75
1579149976.36	750	17.717856	0.0	337059	3097	829.643100255	0.75
1579149979.92	750	18.162648	0.0	366214	3453	850.116153683	0.75
1579149983.66	750	18.413804	0.0	360831	3649	860.857890733	0.75
1579149987.58	750	18.502136	0.0	372963	3815	841.854635842	0.75
1579149993.35	750	16.730627	0.0	405596	5674	728.126134453	0.75
1579149996.49	750	17.58732	0.0	350713	3042	733.109511025	0.75
1579150000.47	750	17.610127	0.0	386472	3876	727.461788645	0.75
1579150004.69	750	17.385758	0.0	399894	4130	725.975304707	0.75
1579150008.37	750	17.711702	0.0	401853	3581	740.990262774	0.75
1579150011.29	750	18.786962	0.0	343800	2830	856.260617958	0.75
1579150014.64	750	19.43647	0.0	359903	3255	850.783454516	0.75
1579150018.26	750	19.816268	0.0	379700	3517	866.327396126	0.75
1579150023.19	750	18.885063	0.0	425781	4830	837.75461286	0.75
1579150025.98	750	20.10239	0.0	277716	2690	824.377621341	0.75
1579150030.42	750	19.656663	0.0	400396	4352	784.3311967	0.75
1579150034.81	750	19.266529	0.0	400508	4284	761.967650647	0.75
1579150037.95	750	20.130707	0.0	358218	3038	768.76765102	0.75
1579150042.29	750	19.790947	0.0	400322	4247	783.607599552	0.75
1579150046.0	750	20.082605	0.0	369834	3616	784.21518825	0.75
1579150050.2	750	19.883485	0.0	412837	4106	800.302757629	0.75
1579150054.47	750	19.606789	0.0	401088	4184	805.247049255	0.75
1579150058.24	750	19.835669	0.0	365161	3668	786.004685865	0.75
1579150061.03	750	21.052392	0.0	321064	2686	815.388334329	0.75
1579150064.11	750	21.971828	0.0	361565	2983	837.340185574	0.75
1579150067.41	750	22.66567	0.0	378327	3210	864.607037331	0.75
1579150072.24	750	21.836818	0.0	390680	4734	820.339074509	0.75
1579150076.03	750	22.052109	0.0	345516	3676	809.834971495	0.75
1579150079.94	750	22.135094	0.0	384505	3818	791.318910669	0.75
1579150083.59	750	22.48438	0.0	372093	3552	776.974031674	0.75
1579150087.87	750	22.205868	0.0	438281	4184	766.983700638	0.75
1579150092.31	750	21.77116	0.0	398987	4340	790.391761605	0.75
1579150098.37	750	19.712055	0.0	393804	5964	701.443136456	0.75
1579150106.1	750	15.980366	0.0	331053	7609	531.217478494	0.75
1579150109.25	750	16.824248	0.0	314107	3064	526.589754782	0.75
1579150112.08	750	15.679662	0.0	255954	2732	510.602630729	0.75

