1579149707.52	750	4	3.941	181801	3552	409.461711712	-16.9463
1579149712.02	300	4.45744	0.961	155580	4072	346.594670756	-4.2823
1579149713.37	300	7.109775	0.0	139857	1249	379.331366164	0.3
1579149714.85	300	9.635081	0.0	155432	1376	411.377929151	0.3
1579149716.33	300	12.149451	0.0	163442	1387	441.006078715	0.3
1579149717.49	300	14.988373	0.0	126289	1062	485.800650155	0.3
1579149720.61	750	15.871158	0.0	352642	2923	937.171619509	0.3
1579149725.01	750	15.471016	0.0	437162	4302	888.928148805	0.75
1579149728.74	750	15.744806	0.0	374758	3620	870.084104095	0.75
1579149731.97	750	16.507976	0.0	362795	3136	874.789473605	0.75
1579149735.82	750	16.66247	0.0	353220	3744	842.425743148	0.75
1579149740.15	750	16.335355	0.0	405134	4234	808.562799701	0.75
1579149743.83	750	16.65428	0.0	386351	3580	817.670888957	0.75
1579149747.61	750	16.869612	0.0	434409	3686	837.879971034	0.75
1579149750.8	750	17.682216	0.0	337059	3085	830.216332756	0.75
1579149754.36	750	18.123699	0.0	366214	3458	851.153060241	0.75
1579149758.12	750	18.361891	0.0	360831	3662	860.098311099	0.75
1579149761.89	750	18.588445	0.0	372963	3677	848.795412535	0.75
1579149767.54	750	16.936148	0.0	405596	5555	739.101475744	0.75
1579149770.82	750	17.665188	0.0	350713	3170	740.866269257	0.75
1579149774.82	750	17.660533	0.0	386472	3904	734.163955424	0.75
1579149778.89	750	17.586245	0.0	399894	3980	737.562485779	0.75
1579149782.72	750	17.761939	0.0	401853	3731	744.979264408	0.75
1579149785.64	750	18.839022	0.0	343800	2829	850.813769079	0.75
1579149788.84	750	19.636978	0.0	359903	3107	857.244801628	0.75
1579149792.58	750	19.904129	0.0	379700	3641	868.377421845	0.75
1579149797.53	750	18.955752	0.0	425781	4847	830.736236551	0.75
1579149800.17	750	20.306044	0.0	277716	2556	829.724665224	0.75
1579149804.73	750	19.751308	0.0	400396	4459	783.184337432	0.75
1579149809.2	750	19.281796	0.0	400508	4360	754.039073279	0.75
1579149812.33	750	20.149343	0.0	358218	3035	764.405476103	0.75
1579149816.67	750	19.810029	0.0	400322	4248	779.701854186	0.75
1579149820.36	750	20.125763	0.0	369834	3592	776.883889056	0.75
1579149824.55	750	19.932798	0.0	412837	4100	797.892753453	0.75
1579149828.93	750	19.552461	0.0	401088	4288	801.62469315	0.75
1579149832.65	750	19.82719	0.0	365161	3621	784.421309498	0.75
1579149835.44	750	21.044345	0.0	321064	2684	813.606810416	0.75
1579149838.52	750	21.964456	0.0	361565	2982	834.22412909	0.75
1579149841.77	750	22.715047	0.0	378327	3154	863.017305612	0.75
1579149846.57	750	21.912238	0.0	390680	4709	826.550587178	0.75
1579149850.44	750	22.041628	0.0	345516	3763	808.664397712	0.75
1579149854.26	750	22.222856	0.0	384505	3720	794.193563449	0.75
1579149857.91	750	22.567797	0.0	372093	3557	779.388981166	0.75
1579149862.19	750	22.295332	0.0	438281	4178	768.038310359	0.75
1579149866.63	750	21.853485	0.0	398987	4340	790.174625109	0.75
1579149872.52	750	19.961627	0.0	393804	5797	712.712774127	0.75
1579149880.08	750	16.396432	0.0	331053	7442	541.956307913	0.75
1579149883.14	750	17.342527	0.0	314107	2963	537.952899492	0.75
1579149885.96	750	16.196531	0.0	255954	2731	521.629483658	0.75

