1579149030.9	750	4	4.042	181801	3680	395.219565217	-17.380599999999998
1579149035.35	300	4.448533	0.897	155580	4031	344.757758711	-4.0071
1579149036.68	300	7.115123	0.0	139857	1236	377.004088079	0.3
1579149038.09	300	9.703496	0.0	155432	1313	408.467595262	0.3
1579149039.58	300	12.217206	0.0	163442	1388	438.031625812	0.3
1579149040.74	300	15.054577	0.0	126289	1064	490.844267603	0.3
1579149043.86	750	15.936365	0.0	352642	2924	946.108958626	0.3
1579149048.14	750	15.657695	0.0	437162	4182	905.029683724	0.75
1579149052.02	750	15.776311	0.0	374758	3775	866.983819456	0.75
1579149055.26	750	16.538758	0.0	362795	3137	872.003771239	0.75
1579149059.1	750	16.699393	0.0	353220	3739	840.661954845	0.75
1579149063.44	750	16.355183	0.0	405134	4251	806.332686117	0.75
1579149067.12	750	16.683085	0.0	386351	3571	810.479167071	0.75
1579149070.9	750	16.900771	0.0	434409	3686	837.58109345	0.75
1579149074.07	750	17.726392	0.0	337059	3072	830.487196128	0.75
1579149077.62	750	18.172953	0.0	366214	3453	851.396058296	0.75
1579149081.39	750	18.410346	0.0	360831	3662	861.41111731	0.75
1579149085.22	750	18.579186	0.0	372963	3733	846.639140067	0.75
1579149091.02	750	16.779216	0.0	405596	5704	729.170864548	0.75
1579149094.3	750	17.495663	0.0	350713	3182	730.302022167	0.75
1579149098.3	750	17.495893	0.0	386472	3898	724.133707085	0.75
1579149102.46	750	17.342125	0.0	399894	4058	725.283820603	0.75
1579149106.12	750	17.674256	0.0	401853	3575	737.787838176	0.75
1579149109.05	750	18.749738	0.0	343800	2828	853.412364532	0.75
1579149112.26	750	19.537501	0.0	359903	3115	860.14095186	0.75
1579149115.86	750	19.942445	0.0	379700	3491	879.158015302	0.75
1579149120.81	750	18.987647	0.0	425781	4855	843.221616246	0.75
1579149123.46	750	20.336837	0.0	277716	2557	835.915568899	0.75
1579149127.85	750	19.952826	0.0	400396	4278	796.917615668	0.75
1579149132.4	750	19.396698	0.0	400508	4448	761.899128233	0.75
1579149135.5	750	20.296128	0.0	358218	3002	768.800923002	0.75
1579149139.84	750	19.955214	0.0	400322	4246	785.033787165	0.75
1579149143.69	750	20.104935	0.0	369834	3758	775.758074501	0.75
1579149147.89	750	19.909112	0.0	412837	4102	788.007646868	0.75
1579149152.17	750	19.629596	0.0	401088	4185	800.523184262	0.75
1579149156.09	750	19.710809	0.0	365161	3817	775.080688966	0.75
1579149158.87	750	20.927607	0.0	321064	2686	802.159346979	0.75
1579149161.95	750	21.850864	0.0	361565	2978	829.686566837	0.75
1579149165.24	750	22.557107	0.0	378327	3201	855.932229794	0.75
1579149170.13	750	21.665433	0.0	390680	4798	808.762357595	0.75
1579149173.91	750	21.892512	0.0	345516	3665	806.501160518	0.75
1579149177.72	750	22.074612	0.0	384505	3719	792.348278226	0.75
1579149181.49	750	22.30658	0.0	372093	3670	773.518776778	0.75
1579149185.66	750	22.13643	0.0	438281	4076	766.918843593	0.75
1579149190.1	750	21.701759	0.0	398987	4339	794.094709739	0.75
1579149196.24	750	19.558895	0.0	393804	6048	698.854431675	0.75
1579149203.92	750	15.874333	0.0	331053	7561	531.329923722	0.75
1579149207.09	750	16.711206	0.0	314107	3072	527.351489628	0.75
1579149209.91	750	15.564504	0.0	255954	2731	510.852730814	0.75

