1579148128.66	750	4	3.967	181801	3578	406.486305198	-17.0581
1579148133.28	300	4.498299	1.117	155580	4171	340.166904572	-4.9531
1579148134.61	300	7.173212	0.0	139857	1227	372.053067695	0.3
1579148136.02	300	9.760099	0.0	155432	1315	403.311599264	0.3
1579148137.51	300	12.274325	0.0	163442	1387	432.718140399	0.3
1579148138.67	300	15.113233	0.0	126289	1061	474.675243516	0.3
1579148141.8	750	15.98185	0.0	352642	2926	947.281623231	0.3
1579148146.24	750	15.544047	0.0	437162	4332	890.451265787	0.75
1579148149.92	750	15.855988	0.0	374758	3580	870.579323026	0.75
1579148153.17	750	16.611978	0.0	362795	3137	875.182420959	0.75
1579148157.05	750	16.734316	0.0	353220	3770	841.156752278	0.75
1579148161.39	750	16.396538	0.0	405134	4225	808.016793941	0.75
1579148165.04	750	16.742852	0.0	386351	3541	820.003614233	0.75
1579148168.83	750	16.952777	0.0	434409	3690	838.387437084	0.75
1579148172.02	750	17.762358	0.0	337059	3086	830.704092478	0.75
1579148175.59	750	18.191422	0.0	366214	3472	852.578188582	0.75
1579148179.32	750	18.461662	0.0	360831	3629	862.982787497	0.75
1579148183.17	750	18.606528	0.0	372963	3759	845.34566583	0.75
1579148189.02	750	16.757205	0.0	405596	5749	725.938089777	0.75
1579148192.3	750	17.474803	0.0	350713	3182	727.412975328	0.75
1579148196.36	750	17.420758	0.0	386472	3952	720.253002188	0.75
1579148200.39	750	17.387061	0.0	399894	3922	724.334667339	0.75
1579148204.19	750	17.591701	0.0	401853	3693	734.781186921	0.75
1579148207.11	750	18.666718	0.0	343800	2829	852.446454805	0.75
1579148210.37	750	19.412831	0.0	359903	3143	857.953731998	0.75
1579148214.22	750	19.559413	0.0	379700	3752	865.838260059	0.75
1579148219.08	750	18.706354	0.0	425781	4750	831.770481785	0.75
1579148221.75	750	20.033647	0.0	277716	2555	829.173179176	0.75
1579148226.31	750	19.474047	0.0	400396	4453	783.147885309	0.75
1579148230.56	750	19.224428	0.0	400508	4146	763.28391339	0.75
1579148233.76	750	20.022277	0.0	358218	3105	776.45751723	0.75
1579148238.11	750	19.66646	0.0	400322	4246	787.875194702	0.75
1579148241.76	750	20.016026	0.0	369834	3541	786.342785745	0.75
1579148246.03	750	19.757366	0.0	412837	4147	805.972442721	0.75
1579148250.42	750	19.363744	0.0	401088	4289	799.612703571	0.75
1579148254.07	750	19.709419	0.0	365161	3550	787.094948107	0.75
1579148256.85	750	20.92569	0.0	321064	2686	816.690742546	0.75
1579148260.06	750	21.715846	0.0	361565	3111	830.631380646	0.75
1579148263.23	750	22.550194	0.0	378327	3060	865.273863122	0.75
1579148268.22	750	21.56186	0.0	390680	4881	816.038431715	0.75
1579148271.78	750	21.998998	0.0	345516	3457	811.283662628	0.75
1579148275.6	750	22.180349	0.0	384505	3719	796.598352709	0.75
1579148279.24	750	22.537678	0.0	372093	3547	785.428842431	0.75
1579148283.57	750	22.214169	0.0	438281	4216	770.053066327	0.75
1579148288.02	750	21.763035	0.0	398987	4340	802.726509683	0.75
1579148294.47	750	19.30972	0.0	393804	6341	682.860234121	0.75
1579148301.63	750	16.151602	0.0	331053	7035	546.210821304	0.75
1579148304.82	750	16.96014	0.0	314107	3078	541.452517521	0.75
1579148307.66	750	15.80166	0.0	255954	2731	525.538864697	0.75

