1579148354.26	750	4	4.029	181801	3651	398.358805807	-17.3247
1579148358.7	300	4.498908	0.931	155580	3989	348.06978972	-4.1533
1579148360.04	300	7.157076	0.0	139857	1233	380.678048799	0.3
1579148361.45	300	9.745159	0.0	155432	1314	412.479983144	0.3
1579148362.93	300	12.258441	0.0	163442	1388	442.294062568	0.3
1579148364.09	300	15.097609	0.0	126289	1063	495.869964879	0.3
1579148367.21	750	15.978909	0.0	352642	2922	946.727857719	0.3
1579148371.5	750	15.692644	0.0	437162	4188	904.592837217	0.75
1579148375.43	750	15.766899	0.0	374758	3819	863.32809284	0.75
1579148378.66	750	16.530812	0.0	362795	3137	868.716027197	0.75
1579148382.52	750	16.673037	0.0	353220	3756	837.130350818	0.75
1579148386.86	750	16.334757	0.0	405134	4230	804.335768696	0.75
1579148390.56	750	16.628969	0.0	386351	3605	807.331391526	0.75
1579148394.35	750	16.839259	0.0	434409	3689	836.210307954	0.75
1579148397.52	750	17.667586	0.0	337059	3070	829.227667902	0.75
1579148401.09	750	18.09714	0.0	366214	3466	850.402335168	0.75
1579148404.87	750	18.32426	0.0	360831	3672	858.473475398	0.75
1579148408.67	750	18.522421	0.0	372963	3704	846.983764819	0.75
1579148414.4	750	16.794533	0.0	405596	5630	733.736323698	0.75
1579148417.69	750	17.508788	0.0	350713	3183	734.78537151	0.75
1579148421.71	750	17.48154	0.0	386472	3915	728.240383808	0.75
1579148425.76	750	17.435851	0.0	399894	3940	733.131121939	0.75
1579148429.55	750	17.644211	0.0	401853	3698	742.112590589	0.75
1579148432.48	750	18.708333	0.0	343800	2829	853.311831483	0.75
1579148435.7	750	19.48757	0.0	359903	3124	859.694150861	0.75
1579148439.5	750	19.691444	0.0	379700	3692	868.797297849	0.75
1579148444.47	750	18.722263	0.0	425781	4870	827.736823134	0.75
1579148447.25	750	19.938944	0.0	277716	2688	819.124047724	0.75
1579148451.78	750	19.411491	0.0	400396	4432	776.334122445	0.75
1579148456.13	750	19.062187	0.0	400508	4242	753.250697149	0.75
1579148459.34	750	19.853261	0.0	358218	3112	763.295927681	0.75
1579148463.7	750	19.494303	0.0	400322	4248	779.607547137	0.75
1579148467.35	750	19.838834	0.0	369834	3550	782.670271906	0.75
1579148471.62	750	19.576626	0.0	412837	4157	800.470345809	0.75
1579148475.99	750	19.198453	0.0	401088	4271	799.391959778	0.75
1579148479.67	750	19.5228	0.0	365161	3571	786.322863251	0.75
1579148482.46	750	20.736975	0.0	321064	2687	815.820693082	0.75
1579148485.53	750	21.659423	0.0	361565	2971	835.041850958	0.75
1579148488.75	750	22.437004	0.0	378327	3119	868.877992451	0.75
1579148493.8	750	21.388655	0.0	390680	4953	812.589972579	0.75
1579148497.25	750	21.944429	0.0	345516	3345	814.106700728	0.75
1579148501.19	750	22.000696	0.0	384505	3846	793.761247294	0.75
1579148504.83	750	22.359108	0.0	372093	3544	779.100134439	0.75
1579148509.01	750	22.186694	0.0	438281	4064	770.489255916	0.75
1579148513.57	750	21.626104	0.0	398987	4466	801.534634196	0.75
1579148519.89	750	19.299008	0.0	393804	6232	685.502500904	0.75
1579148527.07	750	16.120645	0.0	331053	7054	547.798250506	0.75
1579148530.21	750	16.980461	0.0	314107	3035	543.301676153	0.75
1579148533.05	750	15.8185	0.0	255954	2730	526.460811718	0.75

