1579149482.04	750	3.999742	4.025	181801	3650	398.467945205	-17.3075
1579149486.48	300	4.499262	0.935	155580	4018	346.479749124	-4.1705000000000005
1579149487.81	300	7.168364	0.0	139857	1233	378.927971502	0.3
1579149489.22	300	9.755936	0.0	155432	1314	410.595519176	0.3
1579149490.71	300	12.268662	0.0	163442	1388	440.309570843	0.3
1579149491.87	300	15.106087	0.0	126289	1064	492.399380338	0.3
1579149494.99	750	15.98944	0.0	352642	2923	946.494325609	0.3
1579149499.27	750	15.707584	0.0	437162	4184	904.832773569	0.75
1579149503.2	750	15.777789	0.0	374758	3838	862.02619988	0.75
1579149506.43	750	16.540096	0.0	362795	3136	867.593919759	0.75
1579149510.29	750	16.68757	0.0	353220	3752	836.537669605	0.75
1579149514.63	750	16.347972	0.0	405134	4245	803.178873602	0.75
1579149518.29	750	16.687231	0.0	386351	3560	807.667060405	0.75
1579149522.07	750	16.901987	0.0	434409	3688	837.618507961	0.75
1579149525.26	750	17.713897	0.0	337059	3086	829.918610523	0.75
1579149528.82	750	18.151093	0.0	366214	3463	851.068963371	0.75
1579149532.6	750	18.378136	0.0	360831	3674	859.986594106	0.75
1579149536.37	750	18.603414	0.0	372963	3677	847.761239056	0.75
1579149542.11	750	16.867986	0.0	405596	5638	733.709783469	0.75
1579149545.43	750	17.547892	0.0	350713	3220	734.229005102	0.75
1579149549.43	750	17.543771	0.0	386472	3903	727.998156303	0.75
1579149553.48	750	17.498525	0.0	399894	3952	732.60073389	0.75
1579149557.3	750	17.677642	0.0	401853	3716	740.281309478	0.75
1579149560.22	750	18.754819	0.0	343800	2828	850.84473573	0.75
1579149563.44	750	19.537502	0.0	359903	3122	858.98072382	0.75
1579149567.22	750	19.756422	0.0	379700	3689	867.499365519	0.75
1579149572.12	750	18.85259	0.0	425781	4804	831.313232346	0.75
1579149574.76	750	20.21677	0.0	277716	2543	830.23878406	0.75
1579149579.32	750	19.658764	0.0	400396	4464	783.341899737	0.75
1579149583.7	750	19.279259	0.0	400508	4274	757.959073556	0.75
1579149586.85	750	20.128672	0.0	358218	3054	769.777988125	0.75
1579149591.19	750	19.788637	0.0	400322	4246	783.444039493	0.75
1579149594.87	750	20.103807	0.0	369834	3593	779.9466649	0.75
1579149599.08	750	19.89612	0.0	412837	4114	800.933863324	0.75
1579149603.45	750	19.519836	0.0	401088	4284	800.73633804	0.75
1579149607.16	750	19.812359	0.0	365161	3604	784.749847833	0.75
1579149609.94	750	21.030244	0.0	321064	2684	813.900572076	0.75
1579149613.02	750	21.951735	0.0	361565	2980	834.667378937	0.75
1579149616.25	750	22.727891	0.0	378327	3130	865.355211146	0.75
1579149621.08	750	21.893799	0.0	390680	4739	826.135431803	0.75
1579149624.76	750	22.210533	0.0	345516	3593	816.778828002	0.75
1579149628.58	750	22.390186	0.0	384505	3722	801.353117573	0.75
1579149632.24	750	22.731605	0.0	372093	3562	785.703965582	0.75
1579149636.38	750	22.592177	0.0	438281	4046	777.437319753	0.75
1579149640.81	750	22.161464	0.0	398987	4325	803.152958785	0.75
1579149646.47	750	20.507918	0.0	393804	5558	728.955024865	0.75
1579149654.69	750	16.286222	0.0	331053	8116	517.646299516	0.75
1579149657.95	750	17.02499	0.0	314107	3158	512.520749451	0.75
1579149660.77	750	15.879819	0.0	255954	2731	496.135001505	0.75

