1579150158.68	750	4	3.942	181801	3565	407.96858345	-16.950599999999998
1579150163.27	300	4.445492	1.034	155580	4144	342.078396437	-4.5962000000000005
1579150164.59	300	7.123069	0.0	139857	1227	374.182941987	0.3
1579150166.01	300	9.709503	0.0	155432	1314	405.620713023	0.3
1579150167.49	300	12.224033	0.0	163442	1387	435.171098619	0.3
1579150168.66	300	15.062235	0.0	126289	1063	477.741389621	0.3
1579150171.77	750	15.945349	0.0	352642	2923	947.510510739	0.3
1579150176.07	750	15.647523	0.0	437162	4200	903.43194902	0.75
1579150179.99	750	15.729776	0.0	374758	3811	863.120001406	0.75
1579150183.22	750	16.493107	0.0	362795	3136	868.530189932	0.75
1579150187.09	750	16.625575	0.0	353220	3767	836.357136576	0.75
1579150191.43	750	16.291937	0.0	405134	4241	803.215546441	0.75
1579150195.09	750	16.629789	0.0	386351	3560	808.359447926	0.75
1579150198.88	750	16.841148	0.0	434409	3691	836.890803412	0.75
1579150202.06	750	17.654699	0.0	337059	3085	829.248664572	0.75
1579150205.64	750	18.081398	0.0	366214	3471	850.848587988	0.75
1579150209.41	750	18.310386	0.0	360831	3672	859.621869092	0.75
1579150213.19	750	18.522974	0.0	372963	3690	846.73181276	0.75
1579150218.95	750	16.771185	0.0	405596	5656	732.138904492	0.75
1579150222.15	750	17.563249	0.0	350713	3107	735.406011052	0.75
1579150226.16	750	17.560294	0.0	386472	3903	729.317690733	0.75
1579150230.37	750	17.344761	0.0	399894	4122	728.720096659	0.75
1579150234.04	750	17.681315	0.0	401853	3570	740.230294996	0.75
1579150236.96	750	18.758297	0.0	343800	2829	852.963586911	0.75
1579150240.31	750	19.410207	0.0	359903	3253	850.358875055	0.75
1579150243.95	750	19.771856	0.0	379700	3546	865.995222574	0.75
1579150248.85	750	18.867209	0.0	425781	4804	838.692197694	0.75
1579150251.63	750	20.084358	0.0	277716	2690	824.881387323	0.75
1579150256.11	750	19.604273	0.0	400396	4388	783.002167929	0.75
1579150260.54	750	19.173477	0.0	400508	4323	759.199266521	0.75
1579150263.73	750	19.989681	0.0	358218	3086	765.538295117	0.75
1579150268.07	750	19.649577	0.0	400322	4247	778.767032216	0.75
1579150271.78	750	19.933506	0.0	369834	3624	779.302653577	0.75
1579150276.02	750	19.697329	0.0	412837	4142	795.284540717	0.75
1579150280.32	750	19.401624	0.0	401088	4204	801.061525694	0.75
1579150284.02	750	19.693467	0.0	365161	3605	785.891148376	0.75
1579150286.81	750	20.911228	0.0	321064	2686	815.254038304	0.75
1579150289.94	750	21.780264	0.0	361565	3034	835.800297684	0.75
1579150293.22	750	22.496899	0.0	378327	3189	865.85365311	0.75
1579150298.19	750	21.529629	0.0	390680	4873	812.560885732	0.75
1579150301.77	750	21.945233	0.0	345516	3494	808.587777806	0.75
1579150305.59	750	22.126957	0.0	384505	3719	794.208634989	0.75
1579150309.24	750	22.479571	0.0	372093	3549	781.013891662	0.75
1579150313.55	750	22.168438	0.0	438281	4218	769.014977362	0.75
1579150317.98	750	21.73459	0.0	398987	4340	801.010961373	0.75
1579150324.2	750	19.51545	0.0	393804	6124	694.463659577	0.75
1579150331.85	750	15.862693	0.0	331053	7531	530.893304692	0.75
1579150335.07	750	16.651883	0.0	314107	3108	526.002135065	0.75
1579150337.89	750	15.505168	0.0	255954	2732	510.282138791	0.75

