1579148805.4	750	4	4.039	181801	3648	398.686403509	-17.3677
1579148809.81	300	4.49852	0.905	155580	3974	349.015079051	-4.0415
1579148811.14	300	7.168625	0.0	139857	1232	381.717176271	0.3
1579148812.55	300	9.755221	0.0	155432	1315	413.611995256	0.3
1579148814.04	300	12.269352	0.0	163442	1387	443.486935784	0.3
1579148815.2	300	15.107454	0.0	126289	1064	497.680514399	0.3
1579148818.32	750	15.989111	0.0	352642	2924	946.510001319	0.3
1579148822.61	750	15.700593	0.0	437162	4189	904.275901952	0.75
1579148826.57	750	15.740214	0.0	374758	3858	860.133649002	0.75
1579148829.8	750	16.503422	0.0	362795	3136	865.840327341	0.75
1579148833.68	750	16.633752	0.0	353220	3766	834.396978036	0.75
1579148838.02	750	16.288249	0.0	405134	4241	801.618489377	0.75
1579148841.67	750	16.638026	0.0	386351	3548	806.675460539	0.75
1579148845.46	750	16.850996	0.0	434409	3691	837.452373357	0.75
1579148848.64	750	17.664787	0.0	337059	3084	829.836852538	0.75
1579148852.21	750	18.093289	0.0	366214	3470	851.483303749	0.75
1579148855.98	750	18.321463	0.0	360831	3671	860.35653344	0.75
1579148859.81	750	18.49177	0.0	372963	3732	844.656277377	0.75
1579148865.6	750	16.704275	0.0	405596	5690	728.975404111	0.75
1579148868.89	750	17.418575	0.0	350713	3183	730.377428628	0.75
1579148872.92	750	17.386403	0.0	386472	3933	723.597269703	0.75
1579148876.95	750	17.354005	0.0	399894	3937	728.516264596	0.75
1579148880.75	750	17.558682	0.0	401853	3702	738.08377378	0.75
1579148883.67	750	18.636393	0.0	343800	2827	852.340714581	0.75
1579148886.9	750	19.407128	0.0	359903	3133	858.31731229	0.75
1579148890.72	750	19.583767	0.0	379700	3731	866.257948909	0.75
1579148895.6	750	18.705354	0.0	425781	4779	831.079065407	0.75
1579148898.25	750	20.055124	0.0	277716	2555	828.837778974	0.75
1579148902.74	750	19.565566	0.0	400396	4397	785.565207656	0.75
1579148907.16	750	19.152322	0.0	400508	4318	758.408777581	0.75
1579148910.35	750	19.955024	0.0	358218	3093	770.720035961	0.75
1579148914.71	750	19.599529	0.0	400322	4247	783.131751394	0.75
1579148918.44	750	19.862273	0.0	369834	3630	778.71111329	0.75
1579148922.7	750	19.602786	0.0	412837	4154	794.591776501	0.75
1579148927.07	750	19.237231	0.0	401088	4273	796.951011238	0.75
1579148930.73	750	19.58134	0.0	365161	3550	784.285659161	0.75
1579148933.51	750	20.799811	0.0	321064	2684	813.388648877	0.75
1579148936.58	750	21.729906	0.0	361565	2970	836.254012441	0.75
1579148939.73	750	22.574936	0.0	378327	3060	872.557956256	0.75
1579148944.73	750	21.580596	0.0	390680	4899	819.588633403	0.75
1579148948.21	750	22.095816	0.0	345516	3375	818.783787328	0.75
1579148952.14	750	22.16644	0.0	384505	3831	798.391609107	0.75
1579148955.79	750	22.51752	0.0	372093	3548	783.175670294	0.75
1579148959.93	750	22.378705	0.0	438281	4045	773.485919324	0.75
1579148964.48	750	21.826128	0.0	398987	4450	802.324597077	0.75
1579148970.51	750	19.79886	0.0	393804	5933	702.45711228	0.75
1579148978.01	750	16.299216	0.0	331053	7376	541.533703994	0.75
1579148981.11	750	17.191951	0.0	314107	3004	537.232037192	0.75
1579148983.94	750	16.047263	0.0	255954	2730	520.324490907	0.75

