1579148579.86	750	3.999538	4.081	181801	3648	398.686403509	-17.548299999999998
1579148584.22	300	4.497697	0.865	155580	3919	352.120370863	-3.8695000000000004
1579148585.56	300	7.160957	0.0	139857	1239	385.183082428	0.3
1579148586.98	300	9.746779	0.0	155432	1315	417.317527676	0.3
1579148588.46	300	12.262321	0.0	163442	1387	447.367645635	0.3
1579148589.63	300	15.096131	0.0	126289	1066	504.336009528	0.3
1579148592.77	750	15.957134	0.0	352642	2924	945.362884616	0.3
1579148597.04	750	15.678308	0.0	437162	4182	904.803290248	0.75
1579148600.95	750	15.770336	0.0	374758	3800	865.003787789	0.75
1579148604.19	750	16.530678	0.0	362795	3137	870.174751096	0.75
1579148608.05	750	16.673495	0.0	353220	3748	838.81621701	0.75
1579148612.39	750	16.332138	0.0	405134	4248	804.950726319	0.75
1579148616.07	750	16.654626	0.0	386351	3577	808.801636256	0.75
1579148619.85	750	16.869686	0.0	434409	3687	836.954046243	0.75
1579148623.04	750	17.684402	0.0	337059	3085	829.347580273	0.75
1579148626.6	750	18.121057	0.0	366214	3461	850.300385325	0.75
1579148630.38	750	18.34687	0.0	360831	3675	859.294149542	0.75
1579148634.2	750	18.518312	0.0	372963	3731	845.027047536	0.75
1579148639.91	750	16.819181	0.0	405596	5597	734.463757952	0.75
1579148643.19	750	17.5298	0.0	350713	3181	735.941875686	0.75
1579148647.19	750	17.531295	0.0	386472	3897	729.767400854	0.75
1579148651.27	750	17.453306	0.0	399894	3967	733.964387483	0.75
1579148655.09	750	17.634131	0.0	401853	3716	743.336659413	0.75
1579148658.01	750	18.709605	0.0	343800	2829	852.11595974	0.75
1579148661.23	750	19.492948	0.0	359903	3122	858.458798042	0.75
1579148665.03	750	19.694233	0.0	379700	3692	866.43328133	0.75
1579148669.93	750	18.794873	0.0	425781	4800	831.386752908	0.75
1579148672.58	750	20.146306	0.0	277716	2543	830.317179151	0.75
1579148677.23	750	19.491792	0.0	400396	4560	778.61073809	0.75
1579148681.58	750	19.145902	0.0	400508	4252	754.742044739	0.75
1579148684.76	750	19.960887	0.0	358218	3079	765.771662172	0.75
1579148689.12	750	19.601631	0.0	400322	4247	778.857286851	0.75
1579148692.78	750	19.939947	0.0	369834	3558	776.866265389	0.75
1579148697.01	750	19.714638	0.0	412837	4132	801.794034777	0.75
1579148701.4	750	19.327629	0.0	401088	4294	800.08911647	0.75
1579148705.09	750	19.634083	0.0	365161	3590	785.34862931	0.75
1579148707.87	750	20.851191	0.0	321064	2686	814.622033865	0.75
1579148711.06	750	21.662337	0.0	361565	3091	829.9101267	0.75
1579148714.22	750	22.50684	0.0	378327	3060	863.514883183	0.75
1579148719.14	750	21.578358	0.0	390680	4835	818.214417248	0.75
1579148722.63	750	22.096449	0.0	345516	3391	818.549431602	0.75
1579148726.56	750	22.164269	0.0	384505	3832	798.27998376	0.75
1579148730.21	750	22.515229	0.0	372093	3551	786.287247467	0.75
1579148734.35	750	22.376519	0.0	438281	4044	776.377827157	0.75
1579148738.89	750	21.832697	0.0	398987	4450	801.562858921	0.75
1579148744.82	750	19.905706	0.0	393804	5832	707.731745514	0.75
1579148752.36	750	16.357643	0.0	331053	7425	541.605060478	0.75
1579148755.46	750	17.258709	0.0	314107	2995	537.368766131	0.75
1579148758.29	750	16.110893	0.0	255954	2733	520.386266607	0.75

