1576477379.56	750	4	1.175	2354772	1064	17705.0526316	-5.0525
1576477380.64	4300	8	0.0	2123065	931	17952.2308496	0.75
1576477381.84	4300	12	0.0	2177073	1061	17387.0243351	4.3
1576477383.35	4300	16.0	0.0	2160877	1376	15535.1155214	4.3
1576477384.66	4300	20	0.0	2233056	1182	15444.4570258	4.3
1576477385.63	4300	24	0.0	1941625	833	15465.1825956	4.3
1576477386.68	4300	28	0.0	2157535	918	15526.3228453	4.3
1576477387.65	4300	32	0.0	2290172	839	16105.115278	4.3
1576477388.47	4300	36	0.0	2055469	696	18649.0645021	4.3
1576477389.44	4300	40	0.0	2169201	832	20460.5405832	4.3
1576477390.48	4300	44	0.0	2173522	906	20564.269448	4.3
1576477391.47	4300	48	0.0	2102452	841	20880.4311347	4.3
1576477392.44	4300	52	0.0	2209463	839	20732.7472543	4.3
1576477393.41	4300	56	0.0	2275376	842	20488.7770822	4.3
