1576477462.86	750	4	1.174	2354772	1062	17738.3954802	-5.0482
1576477463.94	4300	8	0.0	2123065	941	17883.1751875	0.75
1576477465.12	4300	12	0.0	2177073	1057	17371.2338085	4.3
1576477466.65	4300	16.0	0.0	2160877	1396	15424.7577356	4.3
1576477467.97	4300	20	0.0	2233056	1183	15355.684973	4.3
1576477468.95	4300	24	0.0	1941625	848	15339.996215	4.3
1576477470.01	4300	28	0.0	2157535	919	15417.4533965	4.3
1576477470.98	4300	32	0.0	2290172	842	15963.3514625	4.3
1576477472.13	4300	36	0.0	2055469	1026	17438.9403002	4.3
1576477473.16	4300	40	0.0	2169201	898	18546.8657692	4.3
1576477474.23	4300	44	0.0	2173522	941	18575.5569348	4.3
1576477475.12	4300	48	0.0	2102452	751	19080.7687895	4.3
1576477476.11	4300	52	0.0	2209463	863	18892.5510832	4.3
1576477477.16	4300	56	0.0	2275376	908	19972.1990346	4.3
