1576477296.27	750	4	1.172	2354772	1061	17755.1140434	-5.0396
1576477297.36	4300	8	0.0	2123065	932	17971.2213918	0.75
1576477298.55	4300	12	0.0	2177073	1059	17411.0390854	4.3
1576477300.06	4300	16.0	0.0	2160877	1375	15552.0037626	4.3
1576477301.38	4300	20	0.0	2233056	1179	15466.1793254	4.3
1576477302.39	4300	24	0.0	1941625	880	15387.1884388	4.3
1576477303.45	4300	28	0.0	2157535	925	15436.0802792	4.3
1576477304.42	4300	32	0.0	2290172	837	15995.4647722	4.3
1576477305.24	4300	36	0.0	2055469	693	18448.5200194	4.3
1576477306.23	4300	40	0.0	2169201	860	20024.8424128	4.3
1576477307.28	4300	44	0.0	2173522	905	20412.402942	4.3
1576477308.24	4300	48	0.0	2102452	828	20831.0047681	4.3
1576477309.21	4300	52	0.0	2209463	849	20626.7823573	4.3
1576477310.24	4300	56	0.0	2275376	891	20165.2507304	4.3
