1576477129.69	750	4	1.173	2354772	1073	17556.5479963	-5.0439
1576477130.76	4300	8	0.0	2123065	941	17783.4463569	0.75
1576477131.94	4300	12	0.0	2177073	1058	17304.9561691	4.3
1576477133.47	4300	16.0	0.0	2160877	1388	15434.343701	4.3
1576477134.79	4300	20	0.0	2233056	1184	15360.4230027	4.3
1576477135.78	4300	24	0.0	1941625	868	15328.6515556	4.3
1576477136.81	4300	28	0.0	2157535	904	15432.6205182	4.3
1576477137.79	4300	32	0.0	2290172	849	15973.0633916	4.3
1576477138.62	4300	36	0.0	2055469	692	18522.4388288	4.3
1576477139.58	4300	40	0.0	2169201	837	20275.0577534	4.3
1576477140.63	4300	44	0.0	2173522	918	20523.2844905	4.3
1576477141.62	4300	48	0.0	2102452	851	20698.1665817	4.3
1576477142.6	4300	52	0.0	2209463	854	20526.5349901	4.3
1576477143.59	4300	56	0.0	2275376	857	20220.0362574	4.3
