1576477046.4	750	4	1.17	2354772	1063	17721.7083725	-5.031
1576477047.48	4300	8	0.0	2123065	941	17874.1019117	0.75
1576477048.69	4300	12	0.0	2177073	1062	17334.3322777	4.3
1576477050.19	4300	16.0	0.0	2160877	1375	15514.8882081	4.3
1576477051.5	4300	20	0.0	2233056	1181	15431.664055	4.3
1576477052.48	4300	24	0.0	1941625	847	15422.8421242	4.3
1576477053.51	4300	28	0.0	2157535	896	15543.7800305	4.3
1576477054.47	4300	32	0.0	2290172	830	16142.0887802	4.3
1576477055.59	4300	36	0.0	2055469	983	17732.4534141	4.3
1576477056.63	4300	40	0.0	2169201	894	18926.6233996	4.3
1576477057.69	4300	44	0.0	2173522	929	18996.8233212	4.3
1576477058.58	4300	48	0.0	2102452	762	19410.7313541	4.3
1576477059.58	4300	52	0.0	2209463	867	19157.5441105	4.3
1576477060.63	4300	56	0.0	2275376	910	19988.0237797	4.3
