1576476878.8	750	4	0.262	450283	159	22655.7484277	-1.1266
1576476880.02	4300	8	0.0	2123065	1005	17507.5842135	0.75
1576476881.11	4300	12	0.0	2177073	960	17788.8619336	4.3
1576476882.36	4300	16.0	0.0	2160877	1120	16899.0295111	4.3
1576476883.95	4300	20	0.0	2233056	1465	15087.961049	4.3
1576476885.08	4300	24	0.0	1941625	993	15039.3702697	4.3
1576476886.12	4300	28	0.0	2157535	915	15248.6914957	4.3
1576476887.17	4300	32	0.0	2290172	920	15426.6287598	4.3
1576476888.37	4300	36	0.0	2055469	1066	15424.7216949	4.3
1576476889.32	4300	40	0.0	2169201	810	17744.4127574	4.3
1576476890.36	4300	44	0.0	2173522	911	18536.5166058	4.3
1576476891.39	4300	48	0.0	2102452	909	18466.5248748	4.3
1576476892.31	4300	52	0.0	2209463	783	18783.5110145	4.3
1576476893.31	4300	56	0.0	2275376	877	20274.002949	4.3
