1576477212.99	750	4	1.17	2354772	1064	17705.0526316	-5.031
1576477214.06	4300	8	0.0	2123065	938	17891.2075541	0.75
1576477215.24	4300	12	0.0	2177073	1059	17363.4254993	4.3
1576477216.75	4300	16.0	0.0	2160877	1384	15482.7738397	4.3
1576477218.08	4300	20	0.0	2233056	1185	15395.2293271	4.3
1576477219.03	4300	24	0.0	1941625	828	15422.9243962	4.3
1576477220.08	4300	28	0.0	2157535	910	15512.5430639	4.3
1576477221.05	4300	32	0.0	2290172	827	16101.5328305	4.3
1576477221.87	4300	36	0.0	2055469	690	18734.0415006	4.3
1576477222.82	4300	40	0.0	2169201	816	20689.4279166	4.3
1576477223.87	4300	44	0.0	2173522	912	20726.935326	4.3
1576477224.87	4300	48	0.0	2102452	868	20848.4399685	4.3
1576477225.84	4300	52	0.0	2209463	838	20652.9704349	4.3
1576477226.82	4300	56	0.0	2275376	845	20380.7389393	4.3
