1576477629.56	750	4	1.18	2354772	1077	17491.3426184	-5.074
1576477630.63	4300	8	0.0	2123065	929	17849.0862283	0.75
1576477631.83	4300	12	0.0	2177073	1063	17313.0021563	4.3
1576477633.34	4300	16.0	0.0	2160877	1374	15509.2955551	4.3
1576477634.65	4300	20	0.0	2233056	1179	15433.0212545	4.3
1576477635.66	4300	24	0.0	1941625	881	15385.0941459	4.3
1576477636.72	4300	28	0.0	2157535	921	15435.4690529	4.3
1576477637.68	4300	32	0.0	2290172	831	16014.9525284	4.3
1576477638.51	4300	36	0.0	2055469	696	18469.8382642	4.3
1576477639.5	4300	40	0.0	2169201	862	20044.8649875	4.3
1576477640.55	4300	44	0.0	2173522	918	20368.2659041	4.3
1576477641.52	4300	48	0.0	2102452	839	20700.5123748	4.3
1576477642.51	4300	52	0.0	2209463	839	20521.9345762	4.3
1576477643.54	4300	56	0.0	2275376	898	20049.7853419	4.3
