1576476962.14	750	4	0.261	450283	159	22655.7484277	-1.1223
1576476963.37	4300	8	0.0	2123065	1006	17491.4750632	0.75
1576476964.46	4300	12	0.0	2177073	960	17779.6061999	4.3
1576476965.71	4300	16.0	0.0	2160877	1114	16930.9274276	4.3
1576476967.31	4300	20	0.0	2233056	1465	15103.7340925	4.3
1576476968.43	4300	24	0.0	1941625	984	15075.1101401	4.3
1576476969.43	4300	28	0.0	2157535	866	15369.5865685	4.3
1576476970.5	4300	32	0.0	2290172	938	15523.4389447	4.3
1576476971.37	4300	36	0.0	2055469	740	16250.6685163	4.3
1576476972.44	4300	40	0.0	2169201	937	18783.9979631	4.3
1576476973.46	4300	44	0.0	2173522	882	19822.304532	4.3
1576476974.5	4300	48	0.0	2102452	905	19534.0231969	4.3
1576476975.39	4300	52	0.0	2209463	763	20103.3269489	4.3
1576476976.42	4300	56	0.0	2275376	899	19813.7334987	4.3
