1576477546.18	750	4	1.167	2354772	1062	17738.3954802	-5.0181
1576477547.25	4300	8	0.0	2123065	941	17883.1751875	0.75
1576477548.44	4300	12	0.0	2177073	1058	17364.9396966	4.3
1576477549.96	4300	16.0	0.0	2160877	1384	15483.6029001	4.3
1576477551.28	4300	20	0.0	2233056	1184	15398.7260243	4.3
1576477552.27	4300	24	0.0	1941625	864	15353.1576652	4.3
1576477553.33	4300	28	0.0	2157535	928	15414.0414466	4.3
1576477554.3	4300	32	0.0	2290172	841	15962.2221792	4.3
1576477555.12	4300	36	0.0	2055469	685	18483.8618272	4.3
1576477556.1	4300	40	0.0	2169201	849	20166.6690464	4.3
1576477557.15	4300	44	0.0	2173522	913	20415.6540165	4.3
1576477558.13	4300	48	0.0	2102452	834	20821.5381974	4.3
1576477559.11	4300	52	0.0	2209463	844	20659.6843972	4.3
1576477560.14	4300	56	0.0	2275376	900	20127.3292948	4.3
