1575815407.79	750	4	2.373	2354772	2271	2806.35094878	-10.203899999999999
1575815411.19	4300	8	0.0	2123065	3244	6681.53353319	0.75
1575815417.75	4300	12	0.0	2177073	6428	3281.56910001	4.3
1575815423.47	4300	16.0	0.0	2160877	5585	2857.4794204	4.3
1575815426.65	4300	20	0.0	2233056	3037	3740.06798201	4.3
1575815429.36	4300	24	0.0	1941625	2577	5909.93331856	4.3
1575815431.99	4300	28	0.0	2157535	2478	6208.47675245	4.3
1575815435.02	4300	32	0.0	2290172	2885	6666.2634734	4.3
1575815438.04	4300	36	0.0	2055469	2876	5885.15617119	4.3
1575815442.47	4300	40	0.0	2169201	4301	4657.73556516	4.3
1575815448.45	4300	44	0.0	2173522	5842	3250.83985656	4.3
1575815451.64	4300	48	0.0	2102452	3054	4016.48220775	4.3
1575815456.05	4300	52	0.0	2209463	4276	4645.1767039	4.3
1575815462.96	4300	56	0.0	2275376	6775	2989.21424508	4.3
