1575816235.92	750	4	3.725	2354772	3591	3575.78353789	-16.0175
1575816240.16	4300	8	0.0	2123065	4100	4570.43970014	0.75
1575816248.86	4300	12	0.0	2177073	8570	2323.61361465	4.3
1575816251.97	4300	16.0	0.0	2160877	2971	2891.59441915	4.3
1575816254.92	4300	20	0.0	2233056	2798	6035.07014346	4.3
1575816257.57	4300	24	0.0	1941625	2518	6289.4716281	4.3
1575816260.37	4300	28	0.0	2157535	2658	6235.92853673	4.3
1575816263.65	4300	32	0.0	2290172	3144	6149.65772356	4.3
1575816267.1	4300	36	0.0	2055469	3314	5364.37304994	4.3
1575816273.39	4300	40	0.0	2169201	6143	3341.81843548	4.3
1575816277.08	4300	44	0.0	2173522	3548	3374.32996733	4.3
1575816280.59	4300	48	0.0	2102452	3376	4921.42678494	4.3
1575816284.96	4300	52	0.0	2209463	4237	4476.2064278	4.3
1575816292.54	4300	56	0.0	2275376	7435	2757.56451074	4.3
