1575815924.48	750	4	2.35	2354772	2250	2772.6481624	-10.105
1575815927.87	4300	8	0.0	2123065	3255	6705.00618542	0.75
1575815934.39	4300	12	0.0	2177073	6387	3296.38582587	4.3
1575815940.16	4300	16.0	0.0	2160877	5638	2857.99570748	4.3
1575815943.34	4300	20	0.0	2233056	3038	4217.99824333	4.3
1575815946.06	4300	24	0.0	1941625	2574	5910.07576334	4.3
1575815948.69	4300	28	0.0	2157535	2510	6198.84927456	4.3
1575815951.7	4300	32	0.0	2290172	2883	6622.93414156	4.3
1575815954.68	4300	36	0.0	2055469	2844	6078.95550871	4.3
1575815959.18	4300	40	0.0	2169201	4371	4630.09515111	4.3
1575815965.16	4300	44	0.0	2173522	5841	3234.52229746	4.3
1575815968.36	4300	48	0.0	2102452	3059	3563.98611669	4.3
1575815972.76	4300	52	0.0	2209463	4276	4641.82497038	4.3
1575815979.67	4300	56	0.0	2275376	6775	2989.21424508	4.3
