1575816132.64	750	4	3.792	2354772	3628	2769.19414954	-16.3056
1575816136.93	4300	8	0.0	2123065	4145	4517.7680551	0.75
1575816145.68	4300	12	0.0	2177073	8611	2061.40362053	4.3
1575816148.72	4300	16.0	0.0	2160877	2899	2897.84915845	4.3
1575816151.63	4300	20	0.0	2233056	2744	6077.24017236	4.3
1575816154.25	4300	24	0.0	1941625	2466	6418.50262863	4.3
1575816157.03	4300	28	0.0	2157535	2649	6343.68976632	4.3
1575816160.3	4300	32	0.0	2290172	3129	6175.86184617	4.3
1575816163.75	4300	36	0.0	2055469	3321	5371.08892218	4.3
1575816170.03	4300	40	0.0	2169201	6129	3345.8421552	4.3
1575816173.73	4300	44	0.0	2173522	3535	3382.11484067	4.3
1575816177.25	4300	48	0.0	2102452	3388	4930.43786027	4.3
1575816181.63	4300	52	0.0	2209463	4238	4468.8932561	4.3
1575816189.19	4300	56	0.0	2275376	7423	2507.89316535	4.3
