1575815821.16	750	4	2.372	2354772	2270	2746.62227748	-10.1996
1575815824.57	4300	8	0.0	2123065	3255	6670.23313048	0.75
1575815831.22	4300	12	0.0	2177073	6502	3243.96003947	4.3
1575815836.86	4300	16.0	0.0	2160877	5465	2861.42411363	4.3
1575815840.03	4300	20	0.0	2233056	3050	3788.83902839	4.3
1575815842.75	4300	24	0.0	1941625	2588	5884.95255674	4.3
1575815845.38	4300	28	0.0	2157535	2488	6183.06051608	4.3
1575815848.4	4300	32	0.0	2290172	2887	6501.89939925	4.3
1575815851.41	4300	36	0.0	2055469	2878	6038.92617939	4.3
1575815855.85	4300	40	0.0	2169201	4302	4655.53034725	4.3
1575815861.82	4300	44	0.0	2173522	5844	3249.71537566	4.3
1575815865.01	4300	48	0.0	2102452	3049	4018.29604807	4.3
1575815869.42	4300	52	0.0	2209463	4276	4648.53943033	4.3
1575815876.32	4300	56	0.0	2275376	6774	2989.59783994	4.3
