1575815717.85	750	4	2.391	2354772	2285	2911.09652491	-10.2813
1575815721.24	4300	8	0.0	2123065	3247	6653.97675273	0.75
1575815727.87	4300	12	0.0	2177073	6484	3254.96373985	4.3
1575815733.52	4300	16.0	0.0	2160877	5459	2867.21113986	4.3
1575815736.7	4300	20	0.0	2233056	3045	4273.78735602	4.3
1575815739.42	4300	24	0.0	1941625	2588	5892.92903899	4.3
1575815742.04	4300	28	0.0	2157535	2490	6182.12878333	4.3
1575815745.06	4300	32	0.0	2290172	2886	6647.88759401	4.3
1575815748.07	4300	36	0.0	2055469	2874	6044.21754345	4.3
1575815752.51	4300	40	0.0	2169201	4310	4652.59854974	4.3
1575815758.5	4300	44	0.0	2173522	5820	3058.20857934	4.3
1575815761.7	4300	48	0.0	2102452	3057	4021.65856569	4.3
1575815766.11	4300	52	0.0	2209463	4282	4638.8200117	4.3
1575815773.08	4300	56	0.0	2275376	6840	2963.23841564	4.3
