1575816027.81	750	4	2.37	2354772	2268	2817.77398655	-10.191
1575816031.22	4300	8	0.0	2123065	3243	6687.9055801	0.75
1575816037.85	4300	12	0.0	2177073	6470	3262.76254835	4.3
1575816043.51	4300	16.0	0.0	2160877	5521	2858.8975749	4.3
1575816046.7	4300	20	0.0	2233056	3053	3763.41140366	4.3
1575816049.42	4300	24	0.0	1941625	2590	5879.43937928	4.3
1575816052.06	4300	28	0.0	2157535	2510	6307.20873425	4.3
1575816055.08	4300	32	0.0	2290172	2878	6628.60636837	4.3
1575816058.12	4300	36	0.0	2055469	2910	6015.90611911	4.3
1575816062.53	4300	40	0.0	2169201	4272	4654.20968525	4.3
1575816068.55	4300	44	0.0	2173522	5881	3240.75034919	4.3
1575816071.76	4300	48	0.0	2102452	3071	3996.69391773	4.3
1575816076.2	4300	52	0.0	2209463	4299	4617.24977252	4.3
1575816083.26	4300	56	0.0	2275376	6926	2688.64945595	4.3
