1575815614.59	750	4	2.385	2354772	2282	2855.82347978	-10.2555
1575815618.0	4300	8	0.0	2123065	3257	6647.3059989	0.75
1575815624.75	4300	12	0.0	2177073	6621	3190.21817231	4.3
1575815630.24	4300	16.0	0.0	2160877	5347	2853.91353014	4.3
1575815633.43	4300	20	0.0	2233056	3040	3845.15024194	4.3
1575815636.15	4300	24	0.0	1941625	2585	5902.02035399	4.3
1575815638.8	4300	28	0.0	2157535	2518	6174.44014133	4.3
1575815641.81	4300	32	0.0	2290172	2876	6619.63548542	4.3
1575815644.95	4300	36	0.0	2055469	2978	5948.25256386	4.3
1575815649.38	4300	40	0.0	2169201	4295	4589.55074918	4.3
1575815655.34	4300	44	0.0	2173522	5815	3061.72310788	4.3
1575815658.55	4300	48	0.0	2102452	3075	3570.17167237	4.3
1575815663.07	4300	52	0.0	2209463	4376	4559.7157974	4.3
1575815670.37	4300	56	0.0	2275376	7171	2824.68324288	4.3
