1575815302.7	750	4	0.551	450283	459	1800.88265432	-2.3692999999999995
1575815305.08	4300	8	0.0	2123065	2164	3990.84555263	0.75
1575815308.93	4300	12	0.0	2177073	3717	6025.7179027	4.3
1575815317.69	4300	16.0	0.0	2160877	8622	2370.65349106	4.3
1575815320.89	4300	20	0.0	2233056	3060	2897.68274451	4.3
1575815323.65	4300	24	0.0	1941625	2630	5850.09537512	4.3
1575815326.72	4300	28	0.0	2157535	2942	5886.73270024	4.3
1575815329.64	4300	32	0.0	2290172	2772	6025.4178281	4.3
1575815332.19	4300	36	0.0	2055469	2419	6644.12912744	4.3
1575815335.54	4300	40	0.0	2169201	3215	6063.79983507	4.3
1575815340.44	4300	44	0.0	2173522	4770	4227.41081402	4.3
1575815345.74	4300	48	0.0	2102452	5168	3372.96236158	4.3
1575815349.18	4300	52	0.0	2209463	3274	3784.16546315	4.3
1575815353.85	4300	56	0.0	2275376	4501	4213.46042864	4.3
