1575815511.19	750	4	2.395	2354772	2286	2928.29382548	-10.2985
1575815514.58	4300	8	0.0	2123065	3246	6653.4522837	0.75
1575815521.19	4300	12	0.0	2177073	6469	3262.13141642	4.3
1575815526.86	4300	16.0	0.0	2160877	5522	2858.96343731	4.3
1575815530.05	4300	20	0.0	2233056	3054	3762.71165456	4.3
1575815532.76	4300	24	0.0	1941625	2590	5877.9123707	4.3
1575815535.41	4300	28	0.0	2157535	2508	6169.82753043	4.3
1575815538.43	4300	32	0.0	2290172	2880	6499.13347011	4.3
1575815541.48	4300	36	0.0	2055469	2917	6006.41395801	4.3
1575815545.9	4300	40	0.0	2169201	4278	4644.76591179	4.3
1575815551.91	4300	44	0.0	2173522	5874	3242.3603368	4.3
1575815555.13	4300	48	0.0	2102452	3077	3546.66295105	4.3
1575815559.56	4300	52	0.0	2209463	4303	4610.42313485	4.3
1575815566.64	4300	56	0.0	2275376	6946	2680.6771195	4.3
