1573559671.64	750	4	0.893	450283	788	4571.40101523	-3.8398999999999996
1573559675.93	4300	8	0.0	2123065	4037	4262.67419322	0.75
1573559679.16	4300	12	0.0	2177073	3086	4712.52185897	4.3
1573559682.24	4300	16.0	0.0	2160877	2937	4981.39226998	4.3
1573559685.37	4300	20	0.0	2233056	2964	5174.04172786	4.3
1573559687.76	4300	24	0.0	1941625	2259	5408.69505032	4.3
1573559702.21	4300	28	0.0	2157535	14311	1861.15995097	4.3
1573559710.51	4300	32	0.0	2290172	8162	1821.11077503	4.3
1573559712.83	4300	36	0.0	2055469	2172	1798.30653317	4.3
1573559715.91	4300	40	0.0	2169201	2947	1796.34356587	4.3
1573559720.65	4300	44	0.0	2173522	4607	1838.91947364	4.3
1573559722.98	4300	48	0.0	2102452	2170	3385.86644579	4.3
1573559726.66	4300	52	0.0	2209463	3542	5149.91713722	4.3
1573559728.8	4300	56	0.0	2275376	1988	5209.80473002	4.3
