1573528574.23	750	4	0.507	450283	409	8807.49144254	-2.1801
1573528576.86	4300	8	0.0	2123065	2393	7304.58490193	0.75
1573528580.85	4300	12	0.0	2177073	3849	5388.87523064	4.3
1573528589.57	4300	16.0	0.0	2160877	8585	2771.36426643	4.3
1573528592.88	4300	20	0.0	2233056	3118	3037.80701753	4.3
1573528595.35	4300	24	0.0	1941625	2350	3195.58285412	4.3
1573528598.47	4300	28	0.0	2157535	2986	3198.59354084	4.3
1573528601.42	4300	32	0.0	2290172	2816	3248.22164264	4.3
1573528604.21	4300	36	0.0	2055469	2625	6126.07427886	4.3
1573528607.47	4300	40	0.0	2169201	3129	6077.39016028	4.3
1573528612.88	4300	44	0.0	2173522	5246	4779.63086827	4.3
1573528617.7	4300	48	0.0	2102452	4642	4312.72354742	4.3
1573528621.2	4300	52	0.0	2209463	3359	4236.18729605	4.3
1573528625.82	4300	56	0.0	2275376	4486	4033.71951513	4.3
