1573524768.7	750	4	1.185	2354772	1070	17605.7719626	-5.0955
1573524769.78	4300	8	0.0	2123065	934	17870.9410878	0.75
1573524770.97	4300	12	0.0	2177073	1055	17376.3973202	4.3
1573524772.51	4300	16.0	0.0	2160877	1402	15396.1659289	4.3
1573524773.85	4300	20	0.0	2233056	1185	15327.7339211	4.3
1573524774.81	4300	24	0.0	1941625	825	15370.194462	4.3
1573524775.88	4300	28	0.0	2157535	929	15415.6400959	4.3
1573524776.83	4300	32	0.0	2290172	805	16006.3223479	4.3
1573524777.67	4300	36	0.0	2055469	703	18696.7824535	4.3
1573524778.66	4300	40	0.0	2169201	838	20529.69512	4.3
1573524779.74	4300	44	0.0	2173522	917	20523.6139254	4.3
1573524780.73	4300	48	0.0	2102452	829	20972.7355227	4.3
1573524781.71	4300	52	0.0	2209463	836	20689.4308739	4.3
1573524782.75	4300	56	0.0	2275376	899	20217.6438507	4.3
