1573524985.41	750	4	1.178	2354772	1069	17622.2413471	-5.0653999999999995
1573524986.5	4300	8	0.0	2123065	941	17819.6911362	0.75
1573524987.69	4300	12	0.0	2177073	1059	17320.5736247	4.3
1573524989.22	4300	16.0	0.0	2160877	1402	15369.9553103	4.3
1573524990.54	4300	20	0.0	2233056	1168	15354.3496173	4.3
1573524991.5	4300	24	0.0	1941625	832	15383.2899957	4.3
1573524992.52	4300	28	0.0	2157535	883	15525.9425868	4.3
1573524993.44	4300	32	0.0	2290172	794	16164.0191571	4.3
1573524994.28	4300	36	0.0	2055469	697	19012.760183	4.3
1573524995.21	4300	40	0.0	2169201	797	21035.8069965	4.3
1573524996.26	4300	44	0.0	2173522	918	21056.13407	4.3
1573524997.28	4300	48	0.0	2102452	889	20891.7057081	4.3
1573524998.21	4300	52	0.0	2209463	793	20762.9687489	4.3
1573524999.19	4300	56	0.0	2275376	850	20484.6940401	4.3
