1573528886.45	750	4	2.498	2354772	2379	7918.52711223	-10.7414
1573528890.02	4300	8	0.0	2123065	3436	5841.02847882	0.75
1573528899.06	4300	12	0.0	2177073	8897	2655.38357405	4.3
1573528902.24	4300	16.0	0.0	2160877	3047	2922.08724539	4.3
1573528905.35	4300	20	0.0	2233056	2975	3154.44964832	4.3
1573528908.18	4300	24	0.0	1941625	2694	3123.11633663	4.3
1573528910.87	4300	28	0.0	2157535	2565	3140.14861197	4.3
1573528913.77	4300	32	0.0	2290172	2770	6109.90919619	4.3
1573528916.98	4300	36	0.0	2055469	3086	6016.75439832	4.3
1573528921.79	4300	40	0.0	2169201	4656	5094.69355732	4.3
1573528927.26	4300	44	0.0	2173522	5310	4326.45326793	4.3
1573528930.47	4300	48	0.0	2102452	3061	4266.57780662	4.3
1573528935.06	4300	52	0.0	2209463	4453	4009.87786146	4.3
1573528942.57	4300	56	0.0	2275376	7373	3297.87436216	4.3
