1573559880.59	750	4	3.247	2354772	3135	6008.98755981	-13.962099999999998
1573559883.64	4300	8	0.0	2123065	2915	5919.70244201	0.75
1573559886.22	4300	12	0.0	2177073	2436	6227.22354062	4.3
1573559889.06	4300	16.0	0.0	2160877	2711	6262.74916886	4.3
1573559891.85	4300	20	0.0	2233056	2613	6363.84506397	4.3
1573559894.01	4300	24	0.0	1941625	2001	6650.13394415	4.3
1573559907.67	4300	28	0.0	2157535	13500	1944.12598476	4.3
1573559911.52	4300	32	0.0	2290172	3675	1982.00893208	4.3
1573559918.24	4300	36	0.0	2055469	6524	1949.33741153	4.3
1573559920.88	4300	40	0.0	2169201	2484	1944.02122215	4.3
1573559925.94	4300	44	0.0	2173522	4877	1990.01771547	4.3
1573559928.24	4300	48	0.0	2102452	2145	3702.18847843	4.3
1573559930.68	4300	52	0.0	2209463	2300	3752.56635341	4.3
1573559934.23	4300	56	0.0	2275376	3410	5184.17801028	4.3
