1573528472.8	750	4	2.482	2354772	2371	7945.24504429	-10.672600000000001
1573528476.33	4300	8	0.0	2123065	3386	5914.05555287	0.75
1573528485.44	4300	12	0.0	2177073	8968	2633.61678232	4.3
1573528488.64	4300	16.0	0.0	2160877	3060	2899.9684211	4.3
1573528491.75	4300	20	0.0	2233056	2968	3132.08908894	4.3
1573528494.61	4300	24	0.0	1941625	2715	3101.5585356	4.3
1573528497.33	4300	28	0.0	2157535	2574	3115.54722925	4.3
1573528500.26	4300	32	0.0	2290172	2786	6087.23594463	4.3
1573528503.42	4300	36	0.0	2055469	3020	6036.13455852	4.3
1573528508.31	4300	40	0.0	2169201	4730	5062.48551422	4.3
1573528513.81	4300	44	0.0	2173522	5316	4308.54638272	4.3
1573528517.1	4300	48	0.0	2102452	3121	4242.73134822	4.3
1573528521.67	4300	52	0.0	2209463	4421	3998.44379755	4.3
1573528529.34	4300	56	0.0	2275376	7515	3259.33219418	4.3
