1573529093.54	750	4	2.751	2354772	2637	7143.79067122	-11.8293
1573529097.46	4300	8	0.0	2123065	3766	5317.34713671	0.75
1573529106.59	4300	12	0.0	2177073	8996	2631.95739247	4.3
1573529109.78	4300	16.0	0.0	2160877	3016	2887.73568859	4.3
1573529112.67	4300	20	0.0	2233056	2747	3112.34608892	4.3
1573529115.49	4300	24	0.0	1941625	2671	3076.54954736	4.3
1573529118.26	4300	28	0.0	2157535	2650	3107.70718222	4.3
1573529121.27	4300	32	0.0	2290172	2884	6156.76472805	4.3
1573529124.36	4300	36	0.0	2055469	2942	6123.68354008	4.3
1573529129.61	4300	40	0.0	2169201	5094	4859.96835149	4.3
1573529134.65	4300	44	0.0	2173522	4893	4334.6719444	4.3
1573529137.96	4300	48	0.0	2102452	3178	4264.77672035	4.3
1573529142.46	4300	52	0.0	2209463	4359	4033.5166498	4.3
1573529150.16	4300	56	0.0	2275376	7571	3260.54978998	4.3
