1573524898.76	750	4	1.174	2354772	1071	17589.3333333	-5.0482
1573524899.84	4300	8	0.0	2123065	934	17861.7556766	0.75
1573524901.03	4300	12	0.0	2177073	1057	17358.3183693	4.3
1573524902.56	4300	16.0	0.0	2160877	1399	15403.0718658	4.3
1573524903.88	4300	20	0.0	2233056	1174	15363.875119	4.3
1573524904.83	4300	24	0.0	1941625	831	15399.4167532	4.3
1573524905.89	4300	28	0.0	2157535	921	15460.1763857	4.3
1573524906.8	4300	32	0.0	2290172	776	16099.657028	4.3
1573524907.64	4300	36	0.0	2055469	705	18845.6687526	4.3
1573524908.6	4300	40	0.0	2169201	822	20727.781048	4.3
1573524909.66	4300	44	0.0	2173522	917	20753.4267825	4.3
1573524910.67	4300	48	0.0	2102452	878	20884.5460201	4.3
1573524911.61	4300	52	0.0	2209463	811	20606.816499	4.3
1573524912.58	4300	56	0.0	2275376	839	20415.3377984	4.3
