1573528989.78	750	4	2.498	2354772	2391	7878.78544542	-10.7414
1573528993.35	4300	8	0.0	2123065	3414	5865.35699359	0.75
1573529002.47	4300	12	0.0	2177073	8966	2635.14844904	4.3
1573529005.54	4300	16.0	0.0	2160877	2927	2900.85015009	4.3
1573529008.67	4300	20	0.0	2233056	2992	3133.86052334	4.3
1573529011.51	4300	24	0.0	1941625	2695	3102.77819519	4.3
1573529014.22	4300	28	0.0	2157535	2563	3117.85042498	4.3
1573529017.12	4300	32	0.0	2290172	2770	6161.2376292	4.3
1573529020.33	4300	36	0.0	2055469	3086	6009.64940758	4.3
1573529025.16	4300	40	0.0	2169201	4663	5090.85646378	4.3
1573529030.62	4300	44	0.0	2173522	5294	4330.58271444	4.3
1573529033.82	4300	48	0.0	2102452	3059	4270.58260431	4.3
1573529038.41	4300	52	0.0	2209463	4453	4012.99589107	4.3
1573529045.91	4300	56	0.0	2275376	7371	3299.80380009	4.3
