1573528266.05	750	4	2.484	2354772	2367	7958.67173638	-10.681199999999999
1573528269.62	4300	8	0.0	2123065	3413	5878.48884135	0.75
1573528278.67	4300	12	0.0	2177073	8886	2658.37066833	4.3
1573528281.88	4300	16.0	0.0	2160877	3047	2925.84591804	4.3
1573528284.98	4300	20	0.0	2233056	2951	3158.93424288	4.3
1573528287.84	4300	24	0.0	1941625	2726	3127.28665714	4.3
1573528290.59	4300	28	0.0	2157535	2595	3143.8896493	4.3
1573528293.54	4300	32	0.0	2290172	2781	6090.15291041	4.3
1573528296.71	4300	36	0.0	2055469	3010	6037.8885314	4.3
1573528301.69	4300	40	0.0	2169201	4830	5003.79778244	4.3
1573528307.18	4300	44	0.0	2173522	5316	4277.13349181	4.3
1573528310.49	4300	48	0.0	2102452	3144	4211.81251211	4.3
1573528315.04	4300	52	0.0	2209463	4386	3980.71360849	4.3
1573528322.75	4300	56	0.0	2275376	7553	3242.98650362	4.3
