1573559774.55	750	4	0.614	450283	505	7133.1960396	-2.6401999999999997
1573559777.66	4300	8	0.0	2123065	2834	6141.58398079	0.75
1573559780.75	4300	12	0.0	2177073	2928	6049.73358134	4.3
1573559783.45	4300	16.0	0.0	2160877	2559	6238.67886055	4.3
1573559786.37	4300	20	0.0	2233056	2761	6292.34854093	4.3
1573559788.68	4300	24	0.0	1941625	2176	6387.91873062	4.3
1573559791.01	4300	28	0.0	2157535	2202	6703.37795498	4.3
1573559805.17	4300	32	0.0	2290172	14027	1955.81789875	4.3
1573559808.89	4300	36	0.0	2055469	3567	1974.62377596	4.3
1573559815.34	4300	40	0.0	2169201	6318	1964.73011197	4.3
1573559818.23	4300	44	0.0	2173522	2726	1986.02693096	4.3
1573559823.08	4300	48	0.0	2102452	4701	2014.79470141	4.3
1573559825.43	4300	52	0.0	2209463	2201	3834.10748204	4.3
1573559827.97	4300	56	0.0	2275376	2360	3961.02317424	4.3
