1573528160.69	750	4	0.518	450283	411	8764.63260341	-2.2274000000000003
1573528163.33	4300	8	0.0	2123065	2384	7325.98511169	0.75
1573528167.42	4300	12	0.0	2177073	3917	5316.62824666	4.3
1573528176.13	4300	16.0	0.0	2160877	8545	2780.94650094	4.3
1573528179.42	4300	20	0.0	2233056	3128	3046.91955517	4.3
1573528181.95	4300	24	0.0	1941625	2370	3204.44524442	4.3
1573528185.06	4300	28	0.0	2157535	2943	3208.01981959	4.3
1573528188.04	4300	32	0.0	2290172	2819	3263.48574246	4.3
1573528190.95	4300	36	0.0	2055469	2733	6086.32166785	4.3
1573528194.43	4300	40	0.0	2169201	3296	5956.49915269	4.3
1573528199.8	4300	44	0.0	2173522	5173	4772.18585208	4.3
1573528204.4	4300	48	0.0	2102452	4418	4376.23764498	4.3
1573528207.9	4300	52	0.0	2209463	3343	4298.09507642	4.3
1573528212.46	4300	56	0.0	2275376	4386	4111.25678896	4.3
