1573525028.77	750	4	1.188	2354772	1068	17638.741573	-5.1084
1573525029.86	4300	8	0.0	2123065	934	17889.3169668	0.75
1573525031.06	4300	12	0.0	2177073	1055	17387.4554283	4.3
1573525032.59	4300	16.0	0.0	2160877	1403	15396.1539247	4.3
1573525033.89	4300	20	0.0	2233056	1168	15375.0310883	4.3
1573525034.86	4300	24	0.0	1941625	843	15382.1879884	4.3
1573525035.91	4300	28	0.0	2157535	915	15453.7470936	4.3
1573525036.82	4300	32	0.0	2290172	782	16079.1001241	4.3
1573525037.67	4300	36	0.0	2055469	711	18824.9100403	4.3
1573525038.63	4300	40	0.0	2169201	810	20699.8967473	4.3
1573525039.69	4300	44	0.0	2173522	927	20740.1461885	4.3
1573525040.7	4300	48	0.0	2102452	880	20821.771324	4.3
1573525041.64	4300	52	0.0	2209463	812	20564.8683398	4.3
1573525042.61	4300	56	0.0	2275376	837	20405.8004733	4.3
