1573524812.05	750	4	1.174	2354772	1068	17638.741573	-5.0482
1573524813.14	4300	8	0.0	2123065	940	17837.4126827	0.75
1573524814.32	4300	12	0.0	2177073	1057	17343.7272538	4.3
1573524815.86	4300	16.0	0.0	2160877	1395	15416.9258426	4.3
1573524817.19	4300	20	0.0	2233056	1184	15346.7873068	4.3
1573524818.15	4300	24	0.0	1941625	826	15384.1763297	4.3
1573524819.22	4300	28	0.0	2157535	929	15441.7817967	4.3
1573524820.17	4300	32	0.0	2290172	811	16034.6173222	4.3
1573524821.02	4300	36	0.0	2055469	715	18651.8758766	4.3
1573524821.99	4300	40	0.0	2169201	832	20482.6987674	4.3
1573524823.03	4300	44	0.0	2173522	910	20522.8617339	4.3
1573524824.02	4300	48	0.0	2102452	844	20888.6217618	4.3
1573524825.0	4300	52	0.0	2209463	834	20643.4732154	4.3
1573524825.97	4300	56	0.0	2275376	845	20461.3485083	4.3
