1573559984.05	750	4	3.238	2354772	3124	6030.14596671	-13.923399999999999
1573559987.11	4300	8	0.0	2123065	2924	5920.99395544	0.75
1573559989.68	4300	12	0.0	2177073	2431	6231.03941376	4.3
1573559992.5	4300	16.0	0.0	2160877	2691	6276.46122117	4.3
1573559995.28	4300	20	0.0	2233056	2619	6373.11187557	4.3
1573559997.45	4300	24	0.0	1941625	2000	6655.0233385	4.3
1573560011.14	4300	28	0.0	2157535	13509	1941.91859584	4.3
1573560014.96	4300	32	0.0	2290172	3672	1979.97859037	4.3
1573560021.67	4300	36	0.0	2055469	6520	1948.31605811	4.3
1573560024.3	4300	40	0.0	2169201	2493	1943.09852046	4.3
1573560029.33	4300	44	0.0	2173522	4886	1989.08907214	4.3
1573560031.67	4300	48	0.0	2102452	2142	3701.9570266	4.3
1573560034.1	4300	52	0.0	2209463	2297	3751.96386767	4.3
1573560037.65	4300	56	0.0	2275376	3404	5179.43960608	4.3
