1573525115.61	750	4	1.175	2354772	1071	17589.3333333	-5.0525
1573525116.68	4300	8	0.0	2123065	939	17818.7717098	0.75
1573525117.91	4300	12	0.0	2177073	1062	17301.2632749	4.3
1573525119.44	4300	16.0	0.0	2160877	1383	15457.8872732	4.3
1573525120.77	4300	20	0.0	2233056	1183	15381.6050163	4.3
1573525121.74	4300	24	0.0	1941625	827	15425.3882737	4.3
1573525122.79	4300	28	0.0	2157535	921	15496.6294539	4.3
1573525123.74	4300	32	0.0	2290172	812	16112.1533061	4.3
1573525124.6	4300	36	0.0	2055469	714	18687.2977926	4.3
1573525125.57	4300	40	0.0	2169201	838	20495.2697962	4.3
1573525126.62	4300	44	0.0	2173522	916	20507.1528617	4.3
1573525127.6	4300	48	0.0	2102452	853	20771.8926054	4.3
1573525128.57	4300	52	0.0	2209463	836	20526.0606552	4.3
1573525129.57	4300	56	0.0	2275376	867	20252.2952024	4.3
