1573525072.16	750	4	1.189	2354772	1070	17605.7719626	-5.1127
1573525073.25	4300	8	0.0	2123065	941	17810.6276869	0.75
1573525074.42	4300	12	0.0	2177073	1049	17377.345939	4.3
1573525075.96	4300	16.0	0.0	2160877	1405	15381.5665494	4.3
1573525077.26	4300	20	0.0	2233056	1170	15358.0073062	4.3
1573525078.23	4300	24	0.0	1941625	848	15359.1089639	4.3
1573525079.23	4300	28	0.0	2157535	869	15524.083112	4.3
1573525080.17	4300	32	0.0	2290172	799	16125.585627	4.3
1573525081.0	4300	36	0.0	2055469	698	18966.302915	4.3
1573525081.93	4300	40	0.0	2169201	801	20966.9408477	4.3
1573525082.99	4300	44	0.0	2173522	927	21036.1894265	4.3
1573525084.02	4300	48	0.0	2102452	889	20793.1444534	4.3
1573525084.94	4300	52	0.0	2209463	789	20703.4224498	4.3
1573525085.94	4300	56	0.0	2275376	856	20406.6834257	4.3
