1573524855.42	750	4	1.188	2354772	1069	17622.2413471	-5.1084
1573524856.5	4300	8	0.0	2123065	939	17836.9674878	0.75
1573524857.69	4300	12	0.0	2177073	1063	17305.8835483	4.3
1573524859.21	4300	16.0	0.0	2160877	1378	15485.629441	4.3
1573524860.53	4300	20	0.0	2233056	1181	15408.8982993	4.3
1573524861.5	4300	24	0.0	1941625	829	15446.106457	4.3
1573524862.57	4300	28	0.0	2157535	929	15502.3746757	4.3
1573524863.51	4300	32	0.0	2290172	812	16121.2055859	4.3
1573524864.37	4300	36	0.0	2055469	718	18647.3579797	4.3
1573524865.35	4300	40	0.0	2169201	837	20425.4271658	4.3
1573524866.4	4300	44	0.0	2173522	918	20438.8903591	4.3
1573524867.38	4300	48	0.0	2102452	854	20743.2228518	4.3
1573524868.37	4300	52	0.0	2209463	845	20456.6757094	4.3
1573524869.42	4300	56	0.0	2275376	894	20083.2094006	4.3
