1573560604.52	750	4	3.256	2354772	3136	6007.07142857	-14.0008
1573560607.57	4300	8	0.0	2123065	2914	5919.76214297	0.75
1573560610.14	4300	12	0.0	2177073	2428	6231.61683761	4.3
1573560613.0	4300	16.0	0.0	2160877	2716	6263.4353015	4.3
1573560615.78	4300	20	0.0	2233056	2614	6364.04438506	4.3
1573560617.94	4300	24	0.0	1941625	2001	6651.055342	4.3
1573560631.6	4300	28	0.0	2157535	13495	1944.87252762	4.3
1573560635.46	4300	32	0.0	2290172	3675	1983.0455964	4.3
1573560642.16	4300	36	0.0	2055469	6515	1950.41150792	4.3
1573560644.77	4300	40	0.0	2169201	2483	1945.03155258	4.3
1573560649.8	4300	44	0.0	2173522	4882	1990.96342896	4.3
1573560652.17	4300	48	0.0	2102452	2146	3704.47248249	4.3
1573560654.61	4300	52	0.0	2209463	2285	3755.02050147	4.3
1573560658.15	4300	56	0.0	2275376	3406	5184.0243323	4.3
