1573560501.15	750	4	3.238	2354772	3122	6034.00896861	-13.923399999999999
1573560504.21	4300	8	0.0	2123065	2924	5922.8810666	0.75
1573560506.79	4300	12	0.0	2177073	2446	6224.41308023	4.3
1573560509.62	4300	16.0	0.0	2160877	2686	6273.9692741	4.3
1573560512.38	4300	20	0.0	2233056	2618	6371.3740004	4.3
1573560514.54	4300	24	0.0	1941625	1999	6651.90609291	4.3
1573560528.2	4300	28	0.0	2157535	13498	1944.12273726	4.3
1573560532.05	4300	32	0.0	2290172	3675	1981.66798849	4.3
1573560538.74	4300	36	0.0	2055469	6553	1948.60120834	4.3
1573560541.37	4300	40	0.0	2169201	2483	1943.11230647	4.3
1573560546.39	4300	44	0.0	2173522	4878	1989.17205675	4.3
1573560548.77	4300	48	0.0	2102452	2147	3691.47313374	4.3
1573560551.2	4300	52	0.0	2209463	2298	3740.63939544	4.3
1573560554.74	4300	56	0.0	2275376	3401	5186.59433325	4.3
