1573524942.89	750	4	1.942	2354772	1837	10254.8590093	-8.3506
1573524944.56	4300	8	0.0	2123065	1540	10593.924054	0.75
1573524946.23	4300	12	0.0	2177073	1539	10810.0998711	4.3
1573524947.75	4300	16.0	0.0	2160877	1381	11143.4912775	4.3
1573524949.26	4300	20	0.0	2233056	1348	11465.2166026	4.3
1573524950.52	4300	24	0.0	1941625	1127	12178.7479481	4.3
1573524951.88	4300	28	0.0	2157535	1233	12798.2887555	4.3
1573524953.29	4300	32	0.0	2290172	1278	13517.0188608	4.3
1573524954.51	4300	36	0.0	2055469	1086	14041.399018	4.3
1573524955.75	4300	40	0.0	2169201	1105	14533.2320062	4.3
1573524956.99	4300	44	0.0	2173522	1110	14896.0878204	4.3
1573524958.26	4300	48	0.0	2102452	1129	15105.6300317	4.3
1573524959.52	4300	52	0.0	2209463	1114	15445.6876721	4.3
1573524961.39	4300	56	0.0	2275376	1725	13719.2397304	4.3
