1573528783.08	750	4	2.467	2354772	2363	7972.14388489	-10.6081
1573528786.64	4300	8	0.0	2123065	3421	5869.33735462	0.75
1573528795.68	4300	12	0.0	2177073	8885	2658.33900386	4.3
1573528798.89	4300	16.0	0.0	2160877	3069	2925.63690656	4.3
1573528801.99	4300	20	0.0	2233056	2968	3158.30081725	4.3
1573528804.81	4300	24	0.0	1941625	2694	3127.29969724	4.3
1573528807.52	4300	28	0.0	2157535	2567	3143.96137728	4.3
1573528810.44	4300	32	0.0	2290172	2782	6096.84115911	4.3
1573528813.63	4300	36	0.0	2055469	3057	6030.35904289	4.3
1573528818.49	4300	40	0.0	2169201	4683	5085.54617915	4.3
1573528823.92	4300	44	0.0	2173522	5268	4337.37984745	4.3
1573528827.11	4300	48	0.0	2102452	3043	4279.210531	4.3
1573528831.71	4300	52	0.0	2209463	4456	4019.43540754	4.3
1573528839.24	4300	56	0.0	2275376	7376	3300.25166292	4.3
