1573560087.46	750	4	3.241	2354772	3121	6035.94232618	-13.9363
1573560090.63	4300	8	0.0	2123065	3007	5839.30907476	0.75
1573560093.22	4300	12	0.0	2177073	2460	6147.89380056	4.3
1573560095.97	4300	16.0	0.0	2160877	2612	6251.52077069	4.3
1573560098.71	4300	20	0.0	2233056	2581	6366.94914654	4.3
1573560100.85	4300	24	0.0	1941625	2000	6645.99732091	4.3
1573560114.62	4300	28	0.0	2157535	13597	1924.07291508	4.3
1573560118.58	4300	32	0.0	2290172	3794	1963.27356262	4.3
1573560125.15	4300	36	0.0	2055469	6428	1939.8855212	4.3
1573560127.82	4300	40	0.0	2169201	2534	1937.05572601	4.3
1573560132.84	4300	44	0.0	2173522	4848	1983.36844321	4.3
1573560135.11	4300	48	0.0	2102452	2120	3730.43129274	4.3
1573560137.56	4300	52	0.0	2209463	2297	3797.16394148	4.3
1573560141.14	4300	56	0.0	2275376	3417	5195.25053028	4.3
