1573528369.45	750	4	2.526	2354772	2377	7925.18973496	-10.861799999999999
1573528373.02	4300	8	0.0	2123065	3416	5869.47694991	0.75
1573528382.05	4300	12	0.0	2177073	8870	2663.90480966	4.3
1573528385.26	4300	16.0	0.0	2160877	3071	2931.296774	4.3
1573528388.36	4300	20	0.0	2233056	2965	3164.02223482	4.3
1573528391.18	4300	24	0.0	1941625	2695	3132.35580497	4.3
1573528393.88	4300	28	0.0	2157535	2569	3149.11566182	4.3
1573528396.8	4300	32	0.0	2290172	2781	6096.34377108	4.3
1573528400.0	4300	36	0.0	2055469	3057	6030.85564051	4.3
1573528404.81	4300	40	0.0	2169201	4656	5100.32077027	4.3
1573528410.27	4300	44	0.0	2173522	5285	4339.27385901	4.3
1573528413.48	4300	48	0.0	2102452	3044	4280.97961533	4.3
1573528418.09	4300	52	0.0	2209463	4451	4021.71305863	4.3
1573528425.63	4300	56	0.0	2275376	7384	3299.40304132	4.3
