1573560395.06	750	4	0.613	450283	506	7119.09881423	-2.6359
1573560398.16	4300	8	0.0	2123065	2832	6144.1129724	0.75
1573560401.23	4300	12	0.0	2177073	2938	6041.03455574	4.3
1573560403.86	4300	16.0	0.0	2160877	2499	6267.19126889	4.3
1573560406.76	4300	20	0.0	2233056	2763	6313.58665104	4.3
1573560409.05	4300	24	0.0	1941625	2132	6424.46843045	4.3
1573560411.39	4300	28	0.0	2157535	2201	6747.23789471	4.3
1573560425.39	4300	32	0.0	2290172	13866	1978.83452499	4.3
1573560428.99	4300	36	0.0	2055469	3422	1997.56784848	4.3
1573560435.57	4300	40	0.0	2169201	6422	1980.98668914	4.3
1573560438.35	4300	44	0.0	2173522	2650	2001.84853291	4.3
1573560443.26	4300	48	0.0	2102452	4737	2029.73056085	4.3
1573560445.6	4300	52	0.0	2209463	2200	3809.62911139	4.3
1573560448.16	4300	56	0.0	2275376	2360	3913.01160856	4.3
