1573560294.29	750	4	3.258	2354772	3157	5967.11308204	-14.0094
1573560297.34	4300	8	0.0	2123065	2913	5900.80839578	0.75
1573560299.92	4300	12	0.0	2177073	2439	6209.91726793	4.3
1573560302.77	4300	16.0	0.0	2160877	2709	6250.46169771	4.3
1573560305.55	4300	20	0.0	2233056	2619	6351.02521667	4.3
1573560307.72	4300	24	0.0	1941625	2001	6648.28000111	4.3
1573560321.37	4300	28	0.0	2157535	13493	1945.58577539	4.3
1573560325.23	4300	32	0.0	2290172	3676	1983.35789707	4.3
1573560331.93	4300	36	0.0	2055469	6514	1950.89438683	4.3
1573560334.55	4300	40	0.0	2169201	2483	1945.36604952	4.3
1573560339.56	4300	44	0.0	2173522	4875	1991.33711943	4.3
1573560341.95	4300	48	0.0	2102452	2158	3706.28261639	4.3
1573560344.38	4300	52	0.0	2209463	2285	3757.11169201	4.3
1573560347.92	4300	56	0.0	2275376	3403	5188.20831754	4.3
