1573524724.49	750	4	0.276	450283	161	22374.310559	-1.1867999999999999
1573524725.75	4300	8	0.0	2123065	1005	17490.9257829	0.75
1573524726.86	4300	12	0.0	2177073	962	17763.0967461	4.3
1573524728.12	4300	16.0	0.0	2160877	1110	16946.4846313	4.3
1573524729.72	4300	20	0.0	2233056	1465	15111.9080446	4.3
1573524730.84	4300	24	0.0	1941625	983	15086.3722548	4.3
1573524731.82	4300	28	0.0	2157535	846	15409.6548955	4.3
1573524732.89	4300	32	0.0	2290172	932	15579.6592568	4.3
1573524733.79	4300	36	0.0	2055469	738	16310.3645138	4.3
1573524734.67	4300	40	0.0	2169201	735	19662.1749284	4.3
1573524735.71	4300	44	0.0	2173522	890	20842.3007225	4.3
1573524736.76	4300	48	0.0	2102452	899	20431.8748882	4.3
1573524737.69	4300	52	0.0	2209463	788	20985.8808094	4.3
1573524738.72	4300	56	0.0	2275376	897	20625.5547539	4.3
