1573560192.41	750	4	4.518	2354772	4412	4269.75883953	-19.4274
1573560195.78	4300	8	0.0	2123065	3229	4638.80158016	0.75
1573560198.99	4300	12	0.0	2177073	3030	4907.72277391	4.3
1573560202.03	4300	16.0	0.0	2160877	2862	5110.35125785	4.3
1573560204.77	4300	20	0.0	2233056	2601	5330.29228764	4.3
1573560218.91	4300	24	0.0	1941625	14005	1759.61060251	4.3
1573560222.77	4300	28	0.0	2157535	3716	1770.37953761	4.3
1573560229.61	4300	32	0.0	2290172	6714	1785.99456324	4.3
1573560232.48	4300	36	0.0	2055469	2733	1780.372433	4.3
1573560237.41	4300	40	0.0	2169201	4745	1809.18968723	4.3
1573560239.77	4300	44	0.0	2173522	2217	3800.93784138	4.3
1573560242.16	4300	48	0.0	2102452	2247	3890.79528259	4.3
1573560245.45	4300	52	0.0	2209463	3045	5241.90280756	4.3
1573560247.55	4300	56	0.0	2275376	1954	5434.11003909	4.3
