1573528679.58	750	4	2.492	2354772	2389	7885.3813311	-10.7156
1573528683.13	4300	8	0.0	2123065	3393	5895.27302643	0.75
1573528692.23	4300	12	0.0	2177073	8956	2638.30476564	4.3
1573528695.44	4300	16.0	0.0	2160877	3074	2904.38982794	4.3
1573528698.54	4300	20	0.0	2233056	2968	3136.18284713	4.3
1573528701.36	4300	24	0.0	1941625	2696	3105.20440021	4.3
1573528704.07	4300	28	0.0	2157535	2567	3119.56822898	4.3
1573528706.98	4300	32	0.0	2290172	2781	6093.72088423	4.3
1573528710.17	4300	36	0.0	2055469	3053	6031.90667276	4.3
1573528714.99	4300	40	0.0	2169201	4663	5097.62747855	4.3
1573528720.45	4300	44	0.0	2173522	5294	4334.3063454	4.3
1573528723.65	4300	48	0.0	2102452	3059	4274.29697653	4.3
1573528728.26	4300	52	0.0	2209463	4445	4017.8142387	4.3
1573528735.77	4300	56	0.0	2275376	7373	3300.06206463	4.3
