1594026175.06	750	4	0.302	450283	198	18193.2525253	-1.2986
1594026176.46	4300	6.64945	0.0	2123065	1156	15117.8836861	0.75
1594026177.68	4300	9.431632	0.0	2177073	1076	15573.1003782	4.3
1594026178.85	4300	12.265163	0.0	2160877	1017	15968.0406994	4.3
1594026180.16	4300	14.954978	0.0	2233056	1168	15792.139601	4.3
1594026181.57	4300	17.543523	0.0	1941625	1264	14786.2227633	4.3
1594026182.82	4300	20.296425	0.0	2157535	1099	14977.1596032	4.3
1594026184.08	4300	23.030068	0.0	2290172	1123	15008.0702848	4.3
1594026185.18	4300	25.932614	0.0	2055469	957	15013.559058	4.3
1594026186.39	4300	28.726667	0.0	2169201	1057	15204.0843377	4.3
1594026187.57	4300	31.542632	0.0	2173522	1033	16452.4945904	4.3
1594026188.71	4300	34.405503	0.0	2102452	993	16713.8992067	4.3
1594026189.93	4300	37.180303	0.0	2209463	1077	16738.9820297	4.3
1594026191.15	4300	39.960886	0.0	2275376	1084	16671.4035141	4.3
1594026192.22	4300	42.890269	0.0	2005399	924	16846.4936522	4.3
1594026193.41	4300	45.706705	0.0	2152483	1036	16803.1958936	4.3
1594026194.63	4300	48.483764	0.0	2289689	1057	16882.0989959	4.3
1594026196.36	4300	50.752613	0.0	2059512	1589	14429.167134	4.3
1594026197.61	4300	53.506822	0.0	2220726	1084	14371.2729644	4.3
1594026198.9	4300	56.211015	0.0	2156729	1149	14109.274444	4.3
1594026200.01	4300	59.105426	0.0	2039773	960	14125.1644205	4.3
1594026203.18	4300	59.998151	0.0	2176469	1029	14063.6088093	4.3
1594026207.21	4300	59.998219	0.0	2221506	1390	15222.6066753	4.3
1594026211.33	4300	59.998336	0.0	2044075	980	15246.9950672	4.3
1594026215.13	4300	59.998245	0.0	2186790	1149	15291.5188226	4.3
1594026219.17	4300	59.998174	0.0	2105231	1377	14232.2793524	4.3
1594026223.21	4300	59.998317	0.0	2395588	2393	11140.198045	4.3
1594026227.58	4300	59.748309	0.0	1972048	1718	10396.2724054	4.3
1594026231.15	4300	59.998318	0.0	2134614	2403	8932.12656882	4.3
1594026235.57	4300	59.748217	0.0	2164140	2766	7730.76838753	4.3
1594026239.21	4300	59.998334	0.0	2113193	2428	7251.12391222	4.3
1594026244.02	4300	59.091875	0.0	2147852	4659	5418.17005862	4.3
1594026247.3	4300	59.998313	0.0	2191074	1108	5427.99168787	4.3
1594026251.57	4300	59.748335	0.0	2286761	1619	5548.71828848	4.3
1594026255.35	4300	59.998386	0.0	2307787	1140	5778.40976284	4.3
1594026259.59	4300	59.748303	0.0	2143948	1094	5950.23042272	4.3
1594026263.15	4300	59.998147	0.0	1919781	1417	13171.5409727	4.3
1594026267.41	4300	59.748227	0.0	2147467	3610	7571.86917413	4.3
1594026271.59	4300	59.748311	0.0	2133870	2031	7310.0947212	4.3
1594026275.44	4300	59.748234	0.0	2146120	1676	7203.51118841	4.3
1594026279.19	4300	59.998314	0.0	2108491	1601	7144.77394146	4.3
1594026283.47	4300	59.748328	0.0	2184571	1619	7188.77968662	4.3
1594026287.6	4300	59.74834	0.0	2121928	996	10348.4642804	4.3
1594026291.32	4300	59.99829	0.0	2219102	1056	11840.5049387	4.3
1594026295.53	4300	59.748281	0.0	2124950	1069	12929.883898	4.3
1594026299.23	4300	59.99834	0.0	2246506	1054	14475.2012602	4.3
1594026303.23	4300	59.998243	0.0	1961140	874	16887.5535335	4.3
1594026307.37	4300	59.748337	0.0	2155012	1012	16886.4856646	4.3
1594026309.06	4300	59.928217	0.0	1433658	575	17235.9049491	4.3

