1574136606.32	750	4	2.399	2354772	2295	7226.14379085	-10.3157
1574136609.7	4300	8	0.0	2123065	3245	4236.82310469	0.75
1574136616.3	4300	12	0.0	2177073	6470	1363.86344713	4.3
1574136621.98	4300	16.0	0.0	2160877	5549	6005.80898684	4.3
1574136624.33	2850	20	0.0	1472558	2133	6413.77209019	1.4000000000000001
1574136625.83	2850	24	0.0	1224260	1363	6374.20042644	2.85
1574136628.0	2850	28	0.0	1388403	2028	6583.82260731	2.85
1574136630.08	2850	32	0.0	1638769	1934	6891.67371415	2.85
1574136632.82	4300	36	0.0	2055469	2577	7025.41106129	2.8499999999999996
1574136635.88	4300	40	0.0	2169201	2922	5515.5210643	4.3
1574136640.09	4300	44	0.0	2173522	4070	3516.36981746	4.3
1574136646.1	4300	48	0.0	2102452	5840	4642.79536412	4.3
1574136649.64	4300	52	0.0	2209463	3400	5260.24775373	4.3
1574136654.07	4300	56	0.0	2275376	4292	4379.2633015	4.3
