1574136812.99	750	4	2.395	2354772	2294	7161.29032258	-10.2985
1574136816.39	4300	8	0.0	2123065	3261	4229.7029703	0.75
1574136823.19	4300	12	0.0	2177073	6655	1303.19410319	4.3
1574136827.85	2850	16.0	0.0	1520281	4344	6225.44400145	1.4000000000000001
1574136830.02	2850	20	0.0	1472558	1995	6407.89260877	2.85
1574136831.74	2850	24	0.0	1224260	1596	6160.99938379	2.85
1574136833.66	2850	28	0.0	1388403	1793	6083.13495697	2.85
1574136835.85	2850	32	0.0	1638769	2059	7060.32069229	2.85
1574136838.58	4300	36	0.0	2055469	2590	6458.68633509	2.8499999999999996
1574136841.54	4300	40	0.0	2169201	2819	5802.70793037	4.3
1574136844.92	4300	44	0.0	2173522	3253	4511.74684354	4.3
1574136850.16	4300	48	0.0	2102452	5101	2366.32536974	4.3
1574136855.07	4300	52	0.0	2209463	4727	5711.19524067	4.3
1574136858.81	4300	56	0.0	2275376	3595	4087.20184663	4.3
