1574136502.99	750	4	2.391	2354772	2290	7325.76419214	-10.2813
1574136506.37	4300	8	0.0	2123065	3243	4246.52087475	0.75
1574136513.0	4300	12	0.0	2177073	6490	1344.42318889	4.3
1574136518.65	4300	16.0	0.0	2160877	5506	6007.87266815	4.3
1574136521.03	2850	20	0.0	1472558	2136	6395.11823036	1.4000000000000001
1574136522.52	2850	24	0.0	1224260	1356	6368.05296033	2.85
1574136524.67	2850	28	0.0	1388403	2019	6563.08905009	2.85
1574136526.74	2850	32	0.0	1638769	1934	6916.84039842	2.85
1574136529.45	4300	36	0.0	2055469	2569	7016.17735171	2.8499999999999996
1574136532.52	4300	40	0.0	2169201	2937	5597.78085992	4.3
1574136536.68	4300	44	0.0	2173522	4024	3551.13847067	4.3
1574136542.72	4300	48	0.0	2102452	5905	4563.30243537	4.3
1574136546.27	4300	52	0.0	2209463	3415	5293.36870027	4.3
1574136550.69	4300	56	0.0	2275376	4272	4367.24565757	4.3
