1574137329.62	750	4	2.387	2354772	2288	7353.14685315	-10.264100000000001
1574137333.01	4300	8	0.0	2123065	3248	4244.21965318	0.75
1574137339.61	4300	12	0.0	2177073	6470	1370.31484258	4.3
1574137345.29	4300	16.0	0.0	2160877	5521	6011.29685628	4.3
1574137348.47	4300	20	0.0	2233056	3054	6302.90073369	4.3
1574137351.19	4300	24	0.0	1941625	2590	6599.62649045	4.3
1574137353.84	4300	28	0.0	2157535	2509	6800.03971406	4.3
1574137356.85	4300	32	0.0	2290172	2879	6114.90364284	4.3
1574137359.89	4300	36	0.0	2055469	2902	5718.38668006	4.3
1574137364.3	4300	40	0.0	2169201	4270	3643.56435644	4.3
1574137370.27	4300	44	0.0	2173522	5826	5410.63852932	4.3
1574137373.46	4300	48	0.0	2102452	3061	5002.64019432	4.3
1574137377.87	4300	52	0.0	2209463	4282	4418.66181604	4.3
1574137384.85	4300	56	0.0	2275376	6840	3024.83627827	4.3
