1574137019.56	750	4	2.392	2354772	2291	7327.8044522	-10.2856
1574137022.97	4300	8	0.0	2123065	3251	4235.29411765	0.75
1574137029.6	4300	12	0.0	2177073	6497	1321.7044605	4.3
1574137035.23	4300	16.0	0.0	2160877	5476	6012.67485013	4.3
1574137037.6	2850	20	0.0	1472558	2136	6396.6210371	1.4000000000000001
1574137039.1	2850	24	0.0	1224260	1358	6366.06475051	2.85
1574137041.25	2850	28	0.0	1388403	2019	6567.53974608	2.85
1574137043.33	2850	32	0.0	1638769	1933	6913.79043492	2.85
1574137046.04	4300	36	0.0	2055469	2578	7021.14924182	2.8499999999999996
1574137049.11	4300	40	0.0	2169201	2945	5555.24785378	4.3
1574137053.27	4300	44	0.0	2173522	4024	3511.37121268	4.3
1574137059.3	4300	48	0.0	2102452	5906	4565.74255148	4.3
1574137062.86	4300	52	0.0	2209463	3422	5267.28476821	4.3
1574137067.29	4300	56	0.0	2275376	4288	4377.94510566	4.3
