1574136709.69	750	4	2.385	2354772	2286	7359.58005249	-10.2555
1574136713.07	4300	8	0.0	2123065	3243	4240.91155724	0.75
1574136719.68	4300	12	0.0	2177073	6469	1371.22853809	4.3
1574136725.34	4300	16.0	0.0	2160877	5521	6005.82225013	4.3
1574136727.69	2850	20	0.0	1472558	2134	6405.12898794	1.4000000000000001
1574136729.18	2850	24	0.0	1224260	1354	6422.73382832	2.85
1574136731.33	2850	28	0.0	1388403	2021	6545.51688668	2.85
1574136733.42	2850	32	0.0	1638769	1943	6923.61057581	2.85
1574136736.13	4300	36	0.0	2055469	2577	6999.70086748	2.8499999999999996
1574136739.21	4300	40	0.0	2169201	2945	5573.80073801	4.3
1574136743.38	4300	44	0.0	2173522	4025	3539.33831693	4.3
1574136749.42	4300	48	0.0	2102452	5905	4535.78614544	4.3
1574136752.97	4300	52	0.0	2209463	3415	5310.86023215	4.3
1574136757.39	4300	56	0.0	2275376	4273	4362.20395857	4.3
