1574136916.24	750	4	2.383	2354772	2284	7334.50087566	-10.2469
1574136919.63	4300	8	0.0	2123065	3251	4244.98644986	0.75
1574136926.26	4300	12	0.0	2177073	6489	1353.29341317	4.3
1574136931.89	4300	16.0	0.0	2160877	5471	5994.85567305	4.3
1574136934.24	2850	20	0.0	1472558	2129	6411.5368936	1.4000000000000001
1574136935.74	2850	24	0.0	1224260	1365	6428.22774659	2.85
1574136937.91	2850	28	0.0	1388403	2046	6572.57142857	2.85
1574136939.98	2850	32	0.0	1638769	1935	6928.78109068	2.85
1574136942.68	4300	36	0.0	2055469	2570	7006.47088104	2.8499999999999996
1574136945.75	4300	40	0.0	2169201	2935	5584.73873376	4.3
1574136949.89	4300	44	0.0	2173522	4009	3641.34864765	4.3
1574136955.94	4300	48	0.0	2102452	5905	4480.81134032	4.3
1574136959.49	4300	52	0.0	2209463	3404	5355.15061361	4.3
1574136963.91	4300	56	0.0	2275376	4292	4354.34412266	4.3
