1574137226.46	750	4	2.469	2354772	2361	6841.16899619	-10.616699999999998
1574137229.94	4300	8	0.0	2123065	3349	4026.61996497	0.75
1574137237.87	4300	12	0.0	2177073	7775	2901.89098999	4.3
1574137240.43	1850	16.0	0.0	933276	2153	5967.00345313	-0.6000000000000001
1574137242.02	1850	20	0.0	996749	1436	5791.2615673	1.85
1574137243.35	1850	24	0.0	801058	1203	6129.68082433	1.85
1574137244.67	1850	28	0.0	905515	1188	6756.81570338	1.85
1574137247.01	2850	32	0.0	1638769	2119	5504.38325719	1.85
1574137249.66	4300	36	0.0	2055469	2504	7306.50887574	2.8499999999999996
1574137252.47	4300	40	0.0	2169201	2668	6760.99979343	4.3
1574137255.56	4300	44	0.0	2173522	2952	5878.75076546	4.3
1574137259.25	4300	48	0.0	2102452	3554	3487.71472059	4.3
1574137265.69	4300	52	0.0	2209463	6258	4024.30865299	4.3
1574137269.37	4300	56	0.0	2275376	3522	5536.56220323	4.3
