1574137122.94	750	4	2.384	2354772	2282	7325.15337423	-10.251199999999999
1574137126.33	4300	8	0.0	2123065	3252	4237.0798699	0.75
1574137132.96	4300	12	0.0	2177073	6496	1337.65586035	4.3
1574137138.59	4300	16.0	0.0	2160877	5475	6010.62553556	4.3
1574137140.96	2850	20	0.0	1472558	2137	6423.98941045	1.4000000000000001
1574137142.44	2850	24	0.0	1224260	1353	6428.68594026	2.85
1574137144.6	2850	28	0.0	1388403	2033	6574.82565451	2.85
1574137146.67	2850	32	0.0	1638769	1934	6931.64243736	2.85
1574137149.38	4300	36	0.0	2055469	2570	7007.08088162	2.8499999999999996
1574137152.45	4300	40	0.0	2169201	2935	5581.52424942	4.3
1574137156.59	4300	44	0.0	2173522	4010	3569.20338229	4.3
1574137162.63	4300	48	0.0	2102452	5909	4486.69201521	4.3
1574137166.2	4300	52	0.0	2209463	3416	5321.65605096	4.3
1574137170.64	4300	56	0.0	2275376	4303	4365.91649249	4.3
