1574136398.84	750	4	0.545	450283	440	13718.1818182	-2.3435
1574136401.92	4300	8	0.0	2123065	2813	6035.04457424	0.75
1574136407.14	4300	12	0.0	2177073	5087	2641.72661871	4.3
1574136414.65	4300	16.0	0.0	2160877	7373	5880.48113027	4.3
1574136416.91	2850	20	0.0	1472558	2009	6300.64326825	1.4000000000000001
1574136418.63	2850	24	0.0	1224260	1589	6432.09156907	2.85
1574136420.75	2850	28	0.0	1388403	1970	6273.57443976	2.85
1574136422.8	2850	32	0.0	1638769	1915	6853.79644588	2.85
1574136425.5	4300	36	0.0	2055469	2558	6459.51598446	2.8499999999999996
1574136428.56	4300	40	0.0	2169201	2931	6168.01970264	4.3
1574136432.19	4300	44	0.0	2173522	3484	4587.0275315	4.3
1574136437.88	4300	48	0.0	2102452	5520	2347.63529985	4.3
1574136442.06	4300	52	0.0	2209463	4043	5538.41173932	4.3
1574136445.97	4300	56	0.0	2275376	3754	4196.22947496	4.3
