1577333000.61	750	4	5.018	181801	3436	423.285215367	-21.577399999999997
1577333002.67	300	5.926685	0.0	155580	1909	483.910186476	-0.15000000000000002
1577333005.1	300	7.505303	0.0	139857	1818	511.662630319	0.3
1577333006.7	300	9.895311	0.0	155432	1399	549.781487901	0.3
1577333008.19	300	12.410185	0.0	163442	1374	583.876324243	0.3
1577333009.37	300	15.235034	0.0	126289	1063	754.920003505	0.3
1577333012.51	750	16.092181	0.0	352642	2925	847.477053122	0.3
1577333016.81	750	15.784397	0.0	437162	4204	897.117748754	0.75
1577333020.54	750	16.053909	0.0	374758	3620	877.929521157	0.75
1577333023.79	750	16.804764	0.0	362795	3135	881.211604134	0.75
1577333027.64	750	16.958355	0.0	353220	3733	847.992126587	0.75
1577333031.88	750	16.713643	0.0	405134	4135	817.933857331	0.75
1577333035.59	750	17.010348	0.0	386351	3588	822.931797515	0.75
1577333039.38	750	17.217639	0.0	434409	3681	843.685142841	0.75
1577333042.45	750	18.144856	0.0	337059	2958	841.003044926	0.75
1577333046.0	750	18.599765	0.0	366214	3430	863.682007814	0.75
1577333049.64	750	18.956403	0.0	360831	3529	875.096298979	0.75
1577333053.37	750	19.235519	0.0	372963	3581	868.869150806	0.75
1577333058.96	750	17.641463	0.0	405596	5471	755.814812184	0.75
1577333062.13	750	18.464017	0.0	350713	3043	757.527268503	0.75
1577333066.0	750	18.593796	0.0	386472	3732	754.856251142	0.75
1577333070.2	750	18.395609	0.0	399894	4089	750.01778476	0.75
1577333073.95	750	18.649886	0.0	401853	3626	757.650058643	0.75
1577333076.9	750	19.694547	0.0	343800	2836	864.331369838	0.75
1577333080.06	750	20.533394	0.0	359903	3052	867.603245571	0.75
1577333083.59	750	21.007829	0.0	379700	3408	881.440080688	0.75
1577333088.53	750	20.070456	0.0	425781	4819	849.240345882	0.75
1577333091.28	750	21.312419	0.0	277716	2641	840.318267839	0.75
1577333095.44	750	21.160477	0.0	400396	4027	812.871678112	0.75
1577333100.05	750	20.548972	0.0	400508	4488	771.315088932	0.75
1577333103.16	750	21.436117	0.0	358218	3003	776.098811796	0.75
1577333107.31	750	21.290849	0.0	400322	4035	800.821618306	0.75
1577333111.04	750	21.556101	0.0	369834	3625	798.379255736	0.75
1577333115.07	750	21.52758	0.0	412837	3919	807.751030995	0.75
1577333119.43	750	21.169157	0.0	401088	4235	821.277078867	0.75
1577333123.25	750	21.343208	0.0	365161	3708	797.740279614	0.75
1577333126.19	750	22.408737	0.0	321064	2816	814.365435286	0.75
1577333129.33	750	23.265142	0.0	361565	3034	834.834735199	0.75
1577333132.51	750	24.087379	0.0	378327	3058	857.31404549	0.75
1577333136.73	750	23.864429	0.0	390680	4104	859.420827867	0.75
1577333140.69	750	23.907008	0.0	345516	3848	838.586216937	0.75
1577333144.54	750	24.061659	0.0	384505	3731	825.080641088	0.75
1577333148.23	750	24.3631	0.0	372093	3586	808.03663815	0.75
1577333152.43	750	24.171939	0.0	438281	4077	795.089477744	0.75
1577333156.6	750	23.997165	0.0	398987	4067	800.375161459	0.75
1577333161.68	750	22.916582	0.0	393804	4969	767.889764412	0.75
1577333173.6	1850	14.999017	0.0	830730	11679	666.088656717	0.75
1577333177.02	750	15.574174	0.0	314107	3300	659.162758573	-0.3500000000000001
1577333180.09	750	14.191922	0.0	255954	2953	640.027053	0.75

