1577334128.12	750	4	4.883	181801	3729	390.026280504	-20.996899999999997
1577334130.1	300	6.018592	0.0	155580	1488	460.059502579	-0.15000000000000002
1577334131.85	300	8.274001	0.0	139857	1618	499.64693548	0.3
1577334134.18	300	9.939258	0.0	155432	1841	528.851740789	0.3
1577334135.76	300	12.356511	0.0	163442	1423	562.492593255	0.3
1577334136.94	300	15.178463	0.0	126289	1064	781.402660615	0.3
1577334140.08	750	16.035283	0.0	352642	2923	824.006874616	0.3
1577334144.38	750	15.740179	0.0	437162	4175	852.211700635	0.75
1577334148.14	750	15.977325	0.0	374758	3640	875.760673438	0.75
1577334151.39	750	16.727675	0.0	362795	3136	881.76896874	0.75
1577334155.22	750	16.903386	0.0	353220	3709	849.883564359	0.75
1577334159.48	750	16.639311	0.0	405134	4141	819.180719022	0.75
1577334163.2	750	16.917909	0.0	386351	3603	822.347785399	0.75
1577334166.99	750	17.12687	0.0	434409	3677	844.160215462	0.75
1577334170.06	750	18.059281	0.0	337059	2956	841.595598625	0.75
1577334173.59	750	18.523998	0.0	366214	3418	863.4372133	0.75
1577334177.24	750	18.875867	0.0	360831	3533	874.978817717	0.75
1577334181.06	750	19.059343	0.0	372963	3706	862.523046105	0.75
1577334186.79	750	17.330596	0.0	405596	5603	743.925283213	0.75
1577334189.94	750	18.176379	0.0	350713	3043	745.565641834	0.75
1577334193.81	750	18.307975	0.0	386472	3753	742.222397743	0.75
1577334198.0	750	18.114451	0.0	399894	4068	738.745181528	0.75
1577334201.75	750	18.367559	0.0	401853	3628	749.862562326	0.75
1577334204.7	750	19.420525	0.0	343800	2828	864.664696958	0.75
1577334207.88	750	20.240459	0.0	359903	3061	867.560534291	0.75
1577334211.4	750	20.71444	0.0	379700	3408	882.629374872	0.75
1577334216.38	750	19.742048	0.0	425781	4855	846.673769171	0.75
1577334219.1	750	21.015212	0.0	277716	2611	839.240069612	0.75
1577334223.29	750	20.826905	0.0	400396	4067	809.80570407	0.75
1577334227.86	750	20.262857	0.0	400508	4438	771.36746704	0.75
1577334230.97	750	21.148202	0.0	358218	3003	776.153988521	0.75
1577334235.16	750	20.960479	0.0	400322	4067	801.46359287	0.75
1577334238.87	750	21.244254	0.0	369834	3605	798.666506869	0.75
1577334242.94	750	21.182742	0.0	412837	3942	808.913338365	0.75
1577334247.28	750	20.843207	0.0	401088	4231	819.900704489	0.75
1577334251.1	750	21.01746	0.0	365161	3707	796.566117444	0.75
1577334254.01	750	22.110617	0.0	321064	2790	815.440511871	0.75
1577334257.14	750	22.978835	0.0	361565	3019	835.581423098	0.75
1577334260.31	750	23.804591	0.0	378327	3060	859.324385211	0.75
1577334264.6	750	23.525775	0.0	390680	4160	857.53518994	0.75
1577334268.53	750	23.590054	0.0	345516	3809	839.331306979	0.75
1577334272.38	750	23.742293	0.0	384505	3732	824.734118948	0.75
1577334276.09	750	24.031623	0.0	372093	3588	807.180075609	0.75
1577334280.27	750	23.846558	0.0	438281	4072	794.541485652	0.75
1577334284.49	750	23.630688	0.0	398987	4096	801.147789325	0.75
1577334289.63	750	22.485606	0.0	393804	5034	763.423107637	0.75
1577334301.45	1850	14.666616	0.0	830730	11581	667.00847544	0.75
1577334304.89	750	15.227443	0.0	314107	3328	659.611872678	-0.3500000000000001
1577334308.01	750	13.796548	0.0	255954	2998	639.506544274	0.75

