1577332775.06	750	4	4.904	181801	3665	396.837107776	-21.0872
1577332777.09	300	5.97131	0.0	155580	1797	461.706749382	-0.15000000000000002
1577332779.45	300	7.611401	0.0	139857	1857	490.808149946	0.3
1577332781.08	300	9.978211	0.0	155432	1387	528.942532075	0.3
1577332782.57	300	12.489659	0.0	163442	1374	563.031064153	0.3
1577332783.74	300	15.317733	0.0	126289	1062	764.214494113	0.3
1577332786.9	750	16.16204	0.0	352642	2923	841.94953849	0.3
1577332791.22	750	15.840729	0.0	437162	4198	898.896652372	0.75
1577332794.96	750	16.099244	0.0	374758	3619	878.61376126	0.75
1577332798.2	750	16.851574	0.0	362795	3135	881.821851145	0.75
1577332802.05	750	17.003614	0.0	353220	3733	848.415496423	0.75
1577332806.31	750	16.744413	0.0	405134	4134	818.2752692	0.75
1577332810.01	750	17.044317	0.0	386351	3585	823.14954552	0.75
1577332813.8	750	17.25137	0.0	434409	3681	843.871140974	0.75
1577332816.87	750	18.180047	0.0	337059	2957	841.228385061	0.75
1577332820.41	750	18.646368	0.0	366214	3432	863.830864697	0.75
1577332824.05	750	19.001892	0.0	360831	3529	875.193726656	0.75
1577332827.77	750	19.282954	0.0	372963	3593	868.150400072	0.75
1577332833.37	750	17.685321	0.0	405596	5471	755.389406727	0.75
1577332836.57	750	18.486888	0.0	350713	3067	756.457584142	0.75
1577332840.42	750	18.639747	0.0	386472	3733	753.843451811	0.75
1577332844.61	750	18.442011	0.0	399894	4089	749.054836455	0.75
1577332848.36	750	18.694131	0.0	401853	3627	757.000992352	0.75
1577332851.31	750	19.743822	0.0	343800	2836	863.176728104	0.75
1577332854.46	750	20.592018	0.0	359903	3050	867.584489953	0.75
1577332857.99	750	21.068476	0.0	379700	3407	881.529484488	0.75
1577332862.92	750	20.133817	0.0	425781	4816	849.517938664	0.75
1577332865.68	750	21.371228	0.0	277716	2644	840.497933866	0.75
1577332869.83	750	21.227729	0.0	400396	4023	813.213355654	0.75
1577332874.46	750	20.593721	0.0	400508	4505	770.747688472	0.75
1577332877.57	750	21.482224	0.0	358218	3003	775.478862078	0.75
1577332881.73	750	21.321151	0.0	400322	4039	799.769921228	0.75
1577332885.48	750	21.574407	0.0	369834	3622	797.620652481	0.75
1577332889.53	750	21.52767	0.0	412837	3927	806.479688874	0.75
1577332893.95	750	21.10972	0.0	401088	4308	817.148841387	0.75
1577332897.77	750	21.284947	0.0	365161	3708	794.078885461	0.75
1577332900.69	750	22.369943	0.0	321064	2799	810.986746157	0.75
1577332903.83	750	23.229051	0.0	361565	3030	831.089072593	0.75
1577332907.0	750	24.051697	0.0	378327	3059	853.46130542	0.75
1577332911.27	750	23.784296	0.0	390680	4149	857.387426066	0.75
1577332915.2	750	23.854161	0.0	345516	3821	838.470582515	0.75
1577332919.05	750	24.009522	0.0	384505	3730	824.386368624	0.75
1577332922.75	750	24.310824	0.0	372093	3587	807.239968121	0.75
1577332926.93	750	24.124036	0.0	438281	4073	794.534952725	0.75
1577332931.14	750	23.916069	0.0	398987	4088	800.975653308	0.75
1577332936.26	750	22.792607	0.0	393804	5014	764.846171259	0.75
1577332948.18	1850	14.877533	0.0	830730	11613	666.674739399	0.75
1577332951.62	750	15.4334	0.0	314107	3333	659.182086145	-0.3500000000000001
1577332954.74	750	14.000689	0.0	255954	3003	639.002054454	0.75

