1577333902.76	750	4	4.849	181801	3609	402.994735384	-20.8507
1577333904.76	300	5.989039	0.0	155580	1839	466.73245834	-0.15000000000000002
1577333907.2	300	7.556559	0.0	139857	1773	498.610980723	0.3
1577333908.78	300	9.971545	0.0	155432	1400	536.850171906	0.3
1577333910.27	300	12.485632	0.0	163442	1374	571.066932723	0.3
1577333911.44	300	15.309981	0.0	126289	1064	770.629945049	0.3
1577333914.6	750	16.155046	0.0	352642	2923	855.215656428	0.3
1577333918.89	750	15.8615	0.0	437162	4184	898.994145754	0.75
1577333922.64	750	16.107288	0.0	374758	3632	878.557652348	0.75
1577333925.89	750	16.857569	0.0	362795	3136	881.71835245	0.75
1577333929.72	750	17.026031	0.0	353220	3717	849.36897285	0.75
1577333933.97	750	16.777164	0.0	405134	4140	818.795244489	0.75
1577333937.69	750	17.061762	0.0	386351	3599	822.502785123	0.75
1577333941.48	750	17.271219	0.0	434409	3678	843.905746599	0.75
1577333944.55	750	18.19831	0.0	337059	2956	841.340722478	0.75
1577333948.09	750	18.661547	0.0	366214	3423	863.405465217	0.75
1577333951.74	750	19.014562	0.0	360831	3532	874.939591789	0.75
1577333955.45	750	19.296757	0.0	372963	3593	868.622064028	0.75
1577333960.99	750	17.755128	0.0	405596	5431	758.053339368	0.75
1577333964.22	750	18.531186	0.0	350713	3099	758.239895015	0.75
1577333968.11	750	18.644331	0.0	386472	3771	754.085682363	0.75
1577333972.33	750	18.424708	0.0	399894	4096	749.148215967	0.75
1577333976.07	750	18.678443	0.0	401853	3628	757.054573423	0.75
1577333979.03	750	19.720582	0.0	343800	2840	859.094350686	0.75
1577333982.19	750	20.56322	0.0	359903	3048	864.947341708	0.75
1577333985.71	750	21.038969	0.0	379700	3407	880.943540781	0.75
1577333990.64	750	20.110224	0.0	425781	4808	849.943150127	0.75
1577333993.41	750	21.34357	0.0	277716	2651	840.628288761	0.75
1577333997.54	750	21.208192	0.0	400396	4013	813.924384077	0.75
1577334002.19	750	20.563402	0.0	400508	4519	770.608993274	0.75
1577334005.31	750	21.439421	0.0	358218	3001	775.385706271	0.75
1577334009.45	750	21.296721	0.0	400322	4032	799.534966812	0.75
1577334013.19	750	21.559462	0.0	369834	3629	797.383438311	0.75
1577334017.23	750	21.517072	0.0	412837	3920	806.073915497	0.75
1577334021.59	750	21.158791	0.0	401088	4236	821.210556045	0.75
1577334025.42	750	21.333828	0.0	365161	3707	797.667971993	0.75
1577334028.35	750	22.397222	0.0	321064	2817	814.108058427	0.75
1577334031.51	750	23.241953	0.0	361565	3032	834.816080654	0.75
1577334034.68	750	24.065841	0.0	378327	3060	857.271439101	0.75
1577334038.91	750	23.838166	0.0	390680	4109	859.119554515	0.75
1577334042.87	750	23.882094	0.0	345516	3844	838.516807629	0.75
1577334046.71	750	24.039062	0.0	384505	3728	825.195347613	0.75
1577334050.41	750	24.340234	0.0	372093	3586	808.080248576	0.75
1577334054.6	750	24.146417	0.0	438281	4077	795.179404439	0.75
1577334058.79	750	23.956497	0.0	398987	4072	800.479939628	0.75
1577334063.88	750	22.865108	0.0	393804	4978	767.32576531	0.75
1577334075.78	1850	14.974773	0.0	830730	11672	665.993931961	0.75
1577334079.2	750	15.54886	0.0	314107	3303	659.01926969	-0.3500000000000001
1577334082.27	750	14.162321	0.0	255954	2955	639.852882479	0.75

