1577333226.06	750	4	4.92	181801	3696	393.508658009	-21.156
1577333227.86	300	6.197646	0.0	155580	1571	463.018345341	-0.15000000000000002
1577333230.11	300	7.955336	0.0	139857	1890	491.282422285	0.3
1577333232.08	300	9.979596	0.0	155432	1485	528.838926094	0.3
1577333233.57	300	12.49285	0.0	163442	1374	563.161643593	0.3
1577333234.75	300	15.315651	0.0	126289	1065	776.099960506	0.3
1577333237.89	750	16.170853	0.0	352642	2924	827.210995025	0.3
1577333242.19	750	15.87391	0.0	437162	4176	892.126880117	0.75
1577333245.95	750	16.113642	0.0	374758	3640	878.429726496	0.75
1577333249.2	750	16.864559	0.0	362795	3136	881.604273195	0.75
1577333253.02	750	17.041527	0.0	353220	3709	849.797022178	0.75
1577333257.29	750	16.774418	0.0	405134	4143	819.043791956	0.75
1577333261.01	750	17.054877	0.0	386351	3603	822.248392589	0.75
1577333264.79	750	17.267036	0.0	434409	3676	844.089554704	0.75
1577333267.87	750	18.191963	0.0	337059	2956	841.524808996	0.75
1577333271.4	750	18.657085	0.0	366214	3423	863.11391579	0.75
1577333275.05	750	19.013002	0.0	360831	3532	874.814807174	0.75
1577333278.88	750	19.181077	0.0	372963	3649	865.589339291	0.75
1577333284.63	750	17.430833	0.0	405596	5626	744.253079888	0.75
1577333287.79	750	18.272758	0.0	350713	3045	745.848094997	0.75
1577333291.66	750	18.399163	0.0	386472	3762	742.357519258	0.75
1577333295.84	750	18.225005	0.0	399894	4064	738.970555047	0.75
1577333299.59	750	18.470656	0.0	401853	3637	748.080231884	0.75
1577333302.54	750	19.523343	0.0	343800	2827	863.93287157	0.75
1577333305.72	750	20.338464	0.0	359903	3064	866.783586751	0.75
1577333309.25	750	20.812787	0.0	379700	3407	882.37943669	0.75
1577333314.23	750	19.828975	0.0	425781	4865	845.574346441	0.75
1577333316.95	750	21.112312	0.0	277716	2599	839.085912763	0.75
1577333321.13	750	20.926667	0.0	400396	4076	809.212663084	0.75
1577333325.69	750	20.375016	0.0	400508	4425	771.547311994	0.75
1577333328.8	750	21.261937	0.0	358218	3002	776.337033655	0.75
1577333332.98	750	21.08116	0.0	400322	4070	802.108366949	0.75
1577333336.69	750	21.369812	0.0	369834	3603	798.91333392	0.75
1577333340.76	750	21.305262	0.0	412837	3944	809.495526714	0.75
1577333345.09	750	20.967039	0.0	401088	4230	819.844595986	0.75
1577333348.92	750	21.140924	0.0	365161	3708	796.447358334	0.75
1577333351.83	750	22.234302	0.0	321064	2788	815.516438067	0.75
1577333354.96	750	23.096251	0.0	361565	3028	835.251051275	0.75
1577333358.14	750	23.917759	0.0	378327	3058	859.126259494	0.75
1577333362.44	750	23.624754	0.0	390680	4174	856.352951123	0.75
1577333366.35	750	23.711246	0.0	345516	3807	838.412996042	0.75
1577333370.19	750	23.868189	0.0	384505	3730	823.927400988	0.75
1577333373.89	750	24.168872	0.0	372093	3588	806.71840481	0.75
1577333378.08	750	23.982849	0.0	438281	4071	794.107635368	0.75
1577333382.29	750	23.768389	0.0	398987	4096	801.362225278	0.75
1577333387.44	750	22.623195	0.0	393804	5033	763.568853208	0.75
1577333399.26	1850	14.802571	0.0	830730	11580	667.079138822	0.75
1577333402.71	750	15.348244	0.0	314107	3331	659.628170561	-0.3500000000000001
1577333405.83	750	13.915224	0.0	255954	3003	639.407644842	0.75

