1577332549.46	750	4	5.092	181801	3507	414.715711434	-21.895599999999998
1577332551.54	300	5.91683	0.0	155580	1924	475.129437714	-0.15000000000000002
1577332553.93	300	7.533549	0.0	139857	1793	505.036905058	0.3
1577332555.55	300	9.910283	0.0	155432	1424	542.716204674	0.3
1577332557.03	300	12.425364	0.0	163442	1375	576.677172493	0.3
1577332558.21	300	15.250602	0.0	126289	1062	754.739886315	0.3
1577332561.36	750	16.096231	0.0	352642	2923	849.635828879	0.3
1577332565.67	750	15.782658	0.0	437162	4204	895.146460967	0.75
1577332569.41	750	16.045342	0.0	374758	3616	878.337119617	0.75
1577332572.66	750	16.794835	0.0	362795	3136	881.572130955	0.75
1577332576.51	750	16.945439	0.0	353220	3736	848.047296318	0.75
1577332580.77	750	16.687067	0.0	405134	4133	818.012791281	0.75
1577332584.47	750	16.986959	0.0	386351	3585	823.13838677	0.75
1577332588.28	750	17.181787	0.0	434409	3682	843.679509293	0.75
1577332591.41	750	18.04738	0.0	337059	3020	838.559683612	0.75
1577332595.08	750	18.374707	0.0	366214	3544	855.467228743	0.75
1577332599.0	750	18.460953	0.0	360831	3799	850.524824102	0.75
1577332602.89	750	18.562732	0.0	372963	3621	842.659114553	0.75
1577332608.45	750	17.008968	0.0	405596	5432	742.282366548	0.75
1577332611.63	750	17.829116	0.0	350713	3055	745.212978045	0.75
1577332615.62	750	17.835457	0.0	386472	3877	741.645349667	0.75
1577332619.7	750	17.756235	0.0	399894	3970	750.111821142	0.75
1577332623.41	750	18.048441	0.0	401853	3589	759.984465674	0.75
1577332626.36	750	19.100186	0.0	343800	2828	864.68762523	0.75
1577332629.58	750	19.873815	0.0	359903	3106	866.18774792	0.75
1577332633.17	750	20.290135	0.0	379700	3464	885.853289631	0.75
1577332638.16	750	19.298202	0.0	425781	4875	842.846245919	0.75
1577332640.82	750	20.636726	0.0	277716	2542	836.808990979	0.75
1577332645.19	750	20.271024	0.0	400396	4256	798.685411222	0.75
1577332649.51	750	19.945334	0.0	400508	4202	773.516723899	0.75
1577332652.62	750	20.831604	0.0	358218	3003	780.147985293	0.75
1577332656.93	750	20.52482	0.0	400322	4196	801.065765457	0.75
1577332660.56	750	20.894503	0.0	369834	3522	799.037482266	0.75
1577332664.71	750	20.750803	0.0	412837	4023	814.946696142	0.75
1577332669.03	750	20.42231	0.0	401088	4206	815.03066734	0.75
1577332672.86	750	20.59659	0.0	365161	3708	792.207949116	0.75
1577332675.67	750	21.790624	0.0	321064	2685	820.268128313	0.75
1577332678.78	750	22.681008	0.0	361565	2999	837.642877591	0.75
1577332681.95	750	23.503569	0.0	378327	3060	866.261273705	0.75
1577332686.49	750	22.964372	0.0	390680	4421	844.913330826	0.75
1577332690.25	750	23.204889	0.0	345516	3649	837.322949882	0.75
1577332694.09	750	23.367677	0.0	384505	3726	819.518369583	0.75
1577332697.79	750	23.667333	0.0	372093	3587	801.86431578	0.75
1577332701.95	750	23.506428	0.0	438281	4047	790.558929407	0.75
1577332706.36	750	23.100602	0.0	398987	4233	803.838865555	0.75
1577332711.75	750	21.712033	0.0	393804	5275	746.543898204	0.75
1577332723.25	1850	14.20809	0.0	830730	11264	667.892273271	0.75
1577332726.73	750	14.723427	0.0	314107	3366	659.803801828	-0.3500000000000001
1577332730.04	750	13.103364	0.0	255954	3189	635.324415454	0.75

