1577334353.7	750	4	4.83	181801	3599	404.114476243	-20.769
1577334355.6	300	6.107991	0.0	155580	1728	471.208817271	-0.15000000000000002
1577334357.97	300	7.7305	0.0	139857	1887	497.947348843	0.3
1577334360.02	300	9.680128	0.0	155432	1498	534.736829281	0.3
1577334361.51	300	12.194602	0.0	163442	1388	568.516287773	0.3
1577334362.67	300	15.033704	0.0	126289	1064	758.0015474	0.3
1577334365.82	750	15.888593	0.0	352642	2924	825.595756914	0.3
1577334370.16	750	15.547188	0.0	437162	4221	885.921427727	0.75
1577334373.88	750	15.823862	0.0	374758	3600	877.35377852	0.75
1577334377.13	750	16.574258	0.0	362795	3136	881.354467847	0.75
1577334381.0	750	16.707234	0.0	353220	3752	847.000842009	0.75
1577334385.25	750	16.456571	0.0	405134	4126	817.488078514	0.75
1577334388.93	750	16.774002	0.0	386351	3568	824.038781688	0.75
1577334392.82	750	16.88358	0.0	434409	3788	839.941328684	0.75
1577334395.89	750	17.812018	0.0	337059	2958	837.298422388	0.75
1577334399.45	750	18.247858	0.0	366214	3453	859.623433498	0.75
1577334403.08	750	18.624008	0.0	360831	3525	870.392454245	0.75
1577334406.86	750	18.844775	0.0	372963	3623	861.008356893	0.75
1577334412.47	750	17.231351	0.0	405596	5505	751.79144442	0.75
1577334415.64	750	18.063585	0.0	350713	3067	752.891116363	0.75
1577334419.53	750	18.172392	0.0	386472	3787	749.271178245	0.75
1577334423.69	750	18.017353	0.0	399894	4045	746.034470415	0.75
1577334427.43	750	18.270654	0.0	401853	3627	754.822850186	0.75
1577334430.38	750	19.324763	0.0	343800	2828	863.147614669	0.75
1577334433.56	750	20.144627	0.0	359903	3072	866.62683678	0.75
1577334437.09	750	20.618845	0.0	379700	3407	883.710548235	0.75
1577334442.1	750	19.608592	0.0	425781	4890	843.983883268	0.75
1577334444.79	750	20.916518	0.0	277716	2576	838.078906856	0.75
1577334449.02	750	20.681389	0.0	400396	4114	806.577337998	0.75
1577334453.53	750	20.176336	0.0	400508	4379	771.652979172	0.75
1577334456.64	750	21.062953	0.0	358218	3002	776.447827889	0.75
1577334460.85	750	20.855067	0.0	400322	4097	802.426130003	0.75
1577334464.56	750	21.147092	0.0	369834	3585	799.091949212	0.75
1577334468.64	750	21.064762	0.0	412837	3962	810.692956202	0.75
1577334472.99	750	20.716529	0.0	401088	4224	818.891495063	0.75
1577334476.81	750	20.89132	0.0	365161	3707	795.646024055	0.75
1577334479.69	750	22.010181	0.0	321064	2762	816.783772707	0.75
1577334482.82	750	22.887522	0.0	361565	3012	836.347672387	0.75
1577334485.98	750	23.722467	0.0	378327	3059	861.33536293	0.75
1577334490.32	750	23.379385	0.0	390680	4225	854.762168117	0.75
1577334494.21	750	23.497105	0.0	345516	3773	839.045330119	0.75
1577334498.05	750	23.654351	0.0	384505	3729	823.592373111	0.75
1577334501.75	750	23.955504	0.0	372093	3586	806.010656988	0.75
1577334505.92	750	23.778563	0.0	438281	4066	793.664252868	0.75
1577334510.15	750	23.554771	0.0	398987	4112	802.647475628	0.75
1577334515.33	750	22.372952	0.0	393804	5070	761.25046066	0.75
1577334527.08	1850	14.623508	0.0	830730	11530	667.463692888	0.75
1577334530.58	750	15.120909	0.0	314107	3353	659.589125608	-0.3500000000000001
1577334533.74	750	13.653083	0.0	255954	3038	638.59606583	0.75

