1577333451.74	750	4	5.073	181801	3574	406.941242306	-21.813899999999997
1577333453.76	300	5.974885	0.0	155580	1867	469.733862482	-0.15000000000000002
1577333456.15	300	7.595607	0.0	139857	1803	499.978242313	0.3
1577333457.74	300	9.99735	0.0	155432	1411	537.920122594	0.3
1577333459.23	300	12.512369	0.0	163442	1374	571.98776187	0.3
1577333460.4	300	15.339031	0.0	126289	1062	761.806923264	0.3
1577333463.55	750	16.195129	0.0	352642	2924	849.13080656	0.3
1577333467.87	750	15.867944	0.0	437162	4206	896.065054495	0.75
1577333471.61	750	16.131934	0.0	374758	3613	878.414138265	0.75
1577333474.86	750	16.881896	0.0	362795	3137	881.537006368	0.75
1577333478.71	750	17.029432	0.0	353220	3739	847.842073952	0.75
1577333482.96	750	16.773338	0.0	405134	4133	817.870457488	0.75
1577333486.66	750	17.076803	0.0	386351	3581	823.241347789	0.75
1577333490.53	750	17.206587	0.0	434409	3757	840.877344392	0.75
1577333493.65	750	18.084562	0.0	337059	3009	836.270262645	0.75
1577333497.22	750	18.5183	0.0	366214	3450	857.840524334	0.75
1577333500.86	750	18.878873	0.0	360831	3525	868.904161479	0.75
1577333504.63	750	19.104398	0.0	372963	3621	860.316806243	0.75
1577333510.26	750	17.473809	0.0	405596	5505	750.617767535	0.75
1577333513.42	750	18.31829	0.0	350713	3041	753.70193997	0.75
1577333517.43	750	18.309755	0.0	386472	3882	746.847869815	0.75
1577333521.57	750	18.167552	0.0	399894	4029	744.224768864	0.75
1577333525.31	750	18.431458	0.0	401853	3618	753.121369049	0.75
1577333528.25	750	19.485452	0.0	343800	2827	860.308957318	0.75
1577333531.45	750	20.285412	0.0	359903	3080	862.290959483	0.75
1577333534.98	750	20.760957	0.0	379700	3407	884.875011941	0.75
1577333540.02	750	19.721631	0.0	425781	4921	842.006243228	0.75
1577333542.67	750	21.067964	0.0	277716	2542	837.191006015	0.75
1577333546.94	750	20.801912	0.0	400396	4144	804.353967743	0.75
1577333551.4	750	20.335949	0.0	400508	4339	771.766261455	0.75
1577333554.51	750	21.223024	0.0	358218	3003	776.542580219	0.75
1577333558.75	750	20.993801	0.0	400322	4119	803.318130675	0.75
1577333562.44	750	21.297628	0.0	369834	3571	799.277446394	0.75
1577333566.53	750	21.203345	0.0	412837	3976	811.715773211	0.75
1577333570.87	750	20.872343	0.0	401088	4220	818.019297179	0.75
1577333574.69	750	21.049309	0.0	365161	3707	794.901074956	0.75
1577333577.56	750	22.182897	0.0	321064	2746	817.537403109	0.75
1577333580.67	750	23.063762	0.0	361565	3009	836.612053024	0.75
1577333583.85	750	23.884664	0.0	378327	3060	862.378817405	0.75
1577333588.24	750	23.497091	0.0	390680	4269	852.564925734	0.75
1577333592.09	750	23.644619	0.0	345516	3743	838.868042256	0.75
1577333595.94	750	23.801515	0.0	384505	3728	822.907299666	0.75
1577333599.64	750	24.102615	0.0	372093	3587	805.255184219	0.75
1577333603.81	750	23.928409	0.0	438281	4062	793.140958374	0.75
1577333608.06	750	23.674391	0.0	398987	4133	803.331323671	0.75
1577333613.29	750	22.446583	0.0	393804	5116	758.146593581	0.75
1577333624.98	1850	14.753732	0.0	830730	11455	668.199890769	0.75
1577333628.46	750	15.273088	0.0	314107	3369	660.037169431	-0.3500000000000001
1577333631.64	750	13.779195	0.0	255954	3063	638.457919578	0.75

