1577332326.92	750	4	7.785	450283	6498	554.365035396	-33.4755
1577332329.01	300	5.908634	0.0	155580	1772	580.582154434	-0.15000000000000002
1577332331.1	300	7.818471	0.0	139857	1560	598.68196351	0.3
1577332332.6	300	10.313515	0.0	155432	1370	624.692380406	0.3
1577332334.06	300	12.858709	0.0	163442	1346	649.56649259	0.3
1577332335.22	300	15.701551	0.0	126289	1047	817.592072245	0.3
1577332338.52	750	16.400372	0.0	352642	3178	873.229868385	0.3
1577332343.07	750	15.850021	0.0	437162	4429	863.393894065	0.75
1577332346.43	750	16.487327	0.0	374758	3251	872.648184122	0.75
1577332350.22	750	16.697853	0.0	362795	3676	844.266365422	0.75
1577332354.0	750	16.91641	0.0	353220	3658	822.966099767	0.75
1577332358.05	750	16.8689	0.0	405134	3931	813.327724802	0.75
1577332361.41	750	17.502292	0.0	386351	3257	841.667884768	0.75
1577332365.31	750	17.60716	0.0	434409	3785	843.117517884	0.75
1577332368.52	750	18.399849	0.0	337059	3093	860.161076404	0.75
1577332372.23	750	18.681574	0.0	366214	3605	870.234030799	0.75
1577332375.97	750	18.944468	0.0	360831	3622	864.515883572	0.75
1577332380.75	750	18.1696	0.0	372963	4664	783.957274656	0.75
1577332384.98	750	17.935902	0.0	405596	4109	763.035076996	0.75
1577332388.38	750	18.541568	0.0	350713	3279	761.812915938	0.75
1577332392.61	750	18.304249	0.0	386472	4111	751.22404144	0.75
1577332396.35	750	18.570141	0.0	399894	3616	764.272814906	0.75
1577332399.86	750	19.05888	0.0	401853	3393	834.822373426	0.75
1577332402.85	750	20.071439	0.0	343800	2879	864.75690822	0.75
1577332406.19	750	20.728432	0.0	359903	3225	871.644640608	0.75
1577332410.39	750	20.523633	0.0	379700	4087	868.991239828	0.75
1577332414.82	750	20.101175	0.0	425781	4303	846.051507518	0.75
1577332417.52	750	21.392913	0.0	277716	2589	830.171607458	0.75
1577332422.51	750	20.407757	0.0	400396	4876	763.611831354	0.75
1577332425.98	750	20.939095	0.0	400508	3355	771.880818256	0.75
1577332429.55	750	21.367606	0.0	358218	3463	788.442503605	0.75
1577332433.71	750	21.211097	0.0	400322	4049	788.257854826	0.75
1577332437.21	750	21.702505	0.0	369834	3388	793.192387331	0.75
1577332441.69	750	21.224645	0.0	412837	4357	829.249217098	0.75
1577332445.93	750	20.991588	0.0	401088	4109	800.47111188	0.75
1577332449.34	750	21.573622	0.0	365161	3300	809.013048642	0.75
1577332452.14	750	22.779082	0.0	321064	2684	832.700008446	0.75
1577332455.18	750	23.737753	0.0	361565	2928	847.452315032	0.75
1577332461.9	1200	21.013299	0.0	605884	6500	831.568804335	0.75
1577332465.91	750	21.011139	0.0	390680	3877	837.840187522	0.3
1577332469.36	750	21.557149	0.0	345516	3341	828.449374622	0.75
1577332473.14	750	21.779158	0.0	384505	3666	815.835487051	0.75
1577332476.68	750	22.239968	0.0	372093	3431	804.045533331	0.75
1577332481.47	750	21.449477	0.0	438281	4671	811.578752936	0.75
1577332487.15	750	19.766792	0.0	398987	5572	730.480448423	0.75
1577332494.25	750	16.667765	0.0	393804	6970	612.440805375	0.75
1577332497.31	750	17.609011	0.0	331053	2943	611.143505388	0.75
1577332500.79	750	18.123717	0.0	314107	3366	600.831436371	0.75
1577332503.99	750	16.608154	0.0	255954	3085	583.802882555	0.75

