1577333677.04	750	4	4.801	181801	3583	405.919062238	-20.644299999999998
1577333678.85	300	6.184662	0.0	155580	1614	475.922101357	-0.15000000000000002
1577333681.21	300	7.818247	0.0	139857	1972	498.00170586	0.3
1577333683.18	300	9.852187	0.0	155432	1400	536.508598947	0.3
1577333684.68	300	12.354159	0.0	163442	1386	570.782880685	0.3
1577333685.85	300	15.177934	0.0	126289	1065	763.809344282	0.3
1577333689.01	750	16.022481	0.0	352642	2924	819.439757168	0.3
1577333693.31	750	15.719101	0.0	437162	4181	898.249828305	0.75
1577333697.07	750	15.964165	0.0	374758	3635	877.758437453	0.75
1577333700.32	750	16.713408	0.0	362795	3136	881.613898386	0.75
1577333704.15	750	16.885559	0.0	353220	3715	849.447480209	0.75
1577333708.39	750	16.635763	0.0	405134	4141	818.844713233	0.75
1577333712.12	750	16.916434	0.0	386351	3602	822.299575495	0.75
1577333715.92	750	17.114167	0.0	434409	3678	843.831138999	0.75
1577333718.99	750	18.044561	0.0	337059	2951	841.462186623	0.75
1577333722.52	750	18.505907	0.0	366214	3423	863.415961119	0.75
1577333726.17	750	18.859307	0.0	360831	3532	875.01433695	0.75
1577333729.89	750	19.140937	0.0	372963	3592	868.905657521	0.75
1577333735.43	750	17.598792	0.0	405596	5429	758.341934085	0.75
1577333738.69	750	18.33924	0.0	350713	3137	757.362624895	0.75
1577333742.52	750	18.506424	0.0	386472	3718	754.940758773	0.75
1577333746.74	750	18.295297	0.0	399894	4101	749.790888624	0.75
1577333750.48	750	18.548445	0.0	401853	3629	757.656827142	0.75
1577333753.45	750	19.587044	0.0	343800	2844	859.719992101	0.75
1577333756.61	750	20.420689	0.0	359903	3047	867.382954395	0.75
1577333760.14	750	20.895372	0.0	379700	3406	880.492817839	0.75
1577333765.06	750	19.97045	0.0	425781	4805	850.036969435	0.75
1577333767.83	750	21.199862	0.0	277716	2655	840.568228356	0.75
1577333771.96	750	21.069017	0.0	400396	4007	814.282975132	0.75
1577333776.68	750	20.347201	0.0	400508	4614	766.392711688	0.75
1577333779.8	750	21.235364	0.0	358218	3003	770.925481912	0.75
1577333783.95	750	21.079127	0.0	400322	4045	793.743525382	0.75
1577333787.68	750	21.350243	0.0	369834	3620	792.418839199	0.75
1577333791.78	750	21.256112	0.0	412837	3961	799.13150945	0.75
1577333796.26	750	20.76821	0.0	401088	4350	813.405725005	0.75
1577333800.09	750	20.941806	0.0	365161	3709	790.719620451	0.75
1577333802.98	750	22.048286	0.0	321064	2775	808.238643674	0.75
1577333806.11	750	22.924155	0.0	361565	3014	828.49725787	0.75
1577333809.28	750	23.745568	0.0	378327	3059	852.30669256	0.75
1577333813.6	750	23.426379	0.0	390680	4199	855.734772282	0.75
1577333817.52	750	23.514715	0.0	345516	3785	839.307522245	0.75
1577333821.36	750	23.674197	0.0	384505	3728	824.345894827	0.75
1577333825.06	750	23.972315	0.0	372093	3587	806.71588646	0.75
1577333829.24	750	23.793825	0.0	438281	4068	794.234528165	0.75
1577333833.45	750	23.579839	0.0	398987	4106	802.245832627	0.75
1577333838.62	750	22.411458	0.0	393804	5056	762.159106337	0.75
1577333850.4	1850	14.626252	0.0	830730	11545	667.437287011	0.75
1577333853.86	750	15.175569	0.0	314107	3341	659.789576136	-0.3500000000000001
1577333856.99	750	13.727358	0.0	255954	3016	639.264358627	0.75

