1575624762.61	750	4	2.393	2354772	2290	8226.27772926	-10.2899
1575624764.13	1850	8	0.0	957685	1303	7186.29499416	0.75
1575624765.6	1850	12	0.0	877771	1376	6456.5346699	1.85
1575624767.65	1850	16.0	0.0	933276	1947	5414.39070045	1.85
1575624771.13	1850	20	0.0	996749	3373	3804.93990594	1.85
1575624775.76	1850	24	0.0	801058	4480	2245.3944206	1.85
1575624777.23	1850	28	0.0	905515	1359	2242.0185549	1.85
1575624778.62	1850	32	0.0	1060487	1290	2256.29037397	1.85
1575624781.58	4300	36	0.0	2055469	2855	2426.15190807	1.8499999999999996
1575624784.58	4300	40	0.0	2169201	2902	2823.43725798	4.3
1575624787.23	4300	44	0.0	2173522	2556	6063.70571361	4.3
1575624789.93	4300	48	0.0	2102452	2596	6244.5854355	4.3
1575624793.32	4300	52	0.0	2209463	3277	5998.49607347	4.3
1575624798.09	4300	56	0.0	2275376	4674	5214.4059436	4.3
