1575624452.67	750	4	2.388	2354772	2287	8237.06864889	-10.2684
1575624454.18	1850	8	0.0	957685	1303	7190.77778219	0.75
1575624455.65	1850	12	0.0	877771	1372	6466.71657629	1.85
1575624457.7	1850	16.0	0.0	933276	1947	5418.64295686	1.85
1575624461.18	1850	20	0.0	996749	3374	3804.75857199	1.85
1575624465.87	1850	24	0.0	801058	4537	2223.31396495	1.85
1575624467.23	1850	28	0.0	905515	1252	2216.31919292	1.85
1575624470.49	4300	32	0.0	2290172	3148	2414.69062052	1.8499999999999996
1575624473.12	4300	36	0.0	2055469	2514	2564.29603144	4.3
1575624476.03	4300	40	0.0	2169201	2808	2965.64974633	4.3
1575624478.78	4300	44	0.0	2173522	2655	6184.21816788	4.3
1575624481.74	4300	48	0.0	2102452	2852	6161.0736201	4.3
1575624485.42	4300	52	0.0	2209463	3572	5879.02984134	4.3
1575624492.05	4300	56	0.0	2275376	6451	4214.29132456	4.3
