1575624967.43	750	4	0.525	450283	430	8377.35813953	-2.2575
1575624968.48	1850	8	0.0	957685	827	8940.42432958	0.75
1575624969.59	1850	12	0.0	877771	984	8047.17056301	1.85
1575624971.0	1850	16.0	0.0	933276	1307	6994.15974553	1.85
1575624972.96	1850	20	0.0	996749	1865	5737.29134613	1.85
1575624974.92	1850	24	0.0	801058	1857	4782.35979209	1.85
1575624978.43	1850	28	0.0	905515	3406	3201.12632495	1.85
1575624983.13	1850	32	0.0	1060487	4591	2462.89248142	1.85
1575624984.4	1850	36	0.0	852833	1166	2449.91023252	1.85
1575624987.54	4300	40	0.0	2169201	2953	2623.70183027	1.8499999999999996
1575624990.57	4300	44	0.0	2173522	2927	2848.90037431	4.3
1575624993.16	4300	48	0.0	2102452	2479	3490.39427199	4.3
1575624996.05	4300	52	0.0	2209463	2784	6159.58993238	4.3
1575624999.23	4300	56	0.0	2275376	3077	6131.40696765	4.3
