1575624555.93	750	4	2.395	2354772	2295	8208.35555556	-10.2985
1575624557.45	1850	8	0.0	957685	1304	7175.94555473	0.75
1575624558.91	1850	12	0.0	877771	1372	6459.20147143	1.85
1575624560.97	1850	16.0	0.0	933276	1947	5415.99085009	1.85
1575624564.44	1850	20	0.0	996749	3374	3804.87018378	1.85
1575624569.14	1850	24	0.0	801058	4546	2219.93046953	1.85
1575624570.52	1850	28	0.0	905515	1273	2213.7546834	1.85
1575624573.77	4300	32	0.0	2290172	3143	2411.42688595	1.8499999999999996
1575624576.39	4300	36	0.0	2055469	2514	2560.48928852	4.3
1575624579.3	4300	40	0.0	2169201	2810	2959.56602379	4.3
1575624582.06	4300	44	0.0	2173522	2656	6173.48953492	4.3
1575624585.01	4300	48	0.0	2102452	2852	6162.26712312	4.3
1575624588.69	4300	52	0.0	2209463	3576	5875.7216741	4.3
1575624595.31	4300	56	0.0	2275376	6450	4213.86726421	4.3
