1575624246.2	750	4	2.468	2354772	2363	7972.14388489	-10.6124
1575624247.74	1850	8	0.0	957685	1315	7044.48074441	0.75
1575624249.41	1850	12	0.0	877771	1571	6008.64180137	1.85
1575624251.61	1850	16.0	0.0	933276	2100	5018.99827655	1.85
1575624255.23	1850	20	0.0	996749	3519	3602.00886604	1.85
1575624259.64	1850	24	0.0	801058	4306	2281.93202707	1.85
1575624260.96	1850	28	0.0	905515	1224	2273.37259457	1.85
1575624264.21	4300	32	0.0	2290172	3104	2470.3510027	1.8499999999999996
1575624267.06	4300	36	0.0	2055469	2746	2642.82484184	4.3
1575624269.73	4300	40	0.0	2169201	2568	3124.15017685	4.3
1575624272.55	4300	44	0.0	2173522	2718	6191.98478782	4.3
1575624275.5	4300	48	0.0	2102452	2847	6156.607449	4.3
1575624279.64	4300	52	0.0	2209463	4022	5600.78090616	4.3
1575624285.92	4300	56	0.0	2275376	6176	4265.62305918	4.3
