1575624142.88	750	4	2.484	2354772	2371	7945.24504429	-10.681199999999999
1575624144.43	1850	8	0.0	957685	1331	6989.5598467	0.75
1575624146.16	1850	12	0.0	877771	1614	5902.63601928	1.85
1575624148.33	1850	16.0	0.0	933276	2073	5005.46997698	1.85
1575624152.12	1850	20	0.0	996749	3683	3484.74557757	1.85
1575624156.34	1850	24	0.0	801058	4130	2315.86450265	1.85
1575624157.69	1850	28	0.0	905515	1236	2307.18881967	1.85
1575624160.91	4300	32	0.0	2290172	3105	2506.78917453	1.8499999999999996
1575624163.77	4300	36	0.0	2055469	2756	2680.82189345	4.3
1575624166.42	4300	40	0.0	2169201	2550	3252.86619359	4.3
1575624169.25	4300	44	0.0	2173522	2723	6184.55241827	4.3
1575624172.19	4300	48	0.0	2102452	2846	6156.36456717	4.3
1575624176.37	4300	52	0.0	2209463	4056	5581.00698273	4.3
1575624182.64	4300	56	0.0	2275376	6172	4260.67846979	4.3
