1575624659.25	750	4	2.398	2354772	2295	8208.35555556	-10.311399999999999
1575624660.77	1850	8	0.0	957685	1304	7175.94555473	0.75
1575624662.25	1850	12	0.0	877771	1379	6445.33045714	1.85
1575624664.29	1850	16.0	0.0	933276	1944	5414.12558467	1.85
1575624667.77	1850	20	0.0	996749	3374	3804.69079425	1.85
1575624672.41	1850	24	0.0	801058	4483	2244.27667949	1.85
1575624673.87	1850	28	0.0	905515	1352	2240.66605774	1.85
1575624675.26	1850	32	0.0	1060487	1294	2255.07890041	1.85
1575624678.22	4300	36	0.0	2055469	2853	2424.67262841	1.8499999999999996
1575624681.22	4300	40	0.0	2169201	2904	2821.72502329	4.3
1575624683.91	4300	44	0.0	2173522	2588	6052.82728174	4.3
1575624686.6	4300	48	0.0	2102452	2583	6235.11181908	4.3
1575624690.05	4300	52	0.0	2209463	3310	5975.66794477	4.3
1575624694.91	4300	56	0.0	2275376	4745	5162.34287156	4.3
