1575624349.54	750	4	2.45	2354772	2347	8026.49169152	-10.535
1575624351.06	1850	8	0.0	957685	1308	7087.26219578	0.75
1575624352.72	1850	12	0.0	877771	1559	6049.92106811	1.85
1575624354.93	1850	16.0	0.0	933276	2116	5015.30746436	1.85
1575624358.48	1850	20	0.0	996749	3431	3662.95126142	1.85
1575624362.96	1850	24	0.0	801058	4379	2269.21797992	1.85
1575624364.32	1850	28	0.0	905515	1248	2261.90719514	1.85
1575624367.53	4300	32	0.0	2290172	3110	2458.04671782	1.8499999999999996
1575624370.32	4300	36	0.0	2055469	2692	2629.09813929	4.3
1575624373.0	4300	40	0.0	2169201	2585	3072.62475498	4.3
1575624375.82	4300	44	0.0	2173522	2714	6198.38175778	4.3
1575624378.78	4300	48	0.0	2102452	2845	6174.8483682	4.3
1575624382.81	4300	52	0.0	2209463	3924	5673.1478229	4.3
1575624389.16	4300	56	0.0	2275376	6241	4257.13014374	4.3
