1575624865.85	750	4	2.391	2354772	2286	8240.67191601	-10.2813
1575624867.38	1850	8	0.0	957685	1313	7163.29647687	0.75
1575624868.85	1850	12	0.0	877771	1371	6453.75107694	1.85
1575624870.91	1850	16.0	0.0	933276	1947	5413.1102267	1.85
1575624874.38	1850	20	0.0	996749	3373	3804.62466855	1.85
1575624879.06	1850	24	0.0	801058	4534	2225.01747851	1.85
1575624880.41	1850	28	0.0	905515	1246	2217.33940269	1.85
1575624883.66	4300	32	0.0	2290172	3148	2415.92721952	1.8499999999999996
1575624886.28	4300	36	0.0	2055469	2492	2564.90958628	4.3
1575624889.17	4300	40	0.0	2169201	2783	2967.00312373	4.3
1575624891.91	4300	44	0.0	2173522	2642	6215.7821045	4.3
1575624894.87	4300	48	0.0	2102452	2852	6185.64708103	4.3
1575624898.5	4300	52	0.0	2209463	3520	5929.10053837	4.3
1575624905.09	4300	56	0.0	2275376	6492	4206.63273174	4.3
