1575624037.28	750	4	0.292	181801	200	7272.04	-1.2555999999999998
1575624037.86	750	8	0.0	398865	374	8046.17634937	0.75
1575624038.84	1850	12	0.0	877771	787	8530.76553781	0.75
1575624040.16	1850	16.0	0.0	933276	1222	7184.06241086	1.85
1575624041.77	1850	20	0.0	996749	1514	6332.25494529	1.85
1575624043.35	1850	24	0.0	801058	1488	5580.27978901	1.85
1575624045.42	1850	28	0.0	905515	1934	4831.30543372	1.85
1575624050.73	1850	32	0.0	1060487	5196	2505.51066535	1.85
1575624053.45	1850	36	0.0	852833	2585	2394.45473615	1.85
1575624056.77	4300	40	0.0	2169201	3047	2563.61180758	1.8499999999999996
1575624059.61	4300	44	0.0	2173522	2744	2746.32678157	4.3
1575624062.46	4300	48	0.0	2102452	2744	2925.36637308	4.3
1575624065.27	4300	52	0.0	2209463	2717	4919.38827226	4.3
1575624068.48	4300	56	0.0	2275376	3102	6077.18601721	4.3
