1577342939.11	750	4	4.874	181801	3620	125.427382851	-20.9582
1577342941.12	300	5.991979	0.0	155580	1852	441.437533569	-0.15000000000000002
1577342943.55	300	7.570612	0.0	139857	1843	649.520482926	0.3
1577342945.12	300	9.989343	0.0	155432	1411	642.81496699	0.3
1577342946.61	300	12.50156	0.0	163442	1375	855.259493651	0.3
1577342947.78	300	15.32992	0.0	126289	1063	930.001710351	0.3
1577342950.93	750	16.185946	0.0	352642	2922	743.919156389	0.3
1577342955.26	750	15.855636	0.0	437162	4209	881.796394975	0.75
1577342958.99	750	16.123063	0.0	374758	3611	830.541017017	0.75
1577342962.24	750	16.871595	0.0	362795	3136	870.187115447	0.75
1577342966.09	750	17.017576	0.0	353220	3740	827.169849314	0.75
1577342970.34	750	16.776196	0.0	405134	4132	770.293162555	0.75
1577342974.03	750	17.078806	0.0	386351	3580	805.443860851	0.75
1577342977.83	750	17.284861	0.0	434409	3681	885.406631429	0.75
1577342980.9	750	18.213426	0.0	337059	2957	928.163497673	0.75
1577342984.45	750	18.662723	0.0	366214	3435	879.576778753	0.75
1577342988.09	750	19.019794	0.0	360831	3527	833.6963871	0.75
1577342991.87	750	19.245658	0.0	372963	3620	820.000435505	0.75
1577342997.6	750	17.514648	0.0	405596	5620	644.741180417	0.75
1577343000.79	750	18.320998	0.0	350713	3080	655.492784772	0.75
1577343004.69	750	18.417841	0.0	386472	3784	856.227236387	0.75
1577343008.86	750	18.252112	0.0	399894	4042	801.534047325	0.75
1577343012.6	750	18.508056	0.0	401853	3625	817.183790862	0.75
1577343015.55	750	19.563748	0.0	343800	2827	905.539215792	0.75
1577343018.72	750	20.392586	0.0	359903	3072	954.781636061	0.75
1577343022.25	750	20.865301	0.0	379700	3406	912.509670276	0.75
1577343027.25	750	19.858275	0.0	425781	4890	759.66163196	0.75
1577343029.95	750	21.164582	0.0	277716	2576	729.761511491	0.75
1577343034.18	750	20.928929	0.0	400396	4112	811.267754017	0.75
1577343038.7	750	20.410902	0.0	400508	4394	747.230528149	0.75
1577343041.81	750	21.298376	0.0	358218	3003	780.76087977	0.75
1577343046.02	750	21.089079	0.0	400322	4100	848.271982724	0.75
1577343049.72	750	21.395722	0.0	369834	3584	792.970141167	0.75
1577343053.8	750	21.312799	0.0	412837	3962	827.867318936	0.75
1577343058.15	750	20.965463	0.0	401088	4224	787.505769372	0.75
1577343061.97	750	21.139735	0.0	365161	3708	767.384376116	0.75
1577343064.85	750	22.260044	0.0	321064	2762	818.078016802	0.75
1577343067.98	750	23.136086	0.0	361565	3012	936.874157551	0.75
1577343071.15	750	23.958065	0.0	378327	3060	967.025333056	0.75
1577343075.5	750	23.608897	0.0	390680	4231	832.90303326	0.75
1577343079.38	750	23.731008	0.0	345516	3768	735.723568145	0.75
1577343083.22	750	23.888703	0.0	384505	3728	758.84705917	0.75
1577343086.92	750	24.190345	0.0	372093	3586	826.448643656	0.75
1577343091.19	750	23.922377	0.0	438281	4155	834.261757965	0.75
1577343095.42	750	23.692668	0.0	398987	4132	799.95846239	0.75
1577343100.64	750	22.470988	0.0	393804	5109	631.34523956	0.75
1577343112.34	1850	14.768324	0.0	830730	11464	534.595396245	0.75
1577343115.82	750	15.291933	0.0	314107	3366	621.915037005	-0.3500000000000001
1577343119.0	750	13.802598	0.0	255954	3057	707.677182168	0.75

