1577342713.59	750	4	5.041	181801	3459	125.559484215	-21.676299999999998
1577342715.66	300	5.915767	0.0	155580	1894	455.868240772	-0.15000000000000002
1577342718.0	300	7.584963	0.0	139857	1753	650.517781372	0.3
1577342719.54	300	10.037524	0.0	155432	1387	668.45288351	0.3
1577342721.03	300	12.551062	0.0	163442	1375	869.244519324	0.3
1577342722.2	300	15.376823	0.0	126289	1063	933.055151409	0.3
1577342725.36	750	16.221647	0.0	352642	2923	729.711392531	0.3
1577342729.69	750	15.889191	0.0	437162	4213	881.133740598	0.75
1577342733.42	750	16.158683	0.0	374758	3608	830.342698837	0.75
1577342736.67	750	16.909533	0.0	362795	3135	853.508641912	0.75
1577342740.53	750	17.051093	0.0	353220	3743	826.893999636	0.75
1577342744.78	750	16.796342	0.0	405134	4131	763.859620899	0.75
1577342748.48	750	17.103058	0.0	386351	3576	805.820374217	0.75
1577342752.27	750	17.3087	0.0	434409	3684	885.913611139	0.75
1577342755.34	750	18.235657	0.0	337059	2958	927.61894341	0.75
1577342758.9	750	18.683482	0.0	366214	3438	864.291111609	0.75
1577342762.54	750	19.040615	0.0	360831	3528	833.234165582	0.75
1577342766.26	750	19.32276	0.0	372963	3593	821.477574033	0.75
1577342771.87	750	17.712959	0.0	405596	5497	657.713968696	0.75
1577342775.06	750	18.520727	0.0	350713	3081	665.33784587	0.75
1577342778.93	750	18.655007	0.0	386472	3750	860.705132499	0.75
1577342783.11	750	18.471064	0.0	399894	4074	800.558530252	0.75
1577342786.86	750	18.725744	0.0	401853	3626	812.583168456	0.75
1577342789.88	750	19.705218	0.0	343800	2899	900.400578019	0.75
1577342793.19	750	20.389187	0.0	359903	3210	921.621376687	0.75
1577342796.81	750	20.77352	0.0	379700	3486	882.804194121	0.75
1577342801.84	750	19.736202	0.0	425781	4921	749.665544922	0.75
1577342804.5	750	21.081445	0.0	277716	2542	756.967162036	0.75
1577342808.78	750	20.799095	0.0	400396	4159	809.896299547	0.75
1577342813.23	750	20.351297	0.0	400508	4324	751.740996555	0.75
1577342816.34	750	21.238071	0.0	358218	3001	789.978213907	0.75
1577342820.58	750	21.000324	0.0	400322	4128	844.827041946	0.75
1577342824.27	750	21.312068	0.0	369834	3564	790.253731163	0.75
1577342828.45	750	21.133246	0.0	412837	4059	820.12487439	0.75
1577342832.79	750	20.793857	0.0	401088	4214	781.167820191	0.75
1577342836.61	750	20.965833	0.0	365161	3710	768.578249221	0.75
1577342839.45	750	22.126212	0.0	321064	2724	820.100593159	0.75
1577342842.57	750	23.010377	0.0	361565	3006	947.288526614	0.75
1577342845.74	750	23.842623	0.0	378327	3061	968.423750045	0.75
1577342850.18	750	23.403695	0.0	390680	4320	821.257075565	0.75
1577342854.01	750	23.568423	0.0	345516	3709	729.464045706	0.75
1577342857.85	750	23.728407	0.0	384505	3728	767.295157746	0.75
1577342861.55	750	24.029473	0.0	372093	3587	826.387180511	0.75
1577342865.72	750	23.859964	0.0	438281	4057	840.058448221	0.75
1577342870.0	750	23.583894	0.0	398987	4155	804.978904585	0.75
1577342875.27	750	22.310359	0.0	393804	5163	658.125161806	0.75
1577342886.89	1850	14.691534	0.0	830730	11380	460.885683564	0.75
1577342890.38	750	15.200668	0.0	314107	3368	625.02050735	-0.3500000000000001
1577342893.59	750	13.673112	0.0	255954	3099	702.453339751	0.75

