1577343390.41	750	4	5.065	181801	3772	123.202524227	-21.7795
1577343392.41	300	6.000675	0.0	155580	1841	428.112396242	-0.15000000000000002
1577343394.76	300	7.645032	0.0	139857	1764	662.07234911	0.3
1577343396.27	300	10.135925	0.0	155432	1387	666.764575471	0.3
1577343397.75	300	12.659423	0.0	163442	1378	868.785737718	0.3
1577343398.92	300	15.487886	0.0	126289	1060	931.804489187	0.3
1577343402.07	750	16.333134	0.0	352642	2924	727.839832998	0.3
1577343406.41	750	15.998313	0.0	437162	4226	847.03910104	0.75
1577343410.13	750	16.278439	0.0	374758	3598	829.091041946	0.75
1577343413.38	750	17.029101	0.0	362795	3136	855.204525058	0.75
1577343417.25	750	17.159392	0.0	353220	3756	825.03839619	0.75
1577343421.48	750	16.922571	0.0	405134	4127	762.253622071	0.75
1577343425.17	750	17.236963	0.0	386351	3570	806.734544322	0.75
1577343428.96	750	17.440996	0.0	434409	3685	886.904197148	0.75
1577343432.04	750	18.370173	0.0	337059	2957	927.645973964	0.75
1577343435.59	750	18.814648	0.0	366214	3442	878.582199641	0.75
1577343439.22	750	19.184097	0.0	360831	3526	833.061227484	0.75
1577343443.05	750	19.354974	0.0	372963	3677	814.539768852	0.75
1577343448.77	750	17.63416	0.0	405596	5609	642.238844786	0.75
1577343451.93	750	18.476516	0.0	350713	3042	658.15681215	0.75
1577343455.84	750	18.560977	0.0	386472	3800	858.801751617	0.75
1577343459.99	750	18.419657	0.0	399894	4032	801.391807616	0.75
1577343463.73	750	18.675167	0.0	401853	3622	818.797775817	0.75
1577343466.67	750	19.732562	0.0	343800	2828	906.043614003	0.75
1577343469.86	750	20.546888	0.0	359903	3077	953.8174896	0.75
1577343473.38	750	21.022124	0.0	379700	3407	911.669114923	0.75
1577343478.41	750	19.990954	0.0	425781	4910	714.198532523	0.75
1577343481.09	750	21.318604	0.0	277716	2557	728.542842566	0.75
1577343485.33	750	21.076288	0.0	400396	4132	811.266677977	0.75
1577343489.82	750	20.583462	0.0	400508	4368	748.723204055	0.75
1577343492.94	750	21.471019	0.0	358218	3002	784.164970925	0.75
1577343497.16	750	21.247528	0.0	400322	4111	846.942852063	0.75
1577343500.84	750	21.561933	0.0	369834	3575	791.964984877	0.75
1577343504.92	750	21.486394	0.0	412837	3968	828.977192632	0.75
1577343509.26	750	21.141339	0.0	401088	4222	787.267623927	0.75
1577343513.09	750	21.31485	0.0	365161	3708	767.645345312	0.75
1577343515.96	750	22.44177	0.0	321064	2755	818.511917287	0.75
1577343519.1	750	23.308497	0.0	361565	3023	937.907767987	0.75
1577343522.27	750	24.132381	0.0	378327	3059	964.418794132	0.75
1577343526.63	750	23.773868	0.0	390680	4251	830.415906378	0.75
1577343530.5	750	23.908662	0.0	345516	3757	735.364457834	0.75
1577343534.34	750	24.066333	0.0	384505	3727	760.457494744	0.75
1577343538.04	750	24.367733	0.0	372093	3586	826.61091242	0.75
1577343542.22	750	24.189538	0.0	438281	4064	839.794021679	0.75
1577343546.46	750	23.944517	0.0	398987	4124	808.216828428	0.75
1577343551.67	750	22.734164	0.0	393804	5097	666.10793248	0.75
1577343563.39	1850	15.015601	0.0	830730	11481	459.797819322	0.75
1577343566.86	750	15.542265	0.0	314107	3361	621.500092084	-0.3500000000000001
1577343570.03	750	14.062063	0.0	255954	3050	709.064853924	0.75

