1577342036.75	750	4	4.949	181801	3707	125.484665301	-21.2807
1577342038.77	300	5.976201	0.0	155580	1825	434.371149548	-0.15000000000000002
1577342041.16	300	7.58892	0.0	139857	1796	661.94297039	0.3
1577342042.68	300	10.063162	0.0	155432	1387	657.875814433	0.3
1577342044.16	300	12.579485	0.0	163442	1374	867.767024507	0.3
1577342045.34	300	15.401743	0.0	126289	1065	933.039261284	0.3
1577342048.5	750	16.247765	0.0	352642	2923	731.364637887	0.3
1577342052.79	750	15.949081	0.0	437162	4178	885.853502369	0.75
1577342056.55	750	16.1899	0.0	374758	3637	829.826230494	0.75
1577342059.8	750	16.939799	0.0	362795	3136	848.395750004	0.75
1577342063.63	750	17.111237	0.0	353220	3712	830.916530901	0.75
1577342067.9	750	16.846431	0.0	405134	4142	767.654701528	0.75
1577342071.61	750	17.130073	0.0	386351	3602	802.754457161	0.75
1577342075.4	750	17.340848	0.0	434409	3678	881.767396949	0.75
1577342078.47	750	18.2697	0.0	337059	2957	928.552379171	0.75
1577342082.01	750	18.732018	0.0	366214	3423	881.285048742	0.75
1577342085.66	750	19.086004	0.0	360831	3533	834.221542198	0.75
1577342089.4	750	19.339713	0.0	372963	3608	819.715282183	0.75
1577342094.95	750	17.791652	0.0	405596	5437	662.331598623	0.75
1577342098.18	750	18.560878	0.0	350713	3105	669.164638776	0.75
1577342102.01	750	18.73513	0.0	386472	3714	862.627096958	0.75
1577342106.22	750	18.522335	0.0	399894	4103	787.632635445	0.75
1577342109.97	750	18.774651	0.0	401853	3628	808.411000182	0.75
1577342112.93	750	19.812225	0.0	343800	2844	903.794602843	0.75
1577342116.2	750	20.542893	0.0	359903	3162	937.79138262	0.75
1577342119.73	750	21.015211	0.0	379700	3407	895.510626965	0.75
1577342124.67	750	20.067762	0.0	425781	4831	766.162629759	0.75
1577342127.42	750	21.319652	0.0	277716	2630	756.209337509	0.75
1577342131.59	750	21.156803	0.0	400396	4040	813.270471362	0.75
1577342136.18	750	20.56114	0.0	400508	4489	741.797766426	0.75
1577342139.29	750	21.447868	0.0	358218	3003	768.864511195	0.75
1577342143.45	750	21.292747	0.0	400322	4045	855.580390831	0.75
1577342147.18	750	21.563685	0.0	369834	3620	798.622774771	0.75
1577342151.21	750	21.529559	0.0	412837	3927	824.150768173	0.75
1577342155.56	750	21.187432	0.0	401088	4234	789.115083403	0.75
1577342159.38	750	21.361612	0.0	365161	3708	766.083228711	0.75
1577342162.31	750	22.432244	0.0	321064	2809	815.171209175	0.75
1577342165.44	750	23.301088	0.0	361565	3019	924.417377056	0.75
1577342168.61	750	24.134722	0.0	378327	3059	965.386932726	0.75
1577342172.81	750	23.930357	0.0	390680	4097	850.775634272	0.75
1577342176.78	750	23.966091	0.0	345516	3853	736.06216561	0.75
1577342180.62	750	24.124095	0.0	384505	3732	746.913597922	0.75
1577342184.32	750	24.425666	0.0	372093	3585	825.861864893	0.75
1577342188.51	750	24.232613	0.0	438281	4079	839.041898108	0.75
1577342192.75	750	23.996958	0.0	398987	4102	809.703611983	0.75
1577342197.97	750	22.775056	0.0	393804	5080	669.009286169	0.75
1577342209.8	1850	14.943943	0.0	830730	11613	475.984961954	0.75
1577342213.23	750	15.512651	0.0	314107	3320	618.424408737	-0.3500000000000001
1577342216.33	750	14.101417	0.0	255954	2983	704.185331852	0.75

