1577343841.28	750	4	5.062	181801	3517	125.7902714	-21.766599999999997
1577343843.3	300	5.975174	0.0	155580	1867	450.838832468	-0.15000000000000002
1577343845.69	300	7.589049	0.0	139857	1795	651.93764964	0.3
1577343847.33	300	9.94272	0.0	155432	1424	680.12306097	0.3
1577343848.82	300	12.456499	0.0	163442	1377	851.335721174	0.3
1577343849.99	300	15.285473	0.0	126289	1061	928.384977019	0.3
1577343853.15	750	16.128948	0.0	352642	2924	719.157055263	0.3
1577343857.5	750	15.771476	0.0	437162	4238	877.658406966	0.75
1577343861.21	750	16.061857	0.0	374758	3588	827.990814868	0.75
1577343864.46	750	16.812835	0.0	362795	3135	857.038550303	0.75
1577343868.34	750	16.930431	0.0	353220	3766	823.833400154	0.75
1577343872.58	750	16.698339	0.0	405134	4123	761.076877069	0.75
1577343876.25	750	17.020954	0.0	386351	3561	807.829026056	0.75
1577343880.05	750	17.222689	0.0	434409	3687	888.36380361	0.75
1577343883.12	750	18.151713	0.0	337059	2957	927.387633203	0.75
1577343886.69	750	18.588098	0.0	366214	3449	877.589026529	0.75
1577343890.33	750	18.947733	0.0	360831	3524	832.561421282	0.75
1577343894.1	750	19.172876	0.0	372963	3620	820.509580697	0.75
1577343899.82	750	17.454226	0.0	405596	5607	645.916032295	0.75
1577343902.98	750	18.296733	0.0	350713	3044	658.220608691	0.75
1577343906.94	750	18.332618	0.0	386472	3812	856.925808123	0.75
1577343911.07	750	18.200053	0.0	399894	4022	801.592752877	0.75
1577343914.81	750	18.46652	0.0	401853	3615	820.660480403	0.75
1577343917.74	750	19.530205	0.0	343800	2827	907.459445509	0.75
1577343920.93	750	20.339959	0.0	359903	3080	943.990165494	0.75
1577343924.46	750	20.816876	0.0	379700	3407	911.254305356	0.75
1577343929.5	750	19.776332	0.0	425781	4921	756.146941909	0.75
1577343932.15	750	21.124669	0.0	277716	2542	728.129671546	0.75
1577343936.49	750	20.784601	0.0	400396	4230	801.187423915	0.75
1577343940.94	750	20.330279	0.0	400508	4331	746.213786863	0.75
1577343944.06	750	21.216964	0.0	358218	3004	788.879299724	0.75
1577343948.3	750	20.972908	0.0	400322	4134	843.671746565	0.75
1577343951.97	750	21.303131	0.0	369834	3562	789.54358462	0.75
1577343956.06	750	21.212155	0.0	412837	3982	829.890379901	0.75
1577343960.4	750	20.871695	0.0	401088	4218	786.637318871	0.75
1577343964.23	750	21.043897	0.0	365161	3709	773.473472992	0.75
1577343967.09	750	22.187677	0.0	321064	2734	819.647511797	0.75
1577343970.21	750	23.059641	0.0	361565	3008	944.489897212	0.75
1577343973.39	750	23.881609	0.0	378327	3060	968.006071138	0.75
1577343977.79	750	23.479861	0.0	390680	4293	824.851426181	0.75
1577343981.63	750	23.643039	0.0	345516	3729	734.32399586	0.75
1577343985.48	750	23.801058	0.0	384505	3728	764.401454923	0.75
1577343989.17	750	24.10333	0.0	372093	3585	826.510178059	0.75
1577343993.4	750	23.876053	0.0	438281	4086	838.615306368	0.75
1577343998.11	750	23.161208	0.0	398987	4581	752.754530855	0.75
1577344003.54	750	21.740157	0.0	393804	5311	602.090646114	0.75
1577344015.31	1850	13.961821	0.0	830730	11476	436.293622817	0.75
1577344018.8	750	14.475297	0.0	314107	3367	621.416930248	-0.3500000000000001
1577344022.21	750	12.746547	0.0	255954	3300	679.193718956	0.75

