1577342487.9	750	4	5.045	181801	3521	128.664807389	-21.6935
1577342490.01	300	5.886746	0.0	155580	1951	447.68876632	-0.15000000000000002
1577342492.36	300	7.535541	0.0	139857	1759	634.858744436	0.3
1577342494.02	300	9.877924	0.0	155432	1498	659.60928655	0.3
1577342495.53	300	12.366032	0.0	163442	1387	821.256900089	0.3
1577342496.7	300	15.194695	0.0	126289	1061	914.006362388	0.3
1577342499.86	750	16.03959	0.0	352642	2924	723.58154222	0.3
1577342504.21	750	15.682927	0.0	437162	4234	845.624610541	0.75
1577342507.92	750	15.972499	0.0	374758	3590	828.43886999	0.75
1577342511.17	750	16.723877	0.0	362795	3135	856.68373205	0.75
1577342515.05	750	16.844583	0.0	353220	3764	824.098974524	0.75
1577342519.3	750	16.596727	0.0	405134	4123	761.355805513	0.75
1577342522.98	750	16.918514	0.0	386351	3560	807.888526972	0.75
1577342526.77	750	17.121188	0.0	434409	3688	888.475716002	0.75
1577342529.85	750	18.048438	0.0	337059	2958	927.102381139	0.75
1577342533.41	750	18.482624	0.0	366214	3450	861.861868619	0.75
1577342537.05	750	18.845413	0.0	360831	3525	832.319813698	0.75
1577342540.81	750	19.086088	0.0	372963	3607	822.760727143	0.75
1577342546.43	750	17.463022	0.0	405596	5510	655.606575966	0.75
1577342549.59	750	18.308272	0.0	350713	3043	666.094523968	0.75
1577342553.51	750	18.384985	0.0	386472	3783	835.516478193	0.75
1577342557.76	750	18.137729	0.0	399894	4061	799.320451797	0.75
1577342561.5	750	18.399093	0.0	401853	3620	814.777292565	0.75
1577342564.45	750	19.448734	0.0	343800	2828	906.428729522	0.75
1577342567.64	750	20.251249	0.0	359903	3078	953.65859286	0.75
1577342571.17	750	20.72681	0.0	379700	3408	911.38357141	0.75
1577342576.2	750	19.691196	0.0	425781	4918	756.394009065	0.75
1577342578.87	750	21.02212	0.0	277716	2543	728.413089018	0.75
1577342583.14	750	20.754161	0.0	400396	4146	811.372265035	0.75
1577342587.61	750	20.289445	0.0	400508	4340	750.857729814	0.75
1577342590.72	750	21.175126	0.0	358218	3003	787.755119832	0.75
1577342594.96	750	20.931076	0.0	400322	4124	845.107886326	0.75
1577342598.65	750	21.240081	0.0	369834	3568	790.572455831	0.75
1577342602.75	750	21.140197	0.0	412837	3979	829.4595867	0.75
1577342607.1	750	20.798231	0.0	401088	4219	786.75496848	0.75
1577342610.92	750	20.973547	0.0	365161	3708	768.037252887	0.75
1577342613.78	750	22.113643	0.0	321064	2741	819.379930866	0.75
1577342616.9	750	22.991213	0.0	361565	3011	942.428196547	0.75
1577342620.08	750	23.815938	0.0	378327	3059	967.344325318	0.75
1577342624.46	750	23.431725	0.0	390680	4276	827.169586106	0.75
1577342628.33	750	23.568867	0.0	345516	3736	733.397499288	0.75
1577342632.17	750	23.726894	0.0	384505	3729	763.340224992	0.75
1577342635.87	750	24.028072	0.0	372093	3587	826.225001688	0.75
1577342640.04	750	23.854402	0.0	438281	4061	839.814326818	0.75
1577342644.28	750	23.61262	0.0	398987	4136	806.985149355	0.75
1577342649.52	750	22.377584	0.0	393804	5121	663.145124114	0.75
1577342661.2	1850	14.691774	0.0	830730	11447	462.696064577	0.75
1577342664.7	750	15.196738	0.0	314107	3367	622.512827044	-0.3500000000000001
1577342667.89	750	13.694435	0.0	255954	3072	705.774889531	0.75

