1577343615.63	750	4	4.973	181801	3637	206.593730496	-21.383899999999997
1577343617.43	300	6.196748	0.0	155580	1572	449.260343564	-0.15000000000000002
1577343619.68	300	7.94444	0.0	139857	1900	719.608482628	0.3
1577343621.58	300	10.052286	0.0	155432	1363	631.031858894	0.3
1577343623.07	300	12.555051	0.0	163442	1387	873.314622128	0.3
1577343624.25	300	15.376425	0.0	126289	1066	928.194346071	0.3
1577343627.41	750	16.221946	0.0	352642	2923	726.52598365	0.3
1577343631.68	750	15.949266	0.0	437162	4163	887.886264599	0.75
1577343635.44	750	16.191026	0.0	374758	3653	829.044720981	0.75
1577343638.69	750	16.941035	0.0	362795	3137	845.581121789	0.75
1577343642.5	750	17.130428	0.0	353220	3695	833.076049326	0.75
1577343646.77	750	16.861144	0.0	405134	4147	769.821534517	0.75
1577343650.5	750	17.129203	0.0	386351	3616	801.238269213	0.75
1577343654.28	750	17.343271	0.0	434409	3675	879.545100189	0.75
1577343657.36	750	18.271946	0.0	337059	2956	929.098503417	0.75
1577343660.89	750	18.741139	0.0	366214	3412	882.994846298	0.75
1577343664.53	750	19.094396	0.0	360831	3535	835.17483944	0.75
1577343668.35	750	19.278959	0.0	372963	3649	816.885370728	0.75
1577343674.07	750	17.553549	0.0	405596	5614	643.492683327	0.75
1577343677.25	750	18.376086	0.0	350713	3068	656.53176489	0.75
1577343681.36	750	18.272048	0.0	386472	3927	838.647782786	0.75
1577343685.51	750	18.120448	0.0	399894	4042	788.543116136	0.75
1577343689.26	750	18.363281	0.0	401853	3638	816.405382754	0.75
1577343692.34	750	19.285194	0.0	343800	2911	897.308075668	0.75
1577343695.54	750	20.091336	0.0	359903	3086	938.796292822	0.75
1577343699.06	750	20.565225	0.0	379700	3408	910.280176876	0.75
1577343704.1	750	19.524111	0.0	425781	4919	756.283658368	0.75
1577343706.75	750	20.872537	0.0	277716	2543	728.300128173	0.75
1577343711.05	750	20.58089	0.0	400396	4168	808.654395034	0.75
1577343715.48	750	20.146941	0.0	400508	4311	752.568322398	0.75
1577343718.6	750	21.031668	0.0	358218	3004	791.52496782	0.75
1577343722.86	750	20.771576	0.0	400322	4138	843.147026394	0.75
1577343726.52	750	21.103862	0.0	369834	3560	800.251736568	0.75
1577343730.61	750	21.014958	0.0	412837	3983	829.950910882	0.75
1577343734.94	750	20.687128	0.0	401088	4218	786.558739443	0.75
1577343738.77	750	20.86034	0.0	365161	3708	768.168025836	0.75
1577343741.62	750	22.004468	0.0	321064	2736	819.690371895	0.75
1577343744.75	750	22.874993	0.0	361565	3019	943.184228319	0.75
1577343747.93	750	23.696126	0.0	378327	3060	965.318835152	0.75
1577343752.35	750	23.275727	0.0	390680	4299	824.077524738	0.75
1577343756.18	750	23.444105	0.0	345516	3724	731.216209999	0.75
1577343760.03	750	23.601213	0.0	384505	3728	781.682729297	0.75
1577343763.72	750	23.903695	0.0	372093	3586	827.42423034	0.75
1577343767.9	750	23.73051	0.0	438281	4059	840.099181302	0.75
1577343772.16	750	23.463876	0.0	398987	4144	806.165416068	0.75
1577343777.41	750	22.212607	0.0	393804	5142	660.712285798	0.75
1577343789.07	1850	14.559469	0.0	830730	11415	456.772270245	0.75
1577343792.56	750	15.064957	0.0	314107	3367	623.728554603	-0.3500000000000001
1577343795.76	750	13.548925	0.0	255954	3084	704.344567739	0.75

