1577341814.26	750	4	7.853	450283	6482	248.400847055	-33.767900000000004
1577341816.37	300	5.896408	0.0	155580	1769	438.37825883	-0.15000000000000002
1577341818.43	300	7.83324	0.0	139857	1547	696.803732009	0.3
1577341819.85	300	10.413616	0.0	155432	1309	743.934431436	0.3
1577341821.31	300	12.957482	0.0	163442	1346	918.847226922	0.3
1577341822.47	300	15.789932	0.0	126289	1058	956.678608902	0.3
1577341825.76	750	16.500146	0.0	352642	3167	921.646901529	0.3
1577341830.31	750	15.94819	0.0	437162	4429	825.99105245	0.75
1577341833.67	750	16.586746	0.0	374758	3249	822.29940944	0.75
1577341837.46	750	16.797738	0.0	362795	3676	846.521931028	0.75
1577341841.24	750	17.016636	0.0	353220	3658	779.812620624	0.75
1577341845.3	750	16.965929	0.0	405134	3931	798.176339837	0.75
1577341848.67	750	17.590125	0.0	386351	3256	855.161111972	0.75
1577341852.57	750	17.694187	0.0	434409	3784	931.282884761	0.75
1577341855.78	750	18.485118	0.0	337059	3094	894.460607577	0.75
1577341859.5	750	18.765853	0.0	366214	3602	824.366001776	0.75
1577341863.23	750	19.02874	0.0	360831	3623	803.943875608	0.75
1577341868.01	750	18.247797	0.0	372963	4671	692.464071078	0.75
1577341872.37	750	17.894339	0.0	405596	4226	678.335868513	0.75
1577341875.75	750	18.516036	0.0	350713	3267	790.242212896	0.75
1577341879.96	750	18.297606	0.0	386472	4094	795.428992418	0.75
1577341883.7	750	18.563791	0.0	399894	3616	790.035281649	0.75
1577341887.19	750	19.06675	0.0	401853	3383	901.378106724	0.75
1577341890.2	750	20.063873	0.0	343800	2900	948.904481042	0.75
1577341893.54	750	20.72409	0.0	359903	3225	919.189136159	0.75
1577341897.77	750	20.489344	0.0	379700	4117	797.676063811	0.75
1577341902.17	750	20.095159	0.0	425781	4275	756.070772694	0.75
1577341905.04	750	21.224354	0.0	277716	2751	799.078049436	0.75
1577341909.94	750	20.3215	0.0	400396	4791	714.53758056	0.75
1577341913.42	750	20.84555	0.0	400508	3356	740.779788498	0.75
1577341917.06	750	21.205495	0.0	358218	3519	876.614294892	0.75
1577341921.18	750	21.083169	0.0	400322	4013	804.504673611	0.75
1577341924.7	750	21.561118	0.0	369834	3403	816.277639395	0.75
1577341929.18	750	21.079474	0.0	412837	4358	798.613351704	0.75
1577341933.39	750	20.86744	0.0	401088	4101	770.346481601	0.75
1577341936.77	750	21.489822	0.0	365161	3261	810.333174387	0.75
1577341939.57	750	22.694653	0.0	321064	2686	908.348624981	0.75
1577341942.59	750	23.666149	0.0	361565	2918	964.052602574	0.75
1577341946.38	750	23.880759	0.0	378327	3689	893.285778109	0.75
1577341950.99	750	23.274856	0.0	390680	4497	739.385312708	0.75
1577341954.47	750	23.789525	0.0	345516	3373	726.551196169	0.75
1577341958.3	750	23.96455	0.0	384505	3709	824.160005225	0.75
1577341961.89	750	24.367778	0.0	372093	3485	840.593715356	0.75
1577341966.33	750	23.931663	0.0	438281	4317	827.672589969	0.75
1577341971.2	750	23.063087	0.0	398987	4759	717.825237458	0.75
1577341979.39	750	18.870348	0.0	393804	8064	397.421760215	0.75
1577341982.53	750	19.734176	0.0	331053	3013	502.876365149	0.75
1577341985.61	750	20.647564	0.0	314107	2973	862.218024775	0.75
1577341988.46	750	19.483826	0.0	255954	2731	800.560099106	0.75

