1577342262.48	750	4	5.099	181801	3589	124.808506438	-21.9257
1577342264.51	300	5.964142	0.0	155580	1868	443.816382788	-0.15000000000000002
1577342266.87	300	7.610197	0.0	139857	1777	653.94619646	0.3
1577342268.39	300	10.087379	0.0	155432	1388	662.221316795	0.3
1577342269.87	300	12.600655	0.0	163442	1376	867.827632136	0.3
1577342271.05	300	15.424998	0.0	126289	1063	930.009015942	0.3
1577342274.2	750	16.272129	0.0	352642	2924	729.492489644	0.3
1577342278.54	750	15.938909	0.0	437162	4211	881.277804587	0.75
1577342282.26	750	16.209119	0.0	374758	3610	830.499814046	0.75
1577342285.52	750	16.95841	0.0	362795	3136	853.093859132	0.75
1577342289.37	750	17.101749	0.0	353220	3743	826.769676319	0.75
1577342293.63	750	16.845338	0.0	405134	4130	763.914971204	0.75
1577342297.32	750	17.15351	0.0	386351	3576	805.959729105	0.75
1577342301.12	750	17.356997	0.0	434409	3684	885.913611919	0.75
1577342304.19	750	18.285726	0.0	337059	2958	927.61894341	0.75
1577342307.74	750	18.734272	0.0	366214	3438	879.011053474	0.75
1577342311.39	750	19.088739	0.0	360831	3527	833.366927142	0.75
1577342315.1	750	19.372142	0.0	372963	3580	822.441806343	0.75
1577342320.71	750	17.76362	0.0	405596	5497	658.560750563	0.75
1577342323.9	750	18.570031	0.0	350713	3067	666.010137784	0.75
1577342327.77	750	18.705714	0.0	386472	3750	862.45287287	0.75
1577342331.96	750	18.519466	0.0	399894	4074	791.228717713	0.75
1577342335.7	750	18.775276	0.0	401853	3627	812.523649793	0.75
1577342338.65	750	19.826485	0.0	343800	2828	905.085580775	0.75
1577342341.83	750	20.64691	0.0	359903	3059	956.683197977	0.75
1577342345.35	750	21.122331	0.0	379700	3407	901.861477214	0.75
1577342350.32	750	20.156548	0.0	425781	4847	764.369251018	0.75
1577342353.05	750	21.423773	0.0	277716	2616	756.162865094	0.75
1577342357.23	750	21.240944	0.0	400396	4059	812.692466696	0.75
1577342361.82	750	20.656463	0.0	400508	4460	743.646867981	0.75
1577342364.93	750	21.544072	0.0	358218	3003	772.442299892	0.75
1577342369.1	750	21.372617	0.0	400322	4061	853.446034547	0.75
1577342372.82	750	21.653539	0.0	369834	3610	796.93312431	0.75
1577342376.88	750	21.594587	0.0	412837	3939	825.036862469	0.75
1577342381.31	750	21.168569	0.0	401088	4242	787.202963388	0.75
1577342385.13	750	21.341228	0.0	365161	3708	765.046723859	0.75
1577342388.03	750	22.44221	0.0	321064	2780	816.963307035	0.75
1577342391.17	750	23.305123	0.0	361565	3015	932.038278516	0.75
1577342394.35	750	24.127767	0.0	378327	3059	966.363498496	0.75
1577342398.66	750	23.816148	0.0	390680	4194	837.878535641	0.75
1577342402.56	750	23.911774	0.0	345516	3793	735.601872304	0.75
1577342406.4	750	24.070608	0.0	384505	3730	755.236537654	0.75
1577342410.1	750	24.372083	0.0	372093	3587	826.062890434	0.75
1577342414.28	750	24.188836	0.0	438281	4070	839.265344511	0.75
1577342418.51	750	23.964703	0.0	398987	4103	810.316755457	0.75
1577342423.67	750	22.805222	0.0	393804	5049	671.923187097	0.75
1577342435.46	1850	15.010975	0.0	830730	11555	455.544573111	0.75
1577342438.91	750	15.561294	0.0	314107	3338	619.766214478	-0.3500000000000001
1577342442.04	750	14.116317	0.0	255954	3013	716.091199417	0.75

