1577343164.59	750	4	4.892	181801	3608	125.158685791	-21.0356
1577343166.6	300	5.979971	0.0	155580	1866	442.20025873	-0.15000000000000002
1577343169.01	300	7.584311	0.0	139857	1831	647.706919974	0.3
1577343170.6	300	9.985817	0.0	155432	1412	645.165097725	0.3
1577343172.1	300	12.488433	0.0	163442	1375	862.07247967	0.3
1577343173.27	300	15.316637	0.0	126289	1063	929.034462595	0.3
1577343176.41	750	16.174393	0.0	352642	2922	726.318241947	0.3
1577343180.69	750	15.892117	0.0	437162	4183	854.801453961	0.75
1577343184.45	750	16.137114	0.0	374758	3633	829.914646777	0.75
1577343187.7	750	16.884887	0.0	362795	3136	867.267429354	0.75
1577343191.53	750	17.057623	0.0	353220	3715	830.514084834	0.75
1577343195.79	750	16.79283	0.0	405134	4140	772.017961477	0.75
1577343199.51	750	17.077442	0.0	386351	3599	803.208441124	0.75
1577343203.3	750	17.285331	0.0	434409	3678	899.368378546	0.75
1577343206.37	750	18.216783	0.0	337059	2956	928.708897003	0.75
1577343209.91	750	18.677226	0.0	366214	3423	881.424931741	0.75
1577343213.55	750	19.031923	0.0	360831	3531	834.487588491	0.75
1577343217.27	750	19.312925	0.0	372963	3592	821.029412082	0.75
1577343222.81	750	17.770321	0.0	405596	5431	663.944134684	0.75
1577343226.04	750	18.547315	0.0	350713	3099	669.958761905	0.75
1577343229.86	750	18.724604	0.0	386472	3709	864.050425462	0.75
1577343234.13	750	18.453993	0.0	399894	4114	799.256806751	0.75
1577343237.89	750	18.696284	0.0	401853	3640	806.180721269	0.75
1577343240.85	750	19.73698	0.0	343800	2840	901.785927133	0.75
1577343244.01	750	20.579824	0.0	359903	3049	956.248252087	0.75
1577343247.53	750	21.054699	0.0	379700	3407	915.580034026	0.75
1577343252.46	750	20.127152	0.0	425781	4809	768.637643506	0.75
1577343255.23	750	21.358617	0.0	277716	2651	734.938246022	0.75
1577343259.34	750	21.241001	0.0	400396	4008	814.593888355	0.75
1577343263.98	750	20.605009	0.0	400508	4529	739.672942903	0.75
1577343267.09	750	21.491874	0.0	358218	3003	807.599046022	0.75
1577343271.23	750	21.35813	0.0	400322	4023	858.526276825	0.75
1577343274.97	750	21.61615	0.0	369834	3635	800.895747019	0.75
1577343279.0	750	21.581102	0.0	412837	3914	822.532486208	0.75
1577343283.37	750	21.219383	0.0	401088	4238	789.688824694	0.75
1577343287.19	750	21.394441	0.0	365161	3708	765.564488914	0.75
1577343290.13	750	22.45168	0.0	321064	2823	814.307953411	0.75
1577343293.27	750	23.318989	0.0	361565	3023	920.641370457	0.75
1577343296.44	750	24.140786	0.0	378327	3060	964.342622701	0.75
1577343300.64	750	23.943181	0.0	390680	4080	852.935927376	0.75
1577343304.62	750	23.968169	0.0	345516	3867	735.768309488	0.75
1577343308.46	750	24.124659	0.0	384505	3730	745.142250873	0.75
1577343312.16	750	24.426615	0.0	372093	3586	826.124318001	0.75
1577343316.35	750	24.23152	0.0	438281	4082	838.696473257	0.75
1577343320.53	750	24.052431	0.0	398987	4059	814.787787522	0.75
1577343325.6	750	22.985749	0.0	393804	4955	651.060626722	0.75
1577343337.54	1850	15.045922	0.0	830730	11704	453.869526119	0.75
1577343340.94	750	15.642532	0.0	314107	3292	616.340327608	-0.3500000000000001
1577343343.99	750	14.278406	0.0	255954	2935	730.987762731	0.75

