1576473342.54	750	4	2.377	2354772	2269	8302.41339797	-10.2211
1576473345.93	4300	8	0.0	2123065	3239	6773.08382156	0.75
1576473352.98	4300	12	0.0	2177073	6915	5354.94496274	4.3
1576473358.67	4300	16.0	0.0	2160877	5351	4823.86224476	4.3
1576473361.8	4300	20	0.0	2233056	2998	4237.95602669	4.3
1576473364.65	4300	24	0.0	1941625	2712	4358.89430906	4.3
1576473367.33	4300	28	0.0	2157535	2548	5422.74005665	4.3
1576473370.73	4300	32	0.0	2290172	3276	6013.2379381	4.3
1576473373.84	4300	36	0.0	2055469	2968	5908.6277339	4.3
1576473379.2	4300	40	0.0	2169201	5224	5307.2260051	4.3
1576473384.5	4300	44	0.0	2173522	5146	4458.45577036	4.3
1576473387.85	4300	48	0.0	2102452	3207	4371.46869425	4.3
1576473392.36	4300	52	0.0	2209463	4377	3995.9604739	4.3
1576473400.41	4300	56	0.0	2275376	7902	3741.38411885	4.3
