1576473009.31	750	4	2.382	2354772	2285	8244.27833698	-10.2426
1576473012.68	4300	8	0.0	2123065	3240	6743.20706972	0.75
1576473020.1	4300	12	0.0	2177073	7287	5292.16796277	4.3
1576473025.2	4300	16.0	0.0	2160877	4800	4869.49138875	4.3
1576473028.37	4300	20	0.0	2233056	3026	4284.33456061	4.3
1576473031.15	4300	24	0.0	1941625	2641	4444.17168156	4.3
1576473033.82	4300	28	0.0	2157535	2538	5546.83442953	4.3
1576473036.93	4300	32	0.0	2290172	2935	6207.0632207	4.3
1576473040.14	4300	36	0.0	2055469	3077	6067.17191405	4.3
1576473044.81	4300	40	0.0	2169201	4540	5552.39599667	4.3
1576473050.83	4300	44	0.0	2173522	5839	4596.69514099	4.3
1576473054.11	4300	48	0.0	2102452	3149	4371.41500112	4.3
1576473058.63	4300	52	0.0	2209463	4387	4042.67096218	4.3
1576473066.33	4300	56	0.0	2275376	7568	3688.39081857	4.3
