1576473509.3	750	4	2.396	2354772	2286	8240.67191601	-10.3028
1576473512.67	4300	8	0.0	2123065	3243	6738.97918958	0.75
1576473519.94	4300	12	0.0	2177073	7122	5307.80696323	4.3
1576473525.22	4300	16.0	0.0	2160877	5095	4829.08956982	4.3
1576473528.37	4300	20	0.0	2233056	3012	4251.69449919	4.3
1576473531.14	4300	24	0.0	1941625	2647	4409.4110398	4.3
1576473533.82	4300	28	0.0	2157535	2555	5486.9182106	4.3
1576473536.9	4300	32	0.0	2290172	2944	6194.50723277	4.3
1576473540.1	4300	36	0.0	2055469	3071	6050.36604046	4.3
1576473545.25	4300	40	0.0	2169201	5006	5449.96831554	4.3
1576473550.99	4300	44	0.0	2173522	5592	4538.46390051	4.3
1576473554.29	4300	48	0.0	2102452	3169	4309.52724599	4.3
1576473558.81	4300	52	0.0	2209463	4383	3979.09219889	4.3
1576473566.91	4300	56	0.0	2275376	7965	3683.79539578	4.3
