1576473176.05	750	4	2.432	2354772	2316	8133.92746114	-10.4576
1576473179.43	4300	8	0.0	2123065	3251	6679.16305386	0.75
1576473186.77	4300	12	0.0	2177073	7206	5258.42732594	4.3
1576473191.9	4300	16.0	0.0	2160877	4876	4830.15232382	4.3
1576473195.07	4300	20	0.0	2233056	3032	4269.66254297	4.3
1576473197.84	4300	24	0.0	1941625	2648	4430.0470203	4.3
1576473200.54	4300	28	0.0	2157535	2547	5519.98551646	4.3
1576473203.59	4300	32	0.0	2290172	2931	6196.37767208	4.3
1576473206.8	4300	36	0.0	2055469	3075	6060.27599415	4.3
1576473211.47	4300	40	0.0	2169201	4544	5548.54581644	4.3
1576473217.26	4300	44	0.0	2173522	5598	4630.9035439	4.3
1576473220.46	4300	48	0.0	2102452	3066	4439.64205076	4.3
1576473225.07	4300	52	0.0	2209463	4422	4102.05648369	4.3
1576473232.76	4300	56	0.0	2275376	7561	3749.17423252	4.3
