1576473676.01	750	4	2.389	2354772	2285	8244.27833698	-10.2727
1576473679.39	4300	8	0.0	2123065	3238	6744.82601222	0.75
1576473686.76	4300	12	0.0	2177073	7231	5299.41722163	4.3
1576473692.09	4300	16.0	0.0	2160877	5094	4822.96377998	4.3
1576473695.22	4300	20	0.0	2233056	2996	4252.58578452	4.3
1576473698.1	4300	24	0.0	1941625	2738	4359.52212891	4.3
1576473700.77	4300	28	0.0	2157535	2543	5454.21453103	4.3
1576473703.67	4300	32	0.0	2290172	2770	6259.36745788	4.3
1576473706.88	4300	36	0.0	2055469	3071	6107.30758515	4.3
1576473711.97	4300	40	0.0	2169201	4946	5566.18147842	4.3
1576473717.65	4300	44	0.0	2173522	5533	4654.99685641	4.3
1576473720.94	4300	48	0.0	2102452	3158	4332.95161551	4.3
1576473725.46	4300	52	0.0	2209463	4386	4001.8269674	4.3
1576473733.48	4300	56	0.0	2275376	7884	3701.88690504	4.3
