1576473092.67	750	4	2.387	2354772	2286	8240.67191601	-10.2641
1576473096.04	4300	8	0.0	2123065	3242	6739.78691421	0.75
1576473103.37	4300	12	0.0	2177073	7188	5300.86072522	4.3
1576473108.47	4300	16.0	0.0	2160877	4854	4865.99453444	4.3
1576473111.66	4300	20	0.0	2233056	3038	4275.90950474	4.3
1576473114.41	4300	24	0.0	1941625	2610	4454.01927569	4.3
1576473117.06	4300	28	0.0	2157535	2528	5555.17779014	4.3
1576473120.15	4300	32	0.0	2290172	2956	6214.33624211	4.3
1576473123.38	4300	36	0.0	2055469	3098	6071.2184316	4.3
1576473128.19	4300	40	0.0	2169201	4678	5510.78848397	4.3
1576473133.8	4300	44	0.0	2173522	5479	4597.27886828	4.3
1576473137.04	4300	48	0.0	2102452	3091	4408.14153255	4.3
1576473141.79	4300	52	0.0	2209463	4621	4037.44689797	4.3
1576473149.38	4300	56	0.0	2275376	7457	3720.3073871	4.3
