1576473592.69	750	4	2.397	2354772	2288	8233.46853147	-10.3071
1576473596.06	4300	8	0.0	2123065	3242	6736.18522193	0.75
1576473603.46	4300	12	0.0	2177073	7251	5291.44219595	4.3
1576473608.56	4300	16.0	0.0	2160877	4829	4863.54002344	4.3
1576473611.72	4300	20	0.0	2233056	3027	4280.59806401	4.3
1576473614.49	4300	24	0.0	1941625	2633	4445.71117307	4.3
1576473617.17	4300	28	0.0	2157535	2542	5542.73197185	4.3
1576473620.4	4300	32	0.0	2290172	3092	6129.12676485	4.3
1576473623.61	4300	36	0.0	2055469	3081	5987.98851124	4.3
1576473628.4	4300	40	0.0	2169201	4655	5445.13746436	4.3
1576473634.18	4300	44	0.0	2173522	5647	4517.42468997	4.3
1576473637.45	4300	48	0.0	2102452	3126	4381.21035607	4.3
1576473641.98	4300	52	0.0	2209463	4396	4052.13863187	4.3
1576473650.03	4300	56	0.0	2275376	7911	3695.39467647	4.3
