1576472924.26	750	4	0.54	450283	419	8597.28878282	-2.322
1576472926.71	4300	8	0.0	2123065	2213	8136.08677731	0.75
1576472930.7	4300	12	0.0	2177073	3856	6929.64083909	4.3
1576472939.88	4300	16.0	0.0	2160877	9041	5675.24788405	4.3
1576472943.32	4300	20	0.0	2233056	3313	4873.98243449	4.3
1576472945.85	4300	24	0.0	1941625	2379	4587.5647304	4.3
1576472948.88	4300	28	0.0	2157535	2911	4940.71002152	4.3
1576472952.07	4300	32	0.0	2290172	3036	5971.36997364	4.3
1576472954.97	4300	36	0.0	2055469	2777	6103.6654061	4.3
1576472958.55	4300	40	0.0	2169201	3442	5731.79248086	4.3
1576472965.08	4300	44	0.0	2173522	6393	4929.42929055	4.3
1576472968.96	4300	48	0.0	2102452	3745	4543.55689011	4.3
1576472973.07	4300	52	0.0	2209463	3987	4171.53829565	4.3
1576472977.75	4300	56	0.0	2275376	4556	3909.9558444	4.3
