1576473425.91	750	4	2.395	2354772	2285	8244.27833698	-10.2985
1576473429.27	4300	8	0.0	2123065	3240	6743.20706972	0.75
1576473436.66	4300	12	0.0	2177073	7246	5296.67590645	4.3
1576473442.01	4300	16.0	0.0	2160877	5167	4808.92148374	4.3
1576473445.13	4300	20	0.0	2233056	2990	4241.53484264	4.3
1576473447.99	4300	24	0.0	1941625	2724	4356.56990817	4.3
1576473450.67	4300	28	0.0	2157535	2553	5445.86236122	4.3
1576473453.95	4300	32	0.0	2290172	3145	6065.83699651	4.3
1576473457.09	4300	36	0.0	2055469	3002	5941.55378687	4.3
1576473462.1	4300	40	0.0	2169201	4881	5404.81943575	4.3
1576473467.87	4300	44	0.0	2173522	5641	4485.23943598	4.3
1576473471.22	4300	48	0.0	2102452	3200	4342.88274679	4.3
1576473475.78	4300	52	0.0	2209463	4421	3973.01388865	4.3
1576473484.3	4300	56	0.0	2275376	8384	3626.96929996	4.3
