1576473259.26	750	4	2.39	2354772	2288	8233.46853147	-10.277
1576473262.64	4300	8	0.0	2123065	3246	6732.95730948	0.75
1576473270.6	4300	12	0.0	2177073	7816	5231.4130272	4.3
1576473275.35	4300	16.0	0.0	2160877	4487	4886.73204586	4.3
1576473278.47	4300	20	0.0	2233056	2988	4323.04764392	4.3
1576473281.33	4300	24	0.0	1941625	2725	4439.98199361	4.3
1576473284.34	4300	28	0.0	2157535	2886	5378.07412812	4.3
1576473287.26	4300	32	0.0	2290172	2791	6056.01399884	4.3
1576473290.35	4300	36	0.0	2055469	2941	5959.13405608	4.3
1576473295.32	4300	40	0.0	2169201	4829	5432.49406566	4.3
1576473301.43	4300	44	0.0	2173522	5962	4666.44594128	4.3
1576473304.73	4300	48	0.0	2102452	3159	4356.42084796	4.3
1576473309.23	4300	52	0.0	2209463	4373	3969.12023222	4.3
1576473317.4	4300	56	0.0	2275376	8033	3637.22150906	4.3
