1575956527.93	750	4	3.354	2354772	3127	6024.36072913	-14.422199999999998
1575956528.64	750	8	0.0	398865	465	6121.10853178	0.75
1575956530.3	1850	12	0.0	877771	1415	5742.2952081	0.75
1575956531.47	1850	16.0	0.0	933276	1058	5935.16806495	1.85
1575956532.7	1850	20	0.0	996749	1137	6082.77946637	1.85
1575956533.7	1850	24	0.0	801058	879	6306.77325268	1.85
1575956535.01	1850	28	0.0	905515	1219	6185.06247384	1.85
1575956537.86	4300	32	0.0	2290172	2740	6714.00330167	1.8499999999999996
1575956540.19	4300	36	0.0	2055469	2213	6849.51197093	4.3
1575956552.7	4300	40	0.0	2169201	12410	1964.1718604	4.3
1575956556.69	4300	44	0.0	2173522	3889	2108.52130063	4.3
1575956564.29	4300	48	0.0	2102452	7495	2084.33074595	4.3
1575956566.66	4300	52	0.0	2209463	2264	2067.77714772	4.3
1575956569.76	4300	56	0.0	2275376	2994	2095.07718598	4.3
