1575956113.05	750	4	4.903	2354772	4733	3980.17663216	-21.0829
1575956113.98	750	8	0.0	398865	689	4052.57234185	0.75
1575956115.46	1850	12	0.0	877771	1272	4268.24374453	0.75
1575956116.83	1850	16.0	0.0	933276	1267	4464.1109231	1.85
1575956118.44	1850	20	0.0	996749	1495	4582.23194154	1.85
1575956119.57	1850	24	0.0	801058	1027	5533.82815618	1.85
1575956120.96	1850	28	0.0	905515	1277	5682.25644857	1.85
1575956123.88	4300	32	0.0	2290172	2810	5984.94557255	1.8499999999999996
1575956137.51	4300	36	0.0	2055469	13516	1648.17365804	4.3
1575956141.05	4300	40	0.0	2169201	3431	1749.68678104	4.3
1575956148.86	4300	44	0.0	2173522	7684	1813.05184168	4.3
1575956151.3	4300	48	0.0	2102452	2335	1868.1645043	4.3
1575956156.31	4300	52	0.0	2209463	4903	1889.35207587	4.3
1575956159.0	4300	56	0.0	2275376	2559	3418.16045646	4.3
