1575955946.49	750	4	4.947	2354772	4773	3946.82086738	-21.2721
1575955947.43	750	8	0.0	398865	670	4031.8274192	0.75
1575955948.88	1850	12	0.0	877771	1233	4261.71173314	0.75
1575955950.27	1850	16.0	0.0	933276	1283	4453.88658857	1.85
1575955951.82	1850	20	0.0	996749	1444	4590.25358352	1.85
1575955952.96	1850	24	0.0	801058	1024	5638.40100387	1.85
1575955954.36	1850	28	0.0	905515	1276	5759.79402934	1.85
1575955957.26	4300	32	0.0	2290172	2790	6035.3134606	1.8499999999999996
1575955970.74	4300	36	0.0	2055469	13376	1665.36916129	4.3
1575955974.37	4300	40	0.0	2169201	3503	1771.56055941	4.3
1575955982.11	4300	44	0.0	2173522	7633	1833.33161756	4.3
1575955984.55	4300	48	0.0	2102452	2330	1889.06965824	4.3
1575955989.43	4300	52	0.0	2209463	4776	1910.26321298	4.3
1575955992.3	4300	56	0.0	2275376	2760	3448.85504556	4.3
