1575956612.94	750	4	4.911	2354772	4740	3974.29873418	-21.1173
1575956613.87	750	8	0.0	398865	717	4030.95584768	0.75
1575956615.35	1850	12	0.0	877771	1264	4250.31393912	0.75
1575956616.76	1850	16.0	0.0	933276	1286	4441.42666821	1.85
1575956618.34	1850	20	0.0	996749	1473	4568.89527313	1.85
1575956619.48	1850	24	0.0	801058	1030	5506.86400198	1.85
1575956620.87	1850	28	0.0	905515	1277	5693.55186381	1.85
1575956623.84	4300	32	0.0	2290172	2830	5975.49653827	1.8499999999999996
1575956637.51	4300	36	0.0	2055469	13558	1642.53687015	4.3
1575956641.02	4300	40	0.0	2169201	3405	1743.64869624	4.3
1575956648.82	4300	44	0.0	2173522	7682	1807.97328048	4.3
1575956651.35	4300	48	0.0	2102452	2407	1865.03294905	4.3
1575956656.4	4300	52	0.0	2209463	4952	1885.64429961	4.3
1575956659.09	4300	56	0.0	2275376	2367	3411.0937498	4.3
