1575956694.55	750	4	3.375	2354772	3128	6022.43478261	-14.5125
1575956695.26	750	8	0.0	398865	466	6118.01314503	0.75
1575956696.9	1850	12	0.0	877771	1425	5725.40551077	0.75
1575956698.09	1850	16.0	0.0	933276	1060	5918.54517612	1.85
1575956699.33	1850	20	0.0	996749	1134	6069.61092689	1.85
1575956700.31	1850	24	0.0	801058	875	6290.75238446	1.85
1575956701.65	1850	28	0.0	905515	1235	6153.92074905	1.85
1575956704.49	4300	32	0.0	2290172	2727	6711.07444739	1.8499999999999996
1575956706.82	4300	36	0.0	2055469	2220	6843.55517861	4.3
1575956719.41	4300	40	0.0	2169201	12439	1959.0324528	4.3
1575956723.5	4300	44	0.0	2173522	3977	2103.70613934	4.3
1575956731.08	4300	48	0.0	2102452	7466	2082.19211156	4.3
1575956733.49	4300	52	0.0	2209463	2262	2065.97904483	4.3
1575956736.7	4300	56	0.0	2275376	3057	2094.34833445	4.3
