1575956029.73	750	4	4.908	2354772	4738	3975.97636133	-21.1044
1575956030.66	750	8	0.0	398865	711	4036.05166017	0.75
1575956032.14	1850	12	0.0	877771	1258	4257.19988582	0.75
1575956033.53	1850	16.0	0.0	933276	1273	4451.88989655	1.85
1575956035.14	1850	20	0.0	996749	1502	4568.7194497	1.85
1575956036.26	1850	24	0.0	801058	1025	5506.3273093	1.85
1575956037.65	1850	28	0.0	905515	1276	5685.62683443	1.85
1575956040.57	4300	32	0.0	2290172	2804	5979.62080552	1.8499999999999996
1575956054.12	4300	36	0.0	2055469	13454	1656.75686308	4.3
1575956057.69	4300	40	0.0	2169201	3453	1759.16568054	4.3
1575956065.56	4300	44	0.0	2173522	7690	1820.79150452	4.3
1575956067.99	4300	48	0.0	2102452	2337	1876.25003276	4.3
1575956072.99	4300	52	0.0	2209463	4893	1897.28260272	4.3
1575956075.69	4300	56	0.0	2275376	2560	3416.38466969	4.3
