1575956446.32	750	4	4.944	2354772	4771	3948.47537204	-21.2592
1575956447.23	750	8	0.0	398865	689	4023.32365536	0.75
1575956448.69	1850	12	0.0	877771	1257	4245.63455763	0.75
1575956450.09	1850	16.0	0.0	933276	1279	4439.27512215	1.85
1575956451.68	1850	20	0.0	996749	1475	4566.46082268	1.85
1575956452.82	1850	24	0.0	801058	1028	5557.79249945	1.85
1575956454.21	1850	28	0.0	905515	1278	5704.78539374	1.85
1575956457.12	4300	32	0.0	2290172	2801	5998.34375501	1.8499999999999996
1575956470.7	4300	36	0.0	2055469	13470	1653.71018654	4.3
1575956474.25	4300	40	0.0	2169201	3448	1756.70076652	4.3
1575956482.11	4300	44	0.0	2173522	7700	1818.26923038	4.3
1575956484.56	4300	48	0.0	2102452	2336	1873.55600245	4.3
1575956489.59	4300	52	0.0	2209463	4913	1894.71120673	4.3
1575956492.25	4300	56	0.0	2275376	2550	3410.39136783	4.3
