1575956279.67	750	4	4.906	2354772	4734	3979.33586819	-21.0958
1575956280.6	750	8	0.0	398865	711	4039.1059873	0.75
1575956282.08	1850	12	0.0	877771	1258	4260.09941617	0.75
1575956283.47	1850	16.0	0.0	933276	1270	4455.52380859	1.85
1575956285.08	1850	20	0.0	996749	1499	4573.07207385	1.85
1575956286.21	1850	24	0.0	801058	1025	5511.91600823	1.85
1575956287.6	1850	28	0.0	905515	1279	5688.51374191	1.85
1575956290.51	4300	32	0.0	2290172	2802	5983.56694698	1.8499999999999996
1575956303.97	4300	36	0.0	2055469	13357	1670.49407342	4.3
1575956307.6	4300	40	0.0	2169201	3513	1775.24656278	4.3
1575956315.35	4300	44	0.0	2173522	7636	1836.2049105	4.3
1575956317.79	4300	48	0.0	2102452	2330	1891.93060657	4.3
1575956322.69	4300	52	0.0	2209463	4787	1912.67540305	4.3
1575956325.54	4300	56	0.0	2275376	2744	3445.76040284	4.3
