1575956363.0	750	4	4.908	2354772	4737	3976.81570614	-21.1044
1575956363.93	750	8	0.0	398865	712	4036.22211332	0.75
1575956365.4	1850	12	0.0	877771	1261	4256.35069767	0.75
1575956366.8	1850	16.0	0.0	933276	1274	4450.74385215	1.85
1575956368.36	1850	20	0.0	996749	1462	4581.19065657	1.85
1575956369.51	1850	24	0.0	801058	1023	5543.20104867	1.85
1575956370.9	1850	28	0.0	905515	1298	5703.38013007	1.85
1575956373.82	4300	32	0.0	2290172	2811	5994.18545305	1.8499999999999996
1575956387.37	4300	36	0.0	2055469	13442	1658.13934215	4.3
1575956390.95	4300	40	0.0	2169201	3451	1761.76748612	4.3
1575956398.74	4300	44	0.0	2173522	7688	1823.03250264	4.3
1575956401.17	4300	48	0.0	2102452	2320	1877.54193083	4.3
1575956406.15	4300	52	0.0	2209463	4880	1898.39797206	4.3
1575956408.93	4300	56	0.0	2275376	2654	3419.2206386	4.3
