1575956196.35	750	4	4.898	2354772	4729	3983.54324381	-21.0614
1575956197.28	750	8	0.0	398865	716	4039.93198071	0.75
1575956198.76	1850	12	0.0	877771	1255	4261.84729744	0.75
1575956200.15	1850	16.0	0.0	933276	1268	4457.78438937	1.85
1575956201.76	1850	20	0.0	996749	1491	4577.91047843	1.85
1575956202.89	1850	24	0.0	801058	1028	5515.34240774	1.85
1575956204.28	1850	28	0.0	905515	1277	5700.77044556	1.85
1575956207.2	4300	32	0.0	2290172	2808	5988.5087154	1.8499999999999996
1575956220.73	4300	36	0.0	2055469	13409	1663.108142	4.3
1575956224.31	4300	40	0.0	2169201	3453	1766.22705878	4.3
1575956232.23	4300	44	0.0	2173522	7742	1824.5405839	4.3
1575956234.77	4300	48	0.0	2102452	2407	1882.11987374	4.3
1575956239.82	4300	52	0.0	2209463	4948	1902.54269803	4.3
1575956242.5	4300	56	0.0	2275376	2368	3389.3014031	4.3
