1574142663.28	750	4	2.478	2354772	2376	6853.53535354	-10.6554
1574142664.83	1850	8	0.0	957685	1331	5697.32937685	0.75
1574142666.55	1850	12	0.0	877771	1612	4717.42808799	1.85
1574142668.73	1850	16.0	0.0	933276	2074	4096.84837008	1.85
1574142672.51	1850	20	0.0	996749	3676	2059.80666727	1.85
1574142676.76	1850	24	0.0	801058	4153	4722.09248015	1.85
1574142678.09	1850	28	0.0	905515	1232	6730.99552836	1.85
1574142681.31	4300	32	0.0	2290172	3104	6737.83271297	1.8499999999999996
1574142684.17	4300	36	0.0	2055469	2757	6055.48854041	4.3
1574142686.83	4300	40	0.0	2169201	2554	6839.13043478	4.3
1574142689.65	4300	44	0.0	2173522	2726	6978.0974703	4.3
1574142692.59	4300	48	0.0	2102452	2843	5633.5812357	4.3
1574142696.77	4300	52	0.0	2209463	4057	3583.04880498	4.3
1574142703.04	4300	56	0.0	2275376	6174	4792.41582216	4.3
