1574142870.11	750	4	2.496	2354772	2394	6872.18045113	-10.7328
1574142871.67	1850	8	0.0	957685	1345	5648.56913613	0.75
1574142873.43	1850	12	0.0	877771	1657	4663.45441067	1.85
1574142875.55	1850	16.0	0.0	933276	2028	4079.74137931	1.85
1574142879.47	1850	20	0.0	996749	3818	2017.43462017	1.85
1574142883.61	1850	24	0.0	801058	4006	4751.82822468	1.85
1574142884.94	1850	28	0.0	905515	1201	6741.14870181	1.85
1574142888.14	4300	32	0.0	2290172	3094	6730.75563724	1.8499999999999996
1574142891.05	4300	36	0.0	2055469	2798	6077.62955018	4.3
1574142893.7	4300	40	0.0	2169201	2557	6836.55536028	4.3
1574142896.54	4300	44	0.0	2173522	2736	6985.30599063	4.3
1574142899.49	4300	48	0.0	2102452	2854	5658.5226868	4.3
1574142903.78	4300	52	0.0	2209463	4194	3614.50558161	4.3
1574142910.23	4300	56	0.0	2275376	6326	5027.05308834	4.3
