1574142249.89	750	4	2.464	2354772	2360	6854.23728814	-10.595199999999998
1574142251.43	1850	8	0.0	957685	1303	5942.66994267	0.75
1574142253.15	1850	12	0.0	877771	1613	4633.05534496	1.85
1574142255.33	1850	16.0	0.0	933276	2073	4114.84555722	1.85
1574142259.11	1850	20	0.0	996749	3683	2044.96011603	1.85
1574142263.36	1850	24	0.0	801058	4142	4602.77821133	1.85
1574142264.68	1850	28	0.0	905515	1208	6759.96540609	1.85
1574142267.92	4300	32	0.0	2290172	3118	6711.19235096	1.8499999999999996
1574142270.77	4300	36	0.0	2055469	2756	6025.35721473	4.3
1574142273.42	4300	40	0.0	2169201	2552	6855.40069686	4.3
1574142276.24	4300	44	0.0	2173522	2724	7025.40864218	4.3
1574142279.19	4300	48	0.0	2102452	2847	5671.21526041	4.3
1574142283.36	4300	52	0.0	2209463	4056	3551.38935387	4.3
1574142289.64	4300	56	0.0	2275376	6174	4720.75410015	4.3
