1574142971.44	750	4	0.523	450283	430	14065.1162791	-2.2489
1574142972.5	1850	8	0.0	957685	854	9140.18691589	0.75
1574142973.66	1850	12	0.0	877771	1062	8823.52941176	1.85
1574142975.01	1850	16.0	0.0	933276	1253	5641.56710197	1.85
1574142976.94	1850	20	0.0	996749	1835	4284.13691572	1.85
1574142978.89	1850	24	0.0	801058	1856	3953.35276968	1.85
1574142982.39	1850	28	0.0	905515	3407	1995.1131414	1.85
1574142987.1	1850	32	0.0	1060487	4616	5293.4371867	1.85
1574142988.35	1850	36	0.0	852833	1155	6709.14600979	1.85
1574142991.5	4300	40	0.0	2169201	2957	6767.20749053	1.8499999999999996
1574142994.53	4300	44	0.0	2173522	2927	6278.05072368	4.3
1574142997.1	4300	48	0.0	2102452	2472	6816.73391378	4.3
1574142999.98	4300	52	0.0	2209463	2775	6832.1666938	4.3
1574143003.11	4300	56	0.0	2275376	3034	5824.21461348	4.3
