1574142456.59	750	4	2.456	2354772	2352	6841.83673469	-10.560799999999999
1574142458.13	1850	8	0.0	957685	1303	5929.41176471	0.75
1574142459.85	1850	12	0.0	877771	1611	4607.6718572	1.85
1574142462.03	1850	16.0	0.0	933276	2070	4128.68047983	1.85
1574142465.84	1850	20	0.0	996749	3704	2054.34782609	1.85
1574142470.06	1850	24	0.0	801058	4120	4623.67270456	1.85
1574142471.39	1850	28	0.0	905515	1218	6762.55600094	1.85
1574142474.61	4300	32	0.0	2290172	3104	6714.96904896	1.8499999999999996
1574142477.47	4300	36	0.0	2055469	2756	6031.40518051	4.3
1574142480.12	4300	40	0.0	2169201	2555	6858.14004217	4.3
1574142482.95	4300	44	0.0	2173522	2726	7019.98543571	4.3
1574142485.9	4300	48	0.0	2102452	2851	5767.58147513	4.3
1574142490.06	4300	52	0.0	2209463	4056	3577.35546039	4.3
1574142496.34	4300	56	0.0	2275376	6173	4741.57180981	4.3
