1574142353.21	750	4	2.478	2354772	2375	6836.21052632	-10.6554
1574142354.75	1850	8	0.0	957685	1320	5748.30852503	0.75
1574142356.47	1850	12	0.0	877771	1614	4712.75193068	1.85
1574142358.65	1850	16.0	0.0	933276	2077	4094.23233144	1.85
1574142362.42	1850	20	0.0	996749	3673	2056.24378334	1.85
1574142366.68	1850	24	0.0	801058	4159	4709.18009811	1.85
1574142368.01	1850	28	0.0	905515	1221	6732.58003766	1.85
1574142371.23	4300	32	0.0	2290172	3105	6739.7260274	1.8499999999999996
1574142374.09	4300	36	0.0	2055469	2757	6054.30774388	4.3
1574142376.75	4300	40	0.0	2169201	2554	6836.7642795	4.3
1574142379.57	4300	44	0.0	2173522	2726	6998.30138316	4.3
1574142382.51	4300	48	0.0	2102452	2843	5646.04933858	4.3
1574142386.69	4300	52	0.0	2209463	4056	3579.27155865	4.3
1574142392.96	4300	56	0.0	2275376	6172	4789.9297041	4.3
