1574142144.49	750	4	0.526	450283	428	14046.728972	-2.2617999999999996
1574142145.53	1850	8	0.0	957685	838	9042.65402844	0.75
1574142146.68	1850	12	0.0	877771	1046	8579.58477509	1.85
1574142148.07	1850	16.0	0.0	933276	1294	5683.86023295	1.85
1574142150.02	1850	20	0.0	996749	1848	4279.42794279	1.85
1574142151.97	1850	24	0.0	801058	1849	3962.18181818	1.85
1574142155.39	1850	28	0.0	905515	3306	1971.52948732	1.85
1574142160.22	1850	32	0.0	1060487	4711	5461.25461255	1.85
1574142161.46	1850	36	0.0	852833	1142	6636.5899191	1.85
1574142164.62	4300	40	0.0	2169201	2956	6745.91807505	1.8499999999999996
1574142167.66	4300	44	0.0	2173522	2937	6326.0696253	4.3
1574142170.24	4300	48	0.0	2102452	2480	6798.81906369	4.3
1574142173.12	4300	52	0.0	2209463	2776	6800.09763241	4.3
1574142176.26	4300	56	0.0	2275376	3034	5846.43587393	4.3
