1574143076.72	750	4	2.477	2354772	2374	6894.69250211	-10.6511
1574143078.27	1850	8	0.0	957685	1330	5663.06695464	0.75
1574143079.99	1850	12	0.0	877771	1611	4700.65851364	1.85
1574143082.17	1850	16.0	0.0	933276	2073	4099.62100704	1.85
1574143085.95	1850	20	0.0	996749	3676	2055.31453362	1.85
1574143090.19	1850	24	0.0	801058	4146	4744.46868183	1.85
1574143091.53	1850	28	0.0	905515	1232	6731.04097975	1.85
1574143094.75	4300	32	0.0	2290172	3105	6745.36256324	1.8499999999999996
1574143097.62	4300	36	0.0	2055469	2757	6065.9694288	4.3
1574143100.27	4300	40	0.0	2169201	2554	6824.70639408	4.3
1574143103.09	4300	44	0.0	2173522	2724	6983.51115422	4.3
1574143106.03	4300	48	0.0	2102452	2845	5646.04933858	4.3
1574143110.21	4300	52	0.0	2209463	4083	3616.92174029	4.3
1574143116.49	4300	56	0.0	2275376	6180	4813.44501251	4.3
