1574142766.68	750	4	2.466	2354772	2365	6865.11627907	-10.6038
1574142768.2	1850	8	0.0	957685	1302	5936.18761931	0.75
1574142769.93	1850	12	0.0	877771	1614	4628.66881272	1.85
1574142772.11	1850	16.0	0.0	933276	2074	4111.48878314	1.85
1574142775.89	1850	20	0.0	996749	3683	2043.84852328	1.85
1574142780.14	1850	24	0.0	801058	4149	4581.18858212	1.85
1574142781.47	1850	28	0.0	905515	1216	6774.49748744	1.85
1574142784.68	4300	32	0.0	2290172	3104	6714.46646984	1.8499999999999996
1574142787.55	4300	36	0.0	2055469	2757	6024.54893018	4.3
1574142790.2	4300	40	0.0	2169201	2556	6856.76969961	4.3
1574142793.04	4300	44	0.0	2173522	2737	7018.59337106	4.3
1574142795.98	4300	48	0.0	2102452	2847	5733.8761517	4.3
1574142800.14	4300	52	0.0	2209463	4055	3559.39004815	4.3
1574142806.42	4300	56	0.0	2275376	6173	4716.8989547	4.3
