1574142559.94	750	4	2.465	2354772	2358	6834.60559796	-10.5995
1574142561.48	1850	8	0.0	957685	1303	5919.69407266	0.75
1574142563.2	1850	12	0.0	877771	1614	4599.81042654	1.85
1574142565.38	1850	16.0	0.0	933276	2071	4123.0601688	1.85
1574142569.27	1850	20	0.0	996749	3791	2052.61740145	1.85
1574142573.45	1850	24	0.0	801058	4083	4716.21831752	1.85
1574142574.74	1850	28	0.0	905515	1177	6765.07537688	1.85
1574142577.95	4300	32	0.0	2290172	3103	6714.93848858	1.8499999999999996
1574142580.82	4300	36	0.0	2055469	2757	6027.76473744	4.3
1574142583.48	4300	40	0.0	2169201	2556	6861.65545481	4.3
1574142586.3	4300	44	0.0	2173522	2727	7027.5974026	4.3
1574142589.25	4300	48	0.0	2102452	2851	5766.75718165	4.3
1574142593.41	4300	52	0.0	2209463	4056	3576.63745233	4.3
1574142599.69	4300	56	0.0	2275376	6174	4740.79721194	4.3
