1576475308.49	750	4	2.392	2354772	2284	2817.63213289	-10.2856
1576475311.86	4300	8	0.0	2123065	3239	6665.12439876	0.75
1576475319.25	4300	12	0.0	2177073	7258	2931.32554008	4.3
1576475324.43	4300	16.0	0.0	2160877	4872	2795.15831549	4.3
1576475327.58	4300	20	0.0	2233056	3013	4095.27533306	4.3
1576475330.35	4300	24	0.0	1941625	2635	5913.50658577	4.3
1576475333.43	4300	28	0.0	2157535	2937	5885.99071624	4.3
1576475336.36	4300	32	0.0	2290172	2778	6030.51101993	4.3
1576475339.52	4300	36	0.0	2055469	3029	5716.48973154	4.3
1576475344.44	4300	40	0.0	2169201	4773	4230.95246075	4.3
1576475350.11	4300	44	0.0	2173522	5532	3280.40829676	4.3
1576475353.43	4300	48	0.0	2102452	3182	3659.49275529	4.3
1576475357.94	4300	52	0.0	2209463	4375	4493.48845822	4.3
1576475365.88	4300	56	0.0	2275376	7801	2614.86208077	4.3
