1576475225.16	750	4	2.393	2354772	2287	2870.62009775	-10.2899
1576475228.53	4300	8	0.0	2123065	3245	6652.9287651	0.75
1576475235.98	4300	12	0.0	2177073	7319	2905.7840973	4.3
1576475241.22	4300	16.0	0.0	2160877	4925	2772.29248742	4.3
1576475244.35	4300	20	0.0	2233056	2998	4070.22782877	4.3
1576475247.15	4300	24	0.0	1941625	2665	5898.89498711	4.3
1576475250.1	4300	28	0.0	2157535	2820	5941.52774432	4.3
1576475253.01	4300	32	0.0	2290172	2780	6221.10258754	4.3
1576475256.15	4300	36	0.0	2055469	3013	6022.31330061	4.3
1576475261.33	4300	40	0.0	2169201	5015	4087.26169722	4.3
1576475267.11	4300	44	0.0	2173522	5637	3186.79029582	4.3
1576475270.43	4300	48	0.0	2102452	3196	3611.47717119	4.3
1576475274.96	4300	52	0.0	2209463	4397	4469.91093483	4.3
1576475283.03	4300	56	0.0	2275376	7930	2571.47890799	4.3
