1576475641.73	750	4	2.395	2354772	2286	2854.43352439	-10.2985
1576475645.11	4300	8	0.0	2123065	3241	6659.34957882	0.75
1576475652.38	4300	12	0.0	2177073	7105	2555.93057102	4.3
1576475657.72	4300	16.0	0.0	2160877	5160	2775.36758823	4.3
1576475660.92	4300	20	0.0	2233056	3056	3930.71705675	4.3
1576475663.71	4300	24	0.0	1941625	2656	5845.30791987	4.3
1576475666.41	4300	28	0.0	2157535	2574	6019.65013719	4.3
1576475669.9	4300	32	0.0	2290172	3352	6037.29373072	4.3
1576475673.01	4300	36	0.0	2055469	2967	5483.2137781	4.3
1576475678.38	4300	40	0.0	2169201	5236	3978.80015548	4.3
1576475683.92	4300	44	0.0	2173522	5391	3250.98518489	4.3
1576475687.22	4300	48	0.0	2102452	3159	3727.98838665	4.3
1576475691.73	4300	52	0.0	2209463	4379	4504.71332768	4.3
1576475699.89	4300	56	0.0	2275376	8008	2550.30303234	4.3
