1576475725.02	750	4	2.391	2354772	2285	2888.16533525	-10.2813
1576475728.39	4300	8	0.0	2123065	3241	6661.05512576	0.75
1576475735.4	4300	12	0.0	2177073	6875	3086.23769585	4.3
1576475740.95	4300	16.0	0.0	2160877	5171	2825.73491733	4.3
1576475744.11	4300	20	0.0	2233056	3012	3937.52788805	4.3
1576475746.89	4300	24	0.0	1941625	2646	5903.31861706	4.3
1576475749.57	4300	28	0.0	2157535	2545	6050.85587393	4.3
1576475752.97	4300	32	0.0	2290172	3263	5873.2827511	4.3
1576475756.1	4300	36	0.0	2055469	3001	5547.13990546	4.3
1576475761.07	4300	40	0.0	2169201	4826	3798.37709286	4.3
1576475767.04	4300	44	0.0	2173522	5824	3144.50148521	4.3
1576475770.35	4300	48	0.0	2102452	3182	3539.87416743	4.3
1576475774.88	4300	52	0.0	2209463	4392	4481.74182955	4.3
1576475783.24	4300	56	0.0	2275376	8227	2483.3736724	4.3
