1576475558.43	750	4	2.396	2354772	2288	2892.77068574	-10.3028
1576475561.81	4300	8	0.0	2123065	3242	6654.76378975	0.75
1576475569.79	4300	12	0.0	2177073	7836	2716.01431521	4.3
1576475574.45	4300	16.0	0.0	2160877	4298	2782.12258064	4.3
1576475577.6	4300	20	0.0	2233056	3021	4457.6635916	4.3
1576475580.39	4300	24	0.0	1941625	2656	5883.5399838	4.3
1576475583.1	4300	28	0.0	2157535	2576	6018.81398496	4.3
1576475586.02	4300	32	0.0	2290172	2788	6639.2014046	4.3
1576475589.61	4300	36	0.0	2055469	3449	5580.72390178	4.3
1576475594.61	4300	40	0.0	2169201	4865	3957.19623954	4.3
1576475600.63	4300	44	0.0	2173522	5889	3110.23802893	4.3
1576475603.91	4300	48	0.0	2102452	3153	3522.02732016	4.3
1576475608.41	4300	52	0.0	2209463	4368	4516.05792439	4.3
1576475616.5	4300	56	0.0	2275376	7951	2569.29701952	4.3
