1576475391.79	750	4	2.395	2354772	2284	2791.76662515	-10.2985
1576475395.16	4300	8	0.0	2123065	3240	6663.94315764	0.75
1576475402.63	4300	12	0.0	2177073	7339	2899.54530205	4.3
1576475407.84	4300	16.0	0.0	2160877	4942	2764.94660973	4.3
1576475410.98	4300	20	0.0	2233056	3006	4058.5945468	4.3
1576475413.77	4300	24	0.0	1941625	2656	5899.51455649	4.3
1576475416.47	4300	28	0.0	2157535	2572	6020.69650408	4.3
1576475419.9	4300	32	0.0	2290172	3294	6098.72016747	4.3
1576475423.01	4300	36	0.0	2055469	2980	5540.1431709	4.3
1576475428.32	4300	40	0.0	2169201	5173	3552.79521431	4.3
1576475434.15	4300	44	0.0	2173522	5626	3162.63022736	4.3
1576475437.48	4300	48	0.0	2102452	3198	3615.53829825	4.3
1576475441.86	4300	52	0.0	2209463	4246	4574.01412132	4.3
1576475450.16	4300	56	0.0	2275376	8157	2524.91023519	4.3
