1576475475.14	750	4	2.394	2354772	2285	2871.32429281	-10.2942
1576475478.52	4300	8	0.0	2123065	3243	6658.6946749	0.75
1576475485.91	4300	12	0.0	2177073	7252	2932.46604134	4.3
1576475490.97	4300	16.0	0.0	2160877	4743	3098.27332569	4.3
1576475494.16	4300	20	0.0	2233056	3045	4160.02939515	4.3
1576475496.93	4300	24	0.0	1941625	2617	5879.89052095	4.3
1576475499.59	4300	28	0.0	2157535	2531	6109.4221432	4.3
1576475502.83	4300	32	0.0	2290172	3114	6339.38400801	4.3
1576475506.06	4300	36	0.0	2055469	3089	5597.7366453	4.3
1576475510.85	4300	40	0.0	2169201	4654	4272.81125694	4.3
1576475516.82	4300	44	0.0	2173522	5834	3174.86905357	4.3
1576475520.12	4300	48	0.0	2102452	3164	3540.46881957	4.3
1576475524.64	4300	52	0.0	2209463	4392	4492.64226928	4.3
1576475532.73	4300	56	0.0	2275376	7947	2566.99898666	4.3
