1576475058.79	750	4	2.48	2354772	2365	2623.32067989	-10.664
1576475062.23	4300	8	0.0	2123065	3312	6448.12420007	0.75
1576475071.53	4300	12	0.0	2177073	9167	2288.17991147	4.3
1576475074.74	4300	16.0	0.0	2160877	3076	2770.24692793	4.3
1576475077.84	4300	20	0.0	2233056	2972	5708.15202729	4.3
1576475080.66	4300	24	0.0	1941625	2690	5901.41658814	4.3
1576475083.64	4300	28	0.0	2157535	2850	5836.16331738	4.3
1576475086.56	4300	32	0.0	2290172	2787	6167.15277455	4.3
1576475089.65	4300	36	0.0	2055469	2936	6094.54995744	4.3
1576475094.62	4300	40	0.0	2169201	4828	4251.95355649	4.3
1576475100.43	4300	44	0.0	2173522	5686	3202.23173235	4.3
1576475103.76	4300	48	0.0	2102452	3193	3592.08497457	4.3
1576475108.26	4300	52	0.0	2209463	4369	4491.0077527	4.3
1576475116.17	4300	56	0.0	2275376	7774	2624.30343772	4.3
