1576475141.91	750	4	2.399	2354772	2286	2964.39811483	-10.3157
1576475145.29	4300	8	0.0	2123065	3246	6653.45228396	0.75
1576475152.74	4300	12	0.0	2177073	7318	2476.92616947	4.3
1576475157.81	4300	16.0	0.0	2160877	4582	2836.35301212	4.3
1576475160.96	4300	20	0.0	2233056	3012	4268.55635831	4.3
1576475163.73	4300	24	0.0	1941625	2648	5901.27432052	4.3
1576475166.42	4300	28	0.0	2157535	2546	6046.84104533	4.3
1576475169.8	4300	32	0.0	2290172	3251	6175.27015896	4.3
1576475172.92	4300	36	0.0	2055469	2995	5563.09080696	4.3
1576475177.88	4300	40	0.0	2169201	4825	4217.72514071	4.3
1576475183.78	4300	44	0.0	2173522	5724	3186.67500442	4.3
1576475187.12	4300	48	0.0	2102452	3209	3572.65719902	4.3
1576475191.63	4300	52	0.0	2209463	4373	4478.6807224	4.3
1576475199.44	4300	56	0.0	2275376	7682	2653.04056547	4.3
