1576474973.41	750	4	0.551	450283	458	1918.35824919	-2.3693
1576474975.84	4300	8	0.0	2123065	2202	4018.28401521	0.75
1576474979.75	4300	12	0.0	2177073	3777	5907.34219855	4.3
1576474988.8	4300	16.0	0.0	2160877	8924	2277.31946644	4.3
1576474992.27	4300	20	0.0	2233056	3343	2793.83282128	4.3
1576474994.75	4300	24	0.0	1941625	2350	5575.56167824	4.3
1576474997.89	4300	28	0.0	2157535	3006	5958.30317457	4.3
1576475001.1	4300	32	0.0	2290172	3078	5791.29449051	4.3
1576475004.0	4300	36	0.0	2055469	2753	5960.14740398	4.3
1576475007.42	4300	40	0.0	2169201	3292	5599.35337484	4.3
1576475013.61	4300	44	0.0	2173522	6049	3467.03165296	4.3
1576475018.04	4300	48	0.0	2102452	4282	3201.07515744	4.3
1576475021.9	4300	52	0.0	2209463	3731	4151.59231594	4.3
1576475026.46	4300	56	0.0	2275376	4395	4357.56313632	4.3
