1575689965.8	750	4	1.982	2354772	1864	10106.3175966	-8.5226
1575689967.42	4300	8	0.0	2123065	1489	10645.2272425	0.75
1575689969.08	4300	12	0.0	2177073	1520	10886.1740772	4.3
1575689970.58	4300	16.0	0.0	2160877	1363	11234.0491604	4.3
1575689972.02	4300	20	0.0	2233056	1308	11590.6871558	4.3
1575689973.24	4300	24	0.0	1941625	1090	12469.6767152	4.3
1575689974.58	4300	28	0.0	2157535	1192	13084.7199239	4.3
1575689975.93	4300	32	0.0	2290172	1220	13925.659149	4.3
1575689977.14	4300	36	0.0	2055469	1080	14480.6748928	4.3
1575689978.34	4300	40	0.0	2169201	1062	15011.7683977	4.3
1575689979.58	4300	44	0.0	2173522	1108	15299.1339252	4.3
1575689980.79	4300	48	0.0	2102452	1079	15544.041009	4.3
1575689981.95	4300	52	0.0	2209463	1027	15968.1184293	4.3
1575689983.69	4300	56	0.0	2275376	1601	14500.456514	4.3
