1575690068.4	750	4	1.191	2354772	1085	17362.3741935	-5.1213
1575690069.48	4300	8	0.0	2123065	940	17683.2271621	0.75
1575690070.69	4300	12	0.0	2177073	1060	17231.8911979	4.3
1575690072.2	4300	16.0	0.0	2160877	1379	15444.6285079	4.3
1575690073.51	4300	20	0.0	2233056	1181	15376.9796698	4.3
1575690074.47	4300	24	0.0	1941625	826	15453.0308824	4.3
1575690075.51	4300	28	0.0	2157535	906	15554.858915	4.3
1575690076.46	4300	32	0.0	2290172	810	16177.8251309	4.3
1575690077.32	4300	36	0.0	2055469	715	18768.8777856	4.3
1575690078.29	4300	40	0.0	2169201	831	20628.3261478	4.3
1575690079.33	4300	44	0.0	2173522	910	20666.3431433	4.3
1575690080.31	4300	48	0.0	2102452	841	20914.7349177	4.3
1575690081.3	4300	52	0.0	2209463	840	20635.7521411	4.3
1575690082.29	4300	56	0.0	2275376	857	20401.871331	4.3
