1575689861.78	750	4	1.194	2354772	1088	17314.5	-5.1342
1575689862.85	4300	8	0.0	2123065	941	17647.7602323	0.75
1575689864.04	4300	12	0.0	2177073	1057	17228.609134	4.3
1575689865.56	4300	16.0	0.0	2160877	1386	15407.7099297	4.3
1575689866.88	4300	20	0.0	2233056	1188	15328.4826421	4.3
1575689867.85	4300	24	0.0	1941625	828	15404.4965786	4.3
1575689868.88	4300	28	0.0	2157535	895	15526.8974536	4.3
1575689869.8	4300	32	0.0	2290172	796	16155.1331032	4.3
1575689870.65	4300	36	0.0	2055469	715	18799.3002875	4.3
1575689871.6	4300	40	0.0	2169201	808	20852.2706554	4.3
1575689872.64	4300	44	0.0	2173522	901	20953.2586321	4.3
1575689873.63	4300	48	0.0	2102452	853	21077.3649341	4.3
1575689874.59	4300	52	0.0	2209463	820	20828.8887636	4.3
1575689875.57	4300	56	0.0	2275376	837	20671.7369956	4.3
