1575690171.82	750	4	1.2	2354772	1092	17251.0769231	-5.16
1575690172.89	4300	8	0.0	2123065	935	17661.0611343	0.75
1575690174.07	4300	12	0.0	2177073	1053	17261.0673571	4.3
1575690175.59	4300	16.0	0.0	2160877	1383	15438.6681448	4.3
1575690176.91	4300	20	0.0	2233056	1182	15369.4819115	4.3
1575690177.87	4300	24	0.0	1941625	822	15468.2580686	4.3
1575690178.9	4300	28	0.0	2157535	899	15572.941208	4.3
1575690179.85	4300	32	0.0	2290172	813	16174.4306885	4.3
1575690180.71	4300	36	0.0	2055469	718	18791.4545162	4.3
1575690181.68	4300	40	0.0	2169201	839	20628.8238589	4.3
1575690182.73	4300	44	0.0	2173522	913	20626.0122906	4.3
1575690183.72	4300	48	0.0	2102452	847	20797.404533	4.3
1575690184.68	4300	52	0.0	2209463	835	20559.3942313	4.3
1575690185.68	4300	56	0.0	2275376	863	20315.3119472	4.3
