1575689654.28	750	4	0.273	450283	177	20351.7740113	-1.1739
1575689655.51	4300	8	0.0	2123065	992	17543.0943907	0.75
1575689656.61	4300	12	0.0	2177073	966	17759.9214177	4.3
1575689657.85	4300	16.0	0.0	2160877	1109	16952.4050314	4.3
1575689659.45	4300	20	0.0	2233056	1466	15112.4869556	4.3
1575689660.57	4300	24	0.0	1941625	983	15105.105183	4.3
1575689661.54	4300	28	0.0	2157535	841	15407.2340899	4.3
1575689662.62	4300	32	0.0	2290172	940	15571.8499644	4.3
1575689663.49	4300	36	0.0	2055469	743	16289.4585791	4.3
1575689664.35	4300	40	0.0	2169201	724	19661.5545469	4.3
1575689665.39	4300	44	0.0	2173522	908	20738.7343275	4.3
1575689666.42	4300	48	0.0	2102452	893	20344.9726112	4.3
1575689667.37	4300	52	0.0	2209463	815	20812.1983485	4.3
1575689668.39	4300	56	0.0	2275376	889	20526.3245009	4.3
