1575690377.5	750	4	0.259	450283	162	22236.1975309	-1.1137000000000001
1575690378.74	4300	8	0.0	2123065	1005	17482.4117073	0.75
1575690379.83	4300	12	0.0	2177073	963	17750.1296363	4.3
1575690381.08	4300	16.0	0.0	2160877	1108	16951.4897424	4.3
1575690382.68	4300	20	0.0	2233056	1467	15105.14067	4.3
1575690383.8	4300	24	0.0	1941625	982	15084.0796069	4.3
1575690384.77	4300	28	0.0	2157535	841	15414.4648747	4.3
1575690385.83	4300	32	0.0	2290172	912	15620.3413173	4.3
1575690386.71	4300	36	0.0	2055469	741	16350.4257937	4.3
1575690387.55	4300	40	0.0	2169201	707	19857.3635894	4.3
1575690388.59	4300	44	0.0	2173522	902	21002.1764717	4.3
1575690389.6	4300	48	0.0	2102452	883	20648.6761543	4.3
1575690390.55	4300	52	0.0	2209463	819	20963.3205271	4.3
1575690391.59	4300	56	0.0	2275376	898	20612.2345172	4.3
