1575690275.05	750	4	1.196	2354772	1088	17314.5	-5.1428
1575690276.14	4300	8	0.0	2123065	931	17730.7585382	0.75
1575690277.33	4300	12	0.0	2177073	1060	17260.5996889	4.3
1575690278.85	4300	16.0	0.0	2160877	1377	15468.5540808	4.3
1575690280.16	4300	20	0.0	2233056	1180	15398.4523176	4.3
1575690281.11	4300	24	0.0	1941625	827	15480.8118838	4.3
1575690282.15	4300	28	0.0	2157535	898	15579.2577548	4.3
1575690283.09	4300	32	0.0	2290172	799	16221.6596431	4.3
1575690283.94	4300	36	0.0	2055469	713	18839.5429477	4.3
1575690284.9	4300	40	0.0	2169201	818	20787.4775732	4.3
1575690285.94	4300	44	0.0	2173522	912	20817.3538632	4.3
1575690286.94	4300	48	0.0	2102452	860	20915.2551193	4.3
1575690287.9	4300	52	0.0	2209463	828	20648.0838872	4.3
1575690288.89	4300	56	0.0	2275376	850	20436.4435501	4.3
