1575690585.05	750	4	1.189	2354772	1086	17346.3867403	-5.1127
1575690586.13	4300	8	0.0	2123065	942	17657.483272	0.75
1575690587.34	4300	12	0.0	2177073	1063	17197.9172968	4.3
1575690588.85	4300	16.0	0.0	2160877	1377	15437.9737898	4.3
1575690590.16	4300	20	0.0	2233056	1181	15371.8094002	4.3
1575690591.12	4300	24	0.0	1941625	826	15449.7387396	4.3
1575690592.18	4300	28	0.0	2157535	919	15531.387243	4.3
1575690593.12	4300	32	0.0	2290172	812	16155.8946562	4.3
1575690593.97	4300	36	0.0	2055469	714	18712.1746465	4.3
1575690594.93	4300	40	0.0	2169201	831	20547.1077365	4.3
1575690595.98	4300	44	0.0	2173522	909	20592.0047926	4.3
1575690596.96	4300	48	0.0	2102452	841	20916.2743502	4.3
1575690597.94	4300	52	0.0	2209463	842	20635.8752383	4.3
1575690598.94	4300	56	0.0	2275376	858	20393.9122378	4.3
