1575689759.23	750	4	1.976	2354772	1864	10106.3175966	-8.496799999999999
1575689760.85	4300	8	0.0	2123065	1493	10634.2160616	0.75
1575689762.51	4300	12	0.0	2177073	1528	10861.9679062	4.3
1575689764.0	4300	16.0	0.0	2160877	1357	11221.4433449	4.3
1575689765.45	4300	20	0.0	2233056	1315	11571.7943591	4.3
1575689766.67	4300	24	0.0	1941625	1088	12446.2514814	4.3
1575689768.02	4300	28	0.0	2157535	1213	13032.5328824	4.3
1575689769.4	4300	32	0.0	2290172	1241	13844.8049899	4.3
1575689770.63	4300	36	0.0	2055469	1096	14332.1275899	4.3
1575689771.85	4300	40	0.0	2169201	1083	14815.4425846	4.3
1575689773.09	4300	44	0.0	2173522	1113	15074.0517809	4.3
1575689774.32	4300	48	0.0	2102452	1093	15331.120016	4.3
1575689775.52	4300	52	0.0	2209463	1065	15702.6416158	4.3
1575689777.31	4300	56	0.0	2275376	1651	14170.4259007	4.3
