1575690482.53	750	4	2.008	2354772	1885	9993.72732095	-8.6344
1575690484.18	4300	8	0.0	2123065	1515	10501.7811894	0.75
1575690485.84	4300	12	0.0	2177073	1520	10779.7865776	4.3
1575690487.33	4300	16.0	0.0	2160877	1363	11142.5221789	4.3
1575690488.78	4300	20	0.0	2233056	1316	11499.3457743	4.3
1575690490.02	4300	24	0.0	1941625	1102	12384.0791155	4.3
1575690491.38	4300	28	0.0	2157535	1220	13003.4976772	4.3
1575690492.76	4300	32	0.0	2290172	1250	13765.4423822	4.3
1575690493.98	4300	36	0.0	2055469	1089	14273.0276185	4.3
1575690495.2	4300	40	0.0	2169201	1086	14744.2073904	4.3
1575690496.45	4300	44	0.0	2173522	1118	15028.1019832	4.3
1575690497.67	4300	48	0.0	2102452	1083	15330.4399937	4.3
1575690498.87	4300	52	0.0	2209463	1064	15734.023832	4.3
1575690500.68	4300	56	0.0	2275376	1674	14091.1462484	4.3
