1575814215.01	750	4	2.394	2354772	2287	8237.06864889	-10.294199999999998
1575814218.41	4300	8	0.0	2123065	3253	6729.12762294	0.75
1575814225.02	4300	12	0.0	2177073	6469	5383.52332589	4.3
1575814230.68	4300	16.0	0.0	2160877	5521	4820.42713488	4.3
1575814233.86	4300	20	0.0	2233056	3054	4223.54111215	4.3
1575814236.58	4300	24	0.0	1941625	2587	4419.30747025	4.3
1575814239.24	4300	28	0.0	2157535	2509	5466.06537558	4.3
1575814242.25	4300	32	0.0	2290172	2880	6273.67795734	4.3
1575814245.29	4300	36	0.0	2055469	2903	6227.39671451	4.3
1575814249.7	4300	40	0.0	2169201	4270	5742.35291091	4.3
1575814255.66	4300	44	0.0	2173522	5826	4768.66187704	4.3
1575814258.86	4300	48	0.0	2102452	3058	4553.31501453	4.3
1575814263.26	4300	52	0.0	2209463	4283	4168.95128411	4.3
1575814270.24	4300	56	0.0	2275376	6839	3818.34398269	4.3
