1575814006.53	750	4	0.521	450283	432	8338.57407407	-2.2402999999999995
1575814008.98	4300	8	0.0	2123065	2204	8022.39955972	0.75
1575814012.95	4300	12	0.0	2177073	3834	6862.48859537	4.3
1575814021.77	4300	16.0	0.0	2160877	8699	5643.67688451	4.3
1575814024.98	4300	20	0.0	2233056	3068	5014.74131905	4.3
1575814027.57	4300	24	0.0	1941625	2447	4675.12825346	4.3
1575814030.68	4300	28	0.0	2157535	2980	4987.47165391	4.3
1575814033.59	4300	32	0.0	2290172	2781	6137.67452049	4.3
1575814036.18	4300	36	0.0	2055469	2447	6361.95757683	4.3
1575814039.52	4300	40	0.0	2169201	3205	6128.6499505	4.3
1575814044.54	4300	44	0.0	2173522	4887	5570.1516493	4.3
1575814049.85	4300	48	0.0	2102452	5134	4742.16911996	4.3
1575814053.29	4300	52	0.0	2209463	3308	4398.00821938	4.3
1575814057.9	4300	56	0.0	2275376	4476	4061.07327552	4.3
