1575814524.98	750	4	2.393	2354772	2287	8237.06864889	-10.2899
1575814528.36	4300	8	0.0	2123065	3246	6734.75736819	0.75
1575814534.99	4300	12	0.0	2177073	6497	5383.40881649	4.3
1575814540.65	4300	16.0	0.0	2160877	5506	4822.47379363	4.3
1575814543.84	4300	20	0.0	2233056	3058	4223.67491133	4.3
1575814546.56	4300	24	0.0	1941625	2594	4412.57572561	4.3
1575814549.19	4300	28	0.0	2157535	2498	5469.80772528	4.3
1575814552.21	4300	32	0.0	2290172	2879	6275.84017931	4.3
1575814555.25	4300	36	0.0	2055469	2902	6231.95976983	4.3
1575814559.66	4300	40	0.0	2169201	4271	5750.72874952	4.3
1575814565.63	4300	44	0.0	2173522	5828	4769.20832055	4.3
1575814568.82	4300	48	0.0	2102452	3057	4553.75884881	4.3
1575814573.25	4300	52	0.0	2209463	4286	4168.18497745	4.3
1575814580.26	4300	56	0.0	2275376	6881	3813.75404671	4.3
