1575814318.36	750	4	2.382	2354772	2286	8240.67191601	-10.2426
1575814321.74	4300	8	0.0	2123065	3246	6736.55900175	0.75
1575814328.37	4300	12	0.0	2177073	6485	5386.26339001	4.3
1575814334.01	4300	16.0	0.0	2160877	5503	4825.04262701	4.3
1575814337.19	4300	20	0.0	2233056	3045	4231.57809628	4.3
1575814339.9	4300	24	0.0	1941625	2581	4428.01907344	4.3
1575814342.53	4300	28	0.0	2157535	2488	5490.9539257	4.3
1575814345.56	4300	32	0.0	2290172	2885	6293.24974241	4.3
1575814348.57	4300	36	0.0	2055469	2879	6254.4511222	4.3
1575814353.0	4300	40	0.0	2169201	4301	5758.59474035	4.3
1575814358.99	4300	44	0.0	2173522	5851	4767.19928963	4.3
1575814362.19	4300	48	0.0	2102452	3061	4553.26109995	4.3
1575814366.61	4300	52	0.0	2209463	4281	4157.57444521	4.3
1575814373.6	4300	56	0.0	2275376	6857	3812.54348772	4.3
