1575814938.28	750	4	2.39	2354772	2289	8229.87155963	-10.277
1575814941.66	4300	8	0.0	2123065	3244	6732.77178475	0.75
1575814948.22	4300	12	0.0	2177073	6430	5391.39601617	4.3
1575814953.94	4300	16.0	0.0	2160877	5583	4817.63871909	4.3
1575814957.12	4300	20	0.0	2233056	3037	4230.7378361	4.3
1575814959.83	4300	24	0.0	1941625	2577	4428.70768773	4.3
1575814962.46	4300	28	0.0	2157535	2478	5492.89846467	4.3
1575814965.49	4300	32	0.0	2290172	2884	6306.99815853	4.3
1575814968.48	4300	36	0.0	2055469	2862	6272.81759466	4.3
1575814972.95	4300	40	0.0	2169201	4324	5769.26045287	4.3
1575814978.92	4300	44	0.0	2173522	5842	4772.01057604	4.3
1575814982.13	4300	48	0.0	2102452	3054	4560.67051771	4.3
1575814986.54	4300	52	0.0	2209463	4282	4156.26118816	4.3
1575814993.52	4300	56	0.0	2275376	6839	3818.34237818	4.3
