1575814111.67	750	4	2.371	2354772	2271	8295.10171731	-10.1953
1575814115.08	4300	8	0.0	2123065	3256	6755.73881934	0.75
1575814121.7	4300	12	0.0	2177073	6475	5400.43252049	4.3
1575814127.36	4300	16.0	0.0	2160877	5521	4833.10903083	4.3
1575814130.54	4300	20	0.0	2233056	3045	4226.03704978	4.3
1575814133.25	4300	24	0.0	1941625	2576	4429.41589552	4.3
1575814135.87	4300	28	0.0	2157535	2478	5498.31281152	4.3
1575814138.88	4300	32	0.0	2290172	2882	6304.8217172	4.3
1575814141.87	4300	36	0.0	2055469	2850	6280.55265489	4.3
1575814146.36	4300	40	0.0	2169201	4360	5768.12615908	4.3
1575814152.33	4300	44	0.0	2173522	5840	4771.1311117	4.3
1575814155.52	4300	48	0.0	2102452	3045	4562.75841941	4.3
1575814159.94	4300	52	0.0	2209463	4278	4153.26606243	4.3
1575814166.84	4300	56	0.0	2275376	6774	3830.01660255	4.3
