1575814628.26	750	4	2.379	2354772	2271	8295.10171731	-10.2297
1575814631.65	4300	8	0.0	2123065	3245	6764.58013446	0.75
1575814638.21	4300	12	0.0	2177073	6429	5412.74202151	4.3
1575814643.94	4300	16.0	0.0	2160877	5584	4833.50959636	4.3
1575814647.11	4300	20	0.0	2233056	3036	4230.78555044	4.3
1575814649.81	4300	24	0.0	1941625	2573	4431.5013828	4.3
1575814652.46	4300	28	0.0	2157535	2516	5469.28660321	4.3
1575814655.48	4300	32	0.0	2290172	2886	6282.42430607	4.3
1575814658.5	4300	36	0.0	2055469	2875	6241.26440094	4.3
1575814662.94	4300	40	0.0	2169201	4310	5738.62372185	4.3
1575814668.91	4300	44	0.0	2173522	5842	4767.67407239	4.3
1575814672.1	4300	48	0.0	2102452	3051	4558.78846793	4.3
1575814676.51	4300	52	0.0	2209463	4277	4162.08052953	4.3
1575814683.42	4300	56	0.0	2275376	6775	3827.18845053	4.3
