1575814421.68	750	4	2.38	2354772	2270	8298.75594714	-10.234
1575814425.08	4300	8	0.0	2123065	3251	6761.57729685	0.75
1575814431.7	4300	12	0.0	2177073	6476	5404.18638814	4.3
1575814437.37	4300	16.0	0.0	2160877	5521	4835.92443157	4.3
1575814440.56	4300	20	0.0	2233056	3052	4224.57489433	4.3
1575814443.29	4300	24	0.0	1941625	2596	4414.33424655	4.3
1575814445.92	4300	28	0.0	2157535	2500	5468.01110387	4.3
1575814448.94	4300	32	0.0	2290172	2879	6276.1760987	4.3
1575814451.98	4300	36	0.0	2055469	2903	6228.93654582	4.3
1575814456.39	4300	40	0.0	2169201	4271	5748.8588478	4.3
1575814462.36	4300	44	0.0	2173522	5834	4767.95323381	4.3
1575814465.56	4300	48	0.0	2102452	3060	4551.15523251	4.3
1575814470.0	4300	52	0.0	2209463	4299	4162.95159079	4.3
1575814477.03	4300	56	0.0	2275376	6895	3807.17781664	4.3
