1575814731.56	750	4	2.397	2354772	2285	8244.27833698	-10.3071
1575814734.94	4300	8	0.0	2123065	3244	6739.97517342	0.75
1575814741.56	4300	12	0.0	2177073	6461	5391.86623283	4.3
1575814747.19	4300	16.0	0.0	2160877	5468	4834.27165707	4.3
1575814750.39	4300	20	0.0	2233056	3055	4235.10452781	4.3
1575814753.1	4300	24	0.0	1941625	2579	4431.90579638	4.3
1575814755.74	4300	28	0.0	2157535	2478	5499.34560516	4.3
1575814758.76	4300	32	0.0	2290172	2886	6296.06440581	4.3
1575814761.76	4300	36	0.0	2055469	2863	6270.04668711	4.3
1575814766.21	4300	40	0.0	2169201	4325	5767.4261444	4.3
1575814772.21	4300	44	0.0	2173522	5856	4768.39733514	4.3
1575814775.39	4300	48	0.0	2102452	3036	4566.3210448	4.3
1575814779.79	4300	52	0.0	2209463	4276	4163.86147221	4.3
1575814786.7	4300	56	0.0	2275376	6775	3832.46045607	4.3
