1575814834.92	750	4	2.389	2354772	2287	8237.06864889	-10.272699999999999
1575814838.31	4300	8	0.0	2123065	3247	6733.95163273	0.75
1575814844.92	4300	12	0.0	2177073	6468	5386.87808292	4.3
1575814850.59	4300	16.0	0.0	2160877	5521	4822.94320265	4.3
1575814853.76	4300	20	0.0	2233056	3045	4230.37948871	4.3
1575814856.49	4300	24	0.0	1941625	2591	4421.41649261	4.3
1575814859.14	4300	28	0.0	2157535	2520	5460.56311187	4.3
1575814862.16	4300	32	0.0	2290172	2879	6268.72810669	4.3
1575814865.19	4300	36	0.0	2055469	2903	6218.12455508	4.3
1575814869.6	4300	40	0.0	2169201	4270	5735.39810078	4.3
1575814875.57	4300	44	0.0	2173522	5827	4769.08624042	4.3
1575814878.76	4300	48	0.0	2102452	3056	4554.08686691	4.3
1575814883.19	4300	52	0.0	2209463	4289	4168.2798124	4.3
1575814890.2	4300	56	0.0	2275376	6888	3812.93888972	4.3
