1577338988.87	750	4	5.059	181801	3534	411.547255235	-21.753700000000002
1577338990.88	300	5.985235	0.0	155580	1854	541.437058038	-0.15000000000000002
1577338993.22	300	7.643727	0.0	139857	1766	572.142636654	0.3
1577338994.85	300	10.009071	0.0	155432	1448	643.792060363	0.3
1577338996.34	300	12.523337	0.0	163442	1374	778.812087894	0.3
1577338997.51	300	15.348501	0.0	126289	1063	848.589027434	0.3
1577339000.67	750	16.194559	0.0	352642	2923	931.488297061	0.3
1577339004.98	750	15.878527	0.0	437162	4206	924.67863026	0.75
1577339008.72	750	16.14179	0.0	374758	3615	894.106782005	0.75
1577339011.97	750	16.892515	0.0	362795	3136	887.872489499	0.75
1577339015.82	750	17.041001	0.0	353220	3739	835.522990177	0.75
1577339020.08	750	16.78284	0.0	405134	4133	823.695965104	0.75
1577339023.78	750	17.08587	0.0	386351	3580	832.199519505	0.75
1577339027.57	750	17.29196	0.0	434409	3683	836.72469568	0.75
1577339030.64	750	18.221087	0.0	337059	2956	875.837221154	0.75
1577339034.19	750	18.670064	0.0	366214	3434	893.075958868	0.75
1577339037.83	750	19.027569	0.0	360831	3529	881.732169103	0.75
1577339041.55	750	19.309763	0.0	372963	3592	853.495770995	0.75
1577339047.15	750	17.712866	0.0	405596	5484	773.36479334	0.75
1577339050.33	750	18.530391	0.0	350713	3043	790.582429662	0.75
1577339054.18	750	18.676855	0.0	386472	3739	792.812464665	0.75
1577339058.38	750	18.48214	0.0	399894	4084	780.983800357	0.75
1577339062.13	750	18.73236	0.0	401853	3630	854.470645334	0.75
1577339065.07	750	19.794011	0.0	343800	2828	867.105908588	0.75
1577339068.24	750	20.620506	0.0	359903	3054	896.073977683	0.75
1577339071.77	750	21.094586	0.0	379700	3407	923.133543358	0.75
1577339076.71	750	20.14824	0.0	425781	4829	878.070274095	0.75
1577339079.46	750	21.398992	0.0	277716	2634	845.80040526	0.75
1577339083.62	750	21.239162	0.0	400396	4039	808.372460498	0.75
1577339088.22	750	20.637756	0.0	400508	4477	764.396444282	0.75
1577339091.34	750	21.525547	0.0	358218	3002	826.706000043	0.75
1577339095.49	750	21.373177	0.0	400322	4042	813.916988537	0.75
1577339099.23	750	21.629257	0.0	369834	3621	819.923819614	0.75
1577339103.28	750	21.58007	0.0	412837	3928	851.207932643	0.75
1577339107.64	750	21.223215	0.0	401088	4234	802.015591968	0.75
1577339111.47	750	21.396026	0.0	365161	3708	800.892912198	0.75
1577339114.39	750	22.471726	0.0	321064	2805	825.543802208	0.75
1577339117.53	750	23.332345	0.0	361565	3030	853.998429392	0.75
1577339120.71	750	24.152255	0.0	378327	3060	911.810421019	0.75
1577339124.96	750	23.906224	0.0	390680	4129	904.089056257	0.75
1577339128.9	750	23.96341	0.0	345516	3833	855.45131245	0.75
1577339132.74	750	24.12018	0.0	384505	3730	822.963447577	0.75
1577339136.44	750	24.420901	0.0	372093	3586	783.216275022	0.75
1577339140.63	750	24.23174	0.0	438281	4074	809.13921088	0.75
1577339144.83	750	24.032118	0.0	398987	4079	824.48412777	0.75
1577339149.94	750	22.92535	0.0	393804	4996	775.96294514	0.75
1577339161.8	1850	15.060877	0.0	830730	11646	711.101144153	0.75
1577339165.24	750	15.625318	0.0	314107	3312	685.619244976	-0.3500000000000001
1577339168.32	750	14.226375	0.0	255954	2970	662.349029707	0.75

