1577337635.31	750	4	4.855	181801	3612	402.660022148	-20.8765
1577337637.11	300	6.203882	0.0	155580	1615	586.667472375	-0.15000000000000002
1577337639.37	300	7.94008	0.0	139857	1925	584.852946951	0.3
1577337641.54	300	9.777333	0.0	155432	1648	627.270778174	0.3
1577337643.06	300	12.255113	0.0	163442	1411	758.274092977	0.3
1577337644.23	300	15.082394	0.0	126289	1061	803.661912751	0.3
1577337647.39	750	15.92631	0.0	352642	2924	899.561137084	0.3
1577337651.73	750	15.585596	0.0	437162	4219	918.164958907	0.75
1577337655.45	750	15.861014	0.0	374758	3603	894.522172844	0.75
1577337658.7	750	16.611845	0.0	362795	3136	887.839984665	0.75
1577337662.57	750	16.748409	0.0	353220	3748	835.119311386	0.75
1577337666.82	750	16.494985	0.0	405134	4129	824.122735964	0.75
1577337670.51	750	16.805652	0.0	386351	3573	832.358606669	0.75
1577337674.3	750	17.011358	0.0	434409	3686	836.691786475	0.75
1577337677.37	750	17.93913	0.0	337059	2957	876.180883309	0.75
1577337680.93	750	18.382631	0.0	366214	3442	892.733969296	0.75
1577337684.57	750	18.740172	0.0	360831	3528	881.025285402	0.75
1577337688.36	750	18.951431	0.0	372963	3634	850.580814347	0.75
1577337694.13	750	17.178587	0.0	405596	5636	766.537639559	0.75
1577337697.29	750	18.02037	0.0	350713	3043	784.251004245	0.75
1577337701.21	750	18.102576	0.0	386472	3805	782.837310752	0.75
1577337705.39	750	17.924961	0.0	399894	4054	774.857910204	0.75
1577337709.12	750	18.188791	0.0	401853	3615	853.252774282	0.75
1577337712.07	750	19.239314	0.0	343800	2829	865.802091962	0.75
1577337715.27	750	20.038715	0.0	359903	3082	896.214654244	0.75
1577337718.8	750	20.514559	0.0	379700	3407	921.825025474	0.75
1577337723.85	750	19.466442	0.0	425781	4919	872.616607948	0.75
1577337726.5	750	20.80928	0.0	277716	2542	848.064492188	0.75
1577337730.77	750	20.546255	0.0	400396	4154	807.289021715	0.75
1577337735.22	750	20.089475	0.0	400508	4347	768.663671087	0.75
1577337738.35	750	20.965649	0.0	358218	3004	834.040785399	0.75
1577337742.58	750	20.727744	0.0	400322	4127	809.540272284	0.75
1577337746.26	750	21.052953	0.0	369834	3566	824.186474811	0.75
1577337750.36	750	20.952143	0.0	412837	3980	847.373562654	0.75
1577337754.7	750	20.610471	0.0	401088	4218	799.058786528	0.75
1577337758.53	750	20.782897	0.0	365161	3708	802.015800864	0.75
1577337761.39	750	21.926341	0.0	321064	2738	829.117949351	0.75
1577337764.51	750	22.806638	0.0	361565	3008	862.064431095	0.75
1577337767.68	750	23.630231	0.0	378327	3059	919.23858269	0.75
1577337772.07	750	23.239331	0.0	390680	4283	904.712988667	0.75
1577337775.93	750	23.380206	0.0	345516	3734	855.253328106	0.75
1577337779.77	750	23.539282	0.0	384505	3729	821.075256258	0.75
1577337783.47	750	23.840128	0.0	372093	3587	781.189394405	0.75
1577337787.65	750	23.66622	0.0	438281	4061	814.605325965	0.75
1577337791.91	750	23.406431	0.0	398987	4140	822.287859104	0.75
1577337797.15	750	22.165038	0.0	393804	5131	769.563572867	0.75
1577337808.82	1850	14.490525	0.0	830730	11431	707.442915053	0.75
1577337812.31	750	15.005052	0.0	314107	3367	678.173853919	-0.3500000000000001
1577337815.5	750	13.497599	0.0	255954	3076	651.846536932	0.75

