1577337187.63	750	4	8.132	450283	6835	527.032040966	-34.9676
1577337189.75	300	5.88735	0.0	155580	1792	610.792806197	-0.15000000000000002
1577337191.79	300	7.8472	0.0	139857	1475	660.044017691	0.3
1577337193.21	300	10.429303	0.0	155432	1304	733.425651305	0.3
1577337194.67	300	12.96373	0.0	163442	1348	844.163190025	0.3
1577337195.83	300	15.809178	0.0	126289	1048	911.534339152	0.3
1577337199.18	750	16.455746	0.0	352642	3240	939.577975897	0.3
1577337203.68	750	15.95787	0.0	437162	4377	900.939507382	0.75
1577337207.04	750	16.595234	0.0	374758	3249	889.135248048	0.75
1577337210.89	750	16.748832	0.0	362795	3733	842.497524976	0.75
1577337214.63	750	17.001944	0.0	353220	3639	818.947533627	0.75
1577337218.63	750	16.999709	0.0	405134	3887	827.649242674	0.75
1577337222.0	750	17.630578	0.0	386351	3256	834.274292113	0.75
1577337225.91	750	17.725173	0.0	434409	3794	868.900364608	0.75
1577337229.13	750	18.50303	0.0	337059	3108	891.667792441	0.75
1577337232.85	750	18.787976	0.0	366214	3600	886.664136094	0.75
1577337236.58	750	19.054536	0.0	360831	3623	848.536866859	0.75
1577337241.48	750	18.159453	0.0	372963	4784	775.459962074	0.75
1577337245.6	750	18.033824	0.0	405596	4003	761.208294164	0.75
1577337249.0	750	18.636233	0.0	350713	3295	770.631944476	0.75
1577337253.2	750	18.439202	0.0	386472	4070	761.355405357	0.75
1577337256.93	750	18.707562	0.0	399894	3612	826.859667904	0.75
1577337260.42	750	19.214224	0.0	401853	3373	862.489964305	0.75
1577337263.44	750	20.194747	0.0	343800	2900	886.717540046	0.75
1577337266.78	750	20.853541	0.0	359903	3224	920.069897671	0.75
1577337271.06	750	20.580075	0.0	379700	4154	881.456396215	0.75
1577337275.41	750	20.222946	0.0	425781	4241	843.972821888	0.75
1577337278.19	750	21.447736	0.0	277716	2667	815.130340991	0.75
1577337283.09	750	20.547006	0.0	400396	4775	759.570583544	0.75
1577337286.56	750	21.078958	0.0	400508	3355	815.511741941	0.75
1577337290.2	750	21.434926	0.0	358218	3524	818.020934005	0.75
1577337294.32	750	21.317833	0.0	400322	4007	809.571296798	0.75
1577337297.85	750	21.789562	0.0	369834	3407	858.968602069	0.75
1577337302.33	750	21.308893	0.0	412837	4358	809.677375628	0.75
1577337306.54	750	21.099331	0.0	401088	4101	801.980420399	0.75
1577337309.91	750	21.725688	0.0	365161	3257	826.400591609	0.75
1577337312.7	750	22.930592	0.0	321064	2685	848.451972952	0.75
1577337315.74	750	23.899462	0.0	361565	2919	906.722393317	0.75
1577337325.56	1850	18.078285	0.0	908665	9600	900.422627254	0.75
1577337334.6	1850	13.037139	0.0	930577	8917	884.910874667	1.85
1577337337.93	750	13.707011	0.0	345516	3216	860.63019149	-0.3500000000000001
1577337342.22	750	13.414765	0.0	384505	4181	796.82777335	0.75
1577337347.66	750	11.976592	0.0	372093	5326	747.249564642	0.75
1577337355.07	750	8.561284	0.0	438281	7268	659.135484532	0.75
1577337356.67	300	10.962697	0.0	167025	1485	669.211845153	-0.15000000000000002
1577337358.31	300	13.3246	0.0	160064	1523	695.477829706	0.3
1577337361.96	750	13.675889	0.0	331053	3539	742.839273145	0.3
1577337366.19	750	13.442878	0.0	314107	4121	774.675730158	0.75
1577337369.16	750	12.157224	0.0	255954	2848	729.469212737	0.75

