1577337861.28	750	4	5.183	181801	3687	394.469216165	-22.2869
1577337863.34	300	5.930432	0.0	155580	1909	523.2272744	-0.15000000000000002
1577337865.7	300	7.575517	0.0	139857	1750	561.933611505	0.3
1577337867.23	300	10.040567	0.0	155432	1386	645.738808917	0.3
1577337868.72	300	12.554418	0.0	163442	1375	784.855323058	0.3
1577337869.89	300	15.381909	0.0	126289	1061	859.915540323	0.3
1577337873.05	750	16.227266	0.0	352642	2924	941.284167253	0.3
1577337877.41	750	15.866044	0.0	437162	4241	923.15543492	0.75
1577337881.12	750	16.159438	0.0	374758	3584	894.549964952	0.75
1577337884.37	750	16.909251	0.0	362795	3136	887.867776773	0.75
1577337888.25	750	17.026218	0.0	353220	3770	834.047193799	0.75
1577337892.48	750	16.79472	0.0	405134	4121	824.506593012	0.75
1577337896.16	750	17.118287	0.0	386351	3558	832.55137577	0.75
1577337899.95	750	17.320459	0.0	434409	3687	836.820626218	0.75
1577337903.02	750	18.249413	0.0	337059	2957	877.409632748	0.75
1577337906.59	750	18.679699	0.0	366214	3449	893.14989008	0.75
1577337910.23	750	19.043266	0.0	360831	3523	880.819790614	0.75
1577337913.98	750	19.296704	0.0	372963	3594	852.72375722	0.75
1577337919.61	750	17.664152	0.0	405596	5507	772.052114605	0.75
1577337922.79	750	18.483056	0.0	350713	3069	788.244561431	0.75
1577337926.69	750	18.581494	0.0	386472	3786	787.560008529	0.75
1577337930.86	750	18.413349	0.0	399894	4043	777.832859604	0.75
1577337934.61	750	18.669756	0.0	401853	3625	852.242880305	0.75
1577337937.55	750	19.723897	0.0	343800	2827	866.916943645	0.75
1577337940.73	750	20.542501	0.0	359903	3073	896.99406543	0.75
1577337944.26	750	21.015603	0.0	379700	3408	922.002273554	0.75
1577337949.27	750	20.003492	0.0	425781	4895	874.255952818	0.75
1577337951.96	750	21.314429	0.0	277716	2572	846.983261854	0.75
1577337956.2	750	21.075136	0.0	400396	4118	807.209050487	0.75
1577337960.7	750	20.573858	0.0	400508	4375	767.469783418	0.75
1577337963.81	750	21.461825	0.0	358218	3003	832.077530727	0.75
1577337968.02	750	21.250478	0.0	400322	4101	811.355594	0.75
1577337971.73	750	21.544349	0.0	369834	3583	823.332385272	0.75
1577337975.81	750	21.460202	0.0	412837	3965	848.48361914	0.75
1577337980.16	750	21.112594	0.0	401088	4225	799.774334578	0.75
1577337983.99	750	21.287001	0.0	365161	3709	801.448292932	0.75
1577337986.86	750	22.410607	0.0	321064	2756	828.002855742	0.75
1577337990.06	750	23.215674	0.0	361565	3083	854.316256284	0.75
1577337993.34	750	23.931664	0.0	378327	3167	903.370333407	0.75
1577337997.87	750	23.408633	0.0	390680	4405	883.845217795	0.75
1577338001.68	750	23.597637	0.0	345516	3684	838.429021921	0.75
1577338005.52	750	23.758474	0.0	384505	3726	810.265246893	0.75
1577338009.21	750	24.059766	0.0	372093	3586	778.872404222	0.75
1577338013.38	750	23.89368	0.0	438281	4053	817.767012636	0.75
1577338017.66	750	23.61576	0.0	398987	4168	821.642960606	0.75
1577338022.98	750	22.295611	0.0	393804	5195	766.861584463	0.75
1577338034.57	1850	14.708168	0.0	830730	11349	705.733247386	0.75
1577338038.06	750	15.220108	0.0	314107	3367	676.038133836	-0.3500000000000001
1577338041.29	750	13.664482	0.0	255954	3125	648.396198634	0.75

