1577337409.76	750	4	4.866	181801	3625	401.216	-20.9238
1577337411.81	300	5.945854	0.0	155580	1896	528.835848101	-0.15000000000000002
1577337414.21	300	7.549134	0.0	139857	1850	554.152907743	0.3
1577337415.81	300	9.95183	0.0	155432	1448	630.29976368	0.3
1577337417.29	300	12.466794	0.0	163442	1374	767.902605019	0.3
1577337418.47	300	15.290128	0.0	126289	1065	840.951122283	0.3
1577337421.61	750	16.147226	0.0	352642	2924	930.959563885	0.3
1577337425.91	750	15.849892	0.0	437162	4177	925.593130761	0.75
1577337429.67	750	16.089308	0.0	374758	3639	893.653862931	0.75
1577337432.92	750	16.838402	0.0	362795	3136	887.865783861	0.75
1577337436.74	750	17.016624	0.0	353220	3709	837.127018504	0.75
1577337441.01	750	16.748191	0.0	405134	4143	823.383555817	0.75
1577337444.73	750	17.028173	0.0	386351	3605	831.757729881	0.75
1577337448.52	750	17.23648	0.0	434409	3680	836.475215462	0.75
1577337451.59	750	18.16946	0.0	337059	2956	874.05952671	0.75
1577337455.12	750	18.632743	0.0	366214	3420	892.644573566	0.75
1577337458.77	750	18.987325	0.0	360831	3532	882.623890546	0.75
1577337462.54	750	19.213123	0.0	372963	3620	852.588948797	0.75
1577337468.27	750	17.491016	0.0	405596	5606	769.238882393	0.75
1577337471.42	750	18.336132	0.0	350713	3044	785.507689211	0.75
1577337475.32	750	18.43501	0.0	386472	3751	787.250074405	0.75
1577337479.51	750	18.250428	0.0	399894	4075	777.460162193	0.75
1577337483.25	750	18.505009	0.0	401853	3626	854.410339284	0.75
1577337486.19	750	19.568448	0.0	343800	2829	867.035381263	0.75
1577337489.37	750	20.391327	0.0	359903	3058	896.356496592	0.75
1577337492.89	750	20.865273	0.0	379700	3407	922.983544405	0.75
1577337497.85	750	19.90336	0.0	425781	4843	877.1662637	0.75
1577337500.59	750	21.164918	0.0	277716	2619	846.19007331	0.75
1577337504.77	750	20.988553	0.0	400396	4056	808.239433284	0.75
1577337509.34	750	20.412318	0.0	400508	4453	765.227718127	0.75
1577337512.46	750	21.297048	0.0	358218	3004	827.888151885	0.75
1577337516.63	750	21.131885	0.0	400322	4055	813.256375466	0.75
1577337520.36	750	21.398234	0.0	369834	3611	820.659891569	0.75
1577337524.43	750	21.337707	0.0	412837	3937	850.499180491	0.75
1577337528.77	750	20.986143	0.0	401088	4230	801.644888814	0.75
1577337532.6	750	21.15865	0.0	365161	3708	801.157241084	0.75
1577337535.52	750	22.242384	0.0	321064	2796	825.979313523	0.75
1577337538.65	750	23.106715	0.0	361565	3017	855.942815746	0.75
1577337541.83	750	23.92773	0.0	378327	3059	913.656482893	0.75
1577337546.11	750	23.652783	0.0	390680	4156	904.705714427	0.75
1577337550.04	750	23.713934	0.0	345516	3814	856.2292108	0.75
1577337553.89	750	23.869908	0.0	384505	3730	822.712993937	0.75
1577337557.59	750	24.172148	0.0	372093	3587	782.827132085	0.75
1577337561.77	750	23.98582	0.0	438281	4073	810.032297583	0.75
1577337565.98	750	23.774635	0.0	398987	4090	823.952955102	0.75
1577337571.12	750	22.639901	0.0	393804	5022	774.615595516	0.75
1577337583.03	1850	14.725314	0.0	830730	11633	709.971077435	0.75
1577337586.5	750	15.259086	0.0	314107	3343	682.677446446	-0.3500000000000001
1577337589.64	750	13.806213	0.0	255954	3021	657.023630007	0.75

