1577338537.76	750	4	5.043	181801	3548	409.923337091	-21.6849
1577338539.82	300	5.942273	0.0	155580	1895	533.362723955	-0.15000000000000002
1577338542.19	300	7.575994	0.0	139857	1760	567.479694758	0.3
1577338543.73	300	10.029567	0.0	155432	1388	649.575188936	0.3
1577338545.21	300	12.544532	0.0	163442	1374	785.001196002	0.3
1577338546.39	300	15.368667	0.0	126289	1064	858.186006643	0.3
1577338549.55	750	16.213365	0.0	352642	2923	940.54531565	0.3
1577338553.86	750	15.893307	0.0	437162	4200	924.752278735	0.75
1577338557.61	750	16.151168	0.0	374758	3619	893.951267736	0.75
1577338560.85	750	16.902877	0.0	362795	3135	888.014095259	0.75
1577338564.7	750	17.057586	0.0	353220	3732	836.018981663	0.75
1577338568.96	750	16.797984	0.0	405134	4133	823.89499171	0.75
1577338572.66	750	17.095349	0.0	386351	3585	832.326678804	0.75
1577338576.46	750	17.302167	0.0	434409	3682	836.84211967	0.75
1577338579.53	750	18.230769	0.0	337059	2958	875.446066893	0.75
1577338583.07	750	18.684216	0.0	366214	3432	892.809097805	0.75
1577338586.72	750	19.039647	0.0	360831	3529	881.766338093	0.75
1577338590.59	750	19.168885	0.0	372963	3746	844.928732425	0.75
1577338596.35	750	17.406228	0.0	405596	5611	761.603914795	0.75
1577338599.72	750	18.035344	0.0	350713	3256	763.618168559	0.75
1577338603.8	750	17.961676	0.0	386472	3960	754.311289625	0.75
1577338607.88	750	17.876382	0.0	399894	3975	756.389816859	0.75
1577338611.59	750	18.166012	0.0	401853	3593	835.504695624	0.75
1577338614.54	750	19.217665	0.0	343800	2828	863.219048237	0.75
1577338617.78	750	19.980894	0.0	359903	3117	898.960267941	0.75
1577338621.39	750	20.368002	0.0	379700	3494	915.099757956	0.75
1577338626.6	750	19.155204	0.0	425781	5096	858.517148238	0.75
1577338629.25	750	20.505559	0.0	277716	2542	833.879086904	0.75
1577338633.71	750	20.046092	0.0	400396	4337	787.591906789	0.75
1577338637.94	750	19.820034	0.0	400508	4101	765.570005029	0.75
1577338641.05	750	20.707081	0.0	358218	3003	837.039428462	0.75
1577338645.42	750	20.341715	0.0	400322	4247	807.057357905	0.75
1577338649.02	750	20.73417	0.0	369834	3481	834.902655845	0.75
1577338653.2	750	20.555187	0.0	412837	4059	842.99862256	0.75
1577338657.52	750	20.236377	0.0	401088	4195	795.647126856	0.75
1577338661.32	750	20.437347	0.0	365161	3681	805.530381777	0.75
1577338664.13	750	21.630628	0.0	321064	2698	831.044648039	0.75
1577338667.23	750	22.530667	0.0	361565	2991	869.395204018	0.75
1577338670.41	750	23.350973	0.0	378327	3061	925.365040545	0.75
1577338675.08	750	22.679719	0.0	390680	4555	898.500857394	0.75
1577338678.75	750	23.006981	0.0	345516	3564	854.391630706	0.75
1577338682.59	750	23.168313	0.0	384505	3724	819.124065569	0.75
1577338686.42	750	23.340389	0.0	372093	3716	772.197637247	0.75
1577338690.57	750	23.190832	0.0	438281	4043	817.468463787	0.75
1577338694.94	750	22.816248	0.0	398987	4264	810.71832797	0.75
1577338700.46	750	21.299833	0.0	393804	5406	749.908707796	0.75
1577338711.83	1850	13.931883	0.0	830730	11129	698.934410145	0.75
1577338715.31	750	14.445709	0.0	314107	3367	668.704360018	-0.3500000000000001
1577338718.72	750	12.720781	0.0	255954	3291	637.110097737	0.75

