1577338312.15	750	4	5.045	181801	3492	416.497136312	-21.6935
1577338314.19	300	5.955535	0.0	155580	1867	541.574759907	-0.15000000000000002
1577338316.57	300	7.587782	0.0	139857	1777	570.927161266	0.3
1577338318.1	300	10.052535	0.0	155432	1400	650.241085235	0.3
1577338319.58	300	12.565956	0.0	163442	1377	783.505326938	0.3
1577338320.76	300	15.390142	0.0	126289	1065	854.004672377	0.3
1577338323.9	750	16.247348	0.0	352642	2924	937.801879739	0.3
1577338328.21	750	15.939357	0.0	437162	4187	924.574890077	0.75
1577338331.96	750	16.187926	0.0	374758	3629	893.721497942	0.75
1577338335.21	750	16.939071	0.0	362795	3136	887.933418873	0.75
1577338339.05	750	17.103867	0.0	353220	3720	836.631446321	0.75
1577338343.29	750	16.856321	0.0	405134	4138	823.624224839	0.75
1577338347.01	750	17.141892	0.0	386351	3598	831.847846057	0.75
1577338350.8	750	17.351411	0.0	434409	3680	836.565331638	0.75
1577338353.87	750	18.279289	0.0	337059	2957	874.635727746	0.75
1577338357.41	750	18.739225	0.0	366214	3426	892.609396816	0.75
1577338361.06	750	19.092665	0.0	360831	3532	882.171706505	0.75
1577338364.77	750	19.374817	0.0	372963	3594	853.627437978	0.75
1577338370.41	750	17.742659	0.0	405596	5518	772.662152418	0.75
1577338373.59	750	18.561359	0.0	350713	3061	788.02627782	0.75
1577338377.42	750	18.724083	0.0	386472	3723	791.318428417	0.75
1577338381.63	750	18.519343	0.0	399894	4095	779.079274026	0.75
1577338385.38	750	18.772042	0.0	401853	3627	853.660681262	0.75
1577338388.34	750	19.812524	0.0	343800	2840	866.624059704	0.75
1577338391.49	750	20.657049	0.0	359903	3047	895.245173403	0.75
1577338395.02	750	21.131805	0.0	379700	3407	922.830790173	0.75
1577338399.94	750	20.204375	0.0	425781	4809	878.317777712	0.75
1577338402.71	750	21.435757	0.0	277716	2651	845.723019423	0.75
1577338406.96	750	21.19091	0.0	400396	4120	803.855680866	0.75
1577338411.57	750	20.584839	0.0	400508	4483	759.640202649	0.75
1577338414.68	750	21.471838	0.0	358218	3002	821.216369588	0.75
1577338418.84	750	21.312382	0.0	400322	4048	809.486001228	0.75
1577338422.56	750	21.586149	0.0	369834	3619	819.503647577	0.75
1577338426.61	750	21.53564	0.0	412837	3930	850.920249509	0.75
1577338430.97	750	21.17958	0.0	401088	4232	801.817445959	0.75
1577338434.8	750	21.352065	0.0	365161	3709	800.93526188	0.75
1577338437.72	750	22.431268	0.0	321064	2802	825.71836257	0.75
1577338440.86	750	23.290176	0.0	361565	3030	854.279962853	0.75
1577338444.04	750	24.112441	0.0	378327	3060	912.002417354	0.75
1577338448.29	750	23.858038	0.0	390680	4136	904.01387988	0.75
1577338452.23	750	23.920372	0.0	345516	3830	855.27225221	0.75
1577338456.07	750	24.074067	0.0	384505	3731	822.729128988	0.75
1577338459.77	750	24.377001	0.0	372093	3586	782.981956433	0.75
1577338463.96	750	24.18747	0.0	438281	4075	809.172367844	0.75
1577338468.16	750	23.986891	0.0	398987	4081	824.280195943	0.75
1577338473.28	750	22.873167	0.0	393804	5001	775.656655468	0.75
1577338485.14	1850	15.00583	0.0	830730	11628	711.015695928	0.75
1577338488.58	750	15.565303	0.0	314107	3317	685.300678552	-0.3500000000000001
1577338491.68	750	14.155408	0.0	255954	2976	661.778837566	0.75

