1577338762.85	750	4	4.867	181801	3715	391.496096904	-20.928099999999997
1577338764.85	300	6.002248	0.0	155580	1502	610.075611701	-0.15000000000000002
1577338766.64	300	8.208505	0.0	139857	1665	630.712269663	0.3
1577338769.02	300	9.827374	0.0	155432	1878	638.563488722	0.3
1577338770.57	300	12.278502	0.0	163442	1424	770.242835282	0.3
1577338771.75	300	15.102249	0.0	126289	1066	800.019016134	0.3
1577338774.9	750	15.946776	0.0	352642	2923	873.310337836	0.3
1577338779.18	750	15.668139	0.0	437162	4170	917.451075342	0.75
1577338782.95	750	15.902525	0.0	374758	3644	893.582666136	0.75
1577338786.2	750	16.652096	0.0	362795	3136	888.017065904	0.75
1577338790.02	750	16.833434	0.0	353220	3703	837.504395065	0.75
1577338794.29	750	16.566957	0.0	405134	4143	823.409558147	0.75
1577338798.01	750	16.841662	0.0	386351	3607	831.947496483	0.75
1577338801.8	750	17.053862	0.0	434409	3677	836.857605274	0.75
1577338804.87	750	17.982621	0.0	337059	2957	874.05617993	0.75
1577338808.4	750	18.450229	0.0	366214	3417	892.829251574	0.75
1577338812.05	750	18.802285	0.0	360831	3533	882.869584037	0.75
1577338815.84	750	19.01475	0.0	372963	3676	849.502958485	0.75
1577338821.57	750	17.282732	0.0	405596	5606	766.230014416	0.75
1577338824.73	750	18.125545	0.0	350713	3043	782.386520744	0.75
1577338828.58	750	18.270083	0.0	386472	3739	784.848081089	0.75
1577338832.77	750	18.078152	0.0	399894	4080	777.956706193	0.75
1577338836.52	750	18.329883	0.0	401853	3629	854.723650282	0.75
1577338839.46	750	19.392065	0.0	343800	2828	867.358913537	0.75
1577338842.63	750	20.217246	0.0	359903	3055	896.249832759	0.75
1577338846.16	750	20.692438	0.0	379700	3407	923.117403849	0.75
1577338851.11	750	19.739681	0.0	425781	4831	877.920119319	0.75
1577338853.86	750	20.993105	0.0	277716	2631	845.890695364	0.75
1577338858.02	750	20.830955	0.0	400396	4039	808.539900475	0.75
1577338862.62	750	20.234751	0.0	400508	4470	764.844069087	0.75
1577338865.73	750	21.123312	0.0	358218	3003	827.147158256	0.75
1577338869.88	750	20.967505	0.0	400322	4046	813.921872756	0.75
1577338873.63	750	21.223588	0.0	369834	3618	820.098083393	0.75
1577338877.68	750	21.173768	0.0	412837	3931	850.941592766	0.75
1577338882.02	750	20.829799	0.0	401088	4235	801.783986736	0.75
1577338885.85	750	21.005748	0.0	365161	3708	800.857136079	0.75
1577338888.77	750	22.081981	0.0	321064	2806	825.257063267	0.75
1577338891.97	750	22.881624	0.0	361565	3090	849.237997324	0.75
1577338895.15	750	23.702241	0.0	378327	3061	907.013944177	0.75
1577338899.43	750	23.422089	0.0	390680	4161	897.837259226	0.75
1577338903.36	750	23.488735	0.0	345516	3809	850.417049709	0.75
1577338907.21	750	23.643799	0.0	384505	3730	822.563296792	0.75
1577338910.91	750	23.944189	0.0	372093	3587	782.839051002	0.75
1577338915.09	750	23.759873	0.0	438281	4073	810.270132986	0.75
1577338919.31	750	23.54518	0.0	398987	4093	823.809952169	0.75
1577338924.45	750	22.405483	0.0	393804	5029	774.254294554	0.75
1577338936.27	1850	14.579963	0.0	830730	11588	710.164404982	0.75
1577338939.71	750	15.140918	0.0	314107	3328	683.717765733	-0.3500000000000001
1577338942.82	750	13.714669	0.0	255954	2994	659.735057096	0.75

