1577339214.16	750	4	4.808	181801	3582	406.032384143	-20.6744
1577339216.06	300	6.104789	0.0	155580	1726	563.572391376	-0.15000000000000002
1577339218.42	300	7.737097	0.0	139857	1863	575.90387015	0.3
1577339220.33	300	9.832607	0.0	155432	1398	654.291278864	0.3
1577339221.84	300	12.322256	0.0	163442	1400	786.271754257	0.3
1577339223.01	300	15.148988	0.0	126289	1063	843.602309355	0.3
1577339226.16	750	16.003984	0.0	352642	2924	934.665800789	0.3
1577339230.49	750	15.674277	0.0	437162	4210	919.980334276	0.75
1577339234.22	750	15.94192	0.0	374758	3611	894.056426376	0.75
1577339237.47	750	16.692787	0.0	362795	3136	887.82213387	0.75
1577339241.32	750	16.836135	0.0	353220	3741	835.454144814	0.75
1577339245.58	750	16.581486	0.0	405134	4131	823.919541781	0.75
1577339249.27	750	16.885261	0.0	386351	3579	832.253732681	0.75
1577339253.07	750	17.091685	0.0	434409	3683	836.778908856	0.75
1577339256.14	750	18.020064	0.0	337059	2957	875.915321468	0.75
1577339259.69	750	18.467736	0.0	366214	3436	892.934994972	0.75
1577339263.33	750	18.824986	0.0	360831	3529	881.530898265	0.75
1577339267.06	750	19.104588	0.0	372963	3593	853.236703569	0.75
1577339272.68	750	17.483474	0.0	405596	5498	772.806188239	0.75
1577339275.83	750	18.328841	0.0	350713	3043	790.147973064	0.75
1577339279.69	750	18.47284	0.0	386472	3741	792.267489601	0.75
1577339283.89	750	18.267569	0.0	399894	4078	780.784754999	0.75
1577339287.66	750	18.495274	0.0	401853	3654	853.194029367	0.75
1577339290.6	750	19.560062	0.0	343800	2828	865.829292621	0.75
1577339293.78	750	20.380578	0.0	359903	3059	894.522635231	0.75
1577339297.3	750	20.856315	0.0	379700	3408	921.228664607	0.75
1577339302.27	750	19.894537	0.0	425781	4843	877.109857885	0.75
1577339305.0	750	21.157915	0.0	277716	2619	846.047721922	0.75
1577339309.16	750	20.999932	0.0	400396	4050	808.466524807	0.75
1577339313.75	750	20.413946	0.0	400508	4460	765.237886309	0.75
1577339316.86	750	21.29962	0.0	358218	3003	827.977738652	0.75
1577339321.03	750	21.124795	0.0	400322	4054	813.394666257	0.75
1577339324.76	750	21.400407	0.0	369834	3614	820.335651042	0.75
1577339328.81	750	21.346208	0.0	412837	3933	850.67056078	0.75
1577339333.16	750	21.00463	0.0	401088	4232	801.647228725	0.75
1577339336.98	750	21.179211	0.0	365161	3709	801.057774122	0.75
1577339339.9	750	22.261092	0.0	321064	2800	825.721798155	0.75
1577339343.04	750	23.120322	0.0	361565	3031	854.364915471	0.75
1577339346.22	750	23.943194	0.0	378327	3059	912.168204411	0.75
1577339350.46	750	23.69823	0.0	390680	4136	904.179666937	0.75
1577339354.41	750	23.747408	0.0	345516	3825	855.51019915	0.75
1577339358.26	750	23.900796	0.0	384505	3731	823.045814551	0.75
1577339361.97	750	24.19087	0.0	372093	3585	783.275694691	0.75
1577339366.16	750	24.002957	0.0	438281	4074	809.518906111	0.75
1577339370.36	750	23.796918	0.0	398987	4087	824.103825679	0.75
1577339375.49	750	22.673351	0.0	393804	5012	775.134636536	0.75
1577339387.34	1850	14.820703	0.0	830730	11614	710.608028698	0.75
1577339390.8	750	15.360585	0.0	314107	3350	682.974556589	-0.3500000000000001
1577339393.95	750	13.89695	0.0	255954	3030	656.67421089	0.75

