1577338086.49	750	4	4.887	181801	3652	398.249726177	-21.0141
1577338088.38	300	6.102517	0.0	155580	1627	581.620253378	-0.15000000000000002
1577338090.64	300	7.845867	0.0	139857	1904	583.624986846	0.3
1577338092.54	300	9.94115	0.0	155432	1388	661.684158002	0.3
1577338094.04	300	12.443906	0.0	163442	1388	797.628931068	0.3
1577338095.21	300	15.268325	0.0	126289	1065	843.543677238	0.3
1577338098.37	750	16.113447	0.0	352642	2923	937.922781891	0.3
1577338102.68	750	15.804616	0.0	437162	4184	922.925815266	0.75
1577338106.43	750	16.054328	0.0	374758	3629	893.953744301	0.75
1577338109.68	750	16.803782	0.0	362795	3137	888.091908661	0.75
1577338113.51	750	16.968663	0.0	353220	3720	836.707416369	0.75
1577338117.78	750	16.705644	0.0	405134	4138	823.550468268	0.75
1577338121.49	750	16.990444	0.0	386351	3595	831.953304024	0.75
1577338125.29	750	17.190419	0.0	434409	3681	836.680408211	0.75
1577338128.36	750	18.120378	0.0	337059	2956	874.827926654	0.75
1577338131.9	750	18.578381	0.0	366214	3427	892.739213124	0.75
1577338135.55	750	18.931476	0.0	360831	3532	882.122308275	0.75
1577338139.27	750	19.213112	0.0	372963	3594	853.642177712	0.75
1577338144.89	750	17.589944	0.0	405596	5470	773.889788125	0.75
1577338148.07	750	18.415386	0.0	350713	3043	790.671763548	0.75
1577338151.91	750	18.575385	0.0	386472	3726	793.796753746	0.75
1577338156.11	750	18.37049	0.0	399894	4095	781.557599355	0.75
1577338159.86	750	18.624754	0.0	401853	3627	854.848988283	0.75
1577338162.82	750	19.667124	0.0	343800	2839	866.542180276	0.75
1577338165.97	750	20.50763	0.0	359903	3049	895.175495811	0.75
1577338169.5	750	20.983358	0.0	379700	3407	922.761112581	0.75
1577338174.43	750	20.052702	0.0	425781	4812	878.137703156	0.75
1577338177.19	750	21.289286	0.0	277716	2646	845.853578328	0.75
1577338181.32	750	21.166772	0.0	400396	4013	809.323672284	0.75
1577338185.96	750	20.523351	0.0	400508	4518	763.724008649	0.75
1577338189.07	750	21.410209	0.0	358218	3003	825.331101058	0.75
1577338193.21	750	21.270132	0.0	400322	4029	814.137546843	0.75
1577338196.96	750	21.518414	0.0	369834	3629	818.409521014	0.75
1577338201.01	750	21.475355	0.0	412837	3920	851.74626542	0.75
1577338205.37	750	21.118155	0.0	401088	4235	802.588659389	0.75
1577338209.19	750	21.291329	0.0	365161	3708	800.826849582	0.75
1577338212.13	750	22.357169	0.0	321064	2816	825.03382026	0.75
1577338215.27	750	23.214954	0.0	361565	3032	852.90203818	0.75
1577338218.43	750	24.048614	0.0	378327	3058	910.920488402	0.75
1577338222.65	750	23.832989	0.0	390680	4097	904.677177658	0.75
1577338226.61	750	23.869675	0.0	345516	3852	856.044407196	0.75
1577338230.46	750	24.024639	0.0	384505	3731	823.658709282	0.75
1577338234.16	750	24.326587	0.0	372093	3586	783.749814981	0.75
1577338238.35	750	24.13381	0.0	438281	4079	807.930955661	0.75
1577338242.54	750	23.945086	0.0	398987	4067	824.742349242	0.75
1577338247.62	750	22.865954	0.0	393804	4968	777.164938671	0.75
1577338259.57	1850	14.909704	0.0	830730	11674	711.960960185	0.75
1577338262.99	750	15.49001	0.0	314107	3307	687.029584964	-0.3500000000000001
1577338266.09	750	14.079353	0.0	255954	2965	663.472805704	0.75

