1575947500.28	750	4	2.485	2354772	2378	7921.85702271	-10.6855
1575947501.82	1850	8	0.0	957685	1320	7009.02389997	0.75
1575947503.54	1850	12	0.0	877771	1610	5919.2410927	1.85
1575947505.72	1850	16.0	0.0	933276	2073	5013.22051626	1.85
1575947509.5	1850	20	0.0	996749	3677	3490.68408144	1.85
1575947513.75	1850	24	0.0	801058	4145	2311.36560357	1.85
1575947515.09	1850	28	0.0	905515	1216	2302.29237506	1.85
1575947518.31	4300	32	0.0	2290172	3097	2501.52264373	1.8499999999999996
1575947521.19	4300	36	0.0	2055469	2765	2675.4761636	4.3
1575947523.84	4300	40	0.0	2169201	2548	3242.01484976	4.3
1575947526.68	4300	44	0.0	2173522	2733	6191.1424543	4.3
1575947529.65	4300	48	0.0	2102452	2870	6141.09461786	4.3
1575947533.88	4300	52	0.0	2209463	4124	5528.35282581	4.3
1575947540.19	4300	56	0.0	2275376	6197	4231.56805317	4.3
