1575947603.38	750	4	2.377	2354772	2271	8295.10171731	-10.2211
1575947604.92	1850	8	0.0	957685	1306	7205.86929655	0.75
1575947606.41	1850	12	0.0	877771	1373	6471.81587649	1.85
1575947608.46	1850	16.0	0.0	933276	1931	5442.65274592	1.85
1575947611.96	1850	20	0.0	996749	3393	3793.91171031	1.85
1575947616.51	1850	24	0.0	801058	4444	2256.53716903	1.85
1575947617.98	1850	28	0.0	905515	1360	2252.97099816	1.85
1575947619.39	1850	32	0.0	1060487	1315	2268.94617889	1.85
1575947622.34	4300	36	0.0	2055469	2840	2438.66724573	1.8499999999999996
1575947625.33	4300	40	0.0	2169201	2880	2847.20413147	4.3
1575947627.99	4300	44	0.0	2173522	2507	6093.68789062	4.3
1575947630.7	4300	48	0.0	2102452	2612	6266.98277331	4.3
1575947634.1	4300	52	0.0	2209463	3279	6023.47576709	4.3
1575947638.86	4300	56	0.0	2275376	4647	5239.0830512	4.3
