1575947188.19	750	4	0.531	450283	439	8205.61275626	-2.2832999999999997
1575947189.48	1850	8	0.0	957685	888	8483.39846309	0.75
1575947190.78	1850	12	0.0	877771	1167	7118.30012187	1.85
1575947192.34	1850	16.0	0.0	933276	1439	6265.62932753	1.85
1575947194.52	1850	20	0.0	996749	2066	5158.23369727	1.85
1575947196.31	1850	24	0.0	801058	1663	4687.08084398	1.85
1575947200.54	1850	28	0.0	905515	4089	2782.56101304	1.85
1575947204.21	1850	32	0.0	1060487	3509	2551.36542627	1.85
1575947205.6	1850	36	0.0	852833	1227	2537.74301808	1.85
1575947208.8	4300	40	0.0	2169201	2963	2735.31019921	1.8499999999999996
1575947211.77	4300	44	0.0	2173522	2856	2955.3459518	4.3
1575947214.34	4300	48	0.0	2102452	2447	4329.63881919	4.3
1575947217.25	4300	52	0.0	2209463	2778	6171.67081256	4.3
1575947220.72	4300	56	0.0	2275376	3358	6033.31355469	4.3
