1575947913.4	750	4	2.38	2354772	2269	8302.41339797	-10.234
1575947914.95	1850	8	0.0	957685	1307	7205.9007676	0.75
1575947916.43	1850	12	0.0	877771	1372	6473.70254299	1.85
1575947918.48	1850	16.0	0.0	933276	1947	5420.3764855	1.85
1575947921.98	1850	20	0.0	996749	3393	3788.20011545	1.85
1575947926.65	1850	24	0.0	801058	4533	2222.02315378	1.85
1575947928.0	1850	28	0.0	905515	1233	2214.05801482	1.85
1575947931.25	4300	32	0.0	2290172	3145	2412.31436685	1.8499999999999996
1575947933.86	4300	36	0.0	2055469	2492	2560.95556533	4.3
1575947936.81	4300	40	0.0	2169201	2841	2968.18764627	4.3
1575947939.57	4300	44	0.0	2173522	2657	6188.66508105	4.3
1575947942.52	4300	48	0.0	2102452	2853	6155.16592484	4.3
1575947946.2	4300	52	0.0	2209463	3574	5871.65046807	4.3
1575947952.83	4300	56	0.0	2275376	6450	4211.38149655	4.3
