1575948120.17	750	4	2.384	2354772	2281	8258.73564226	-10.251199999999999
1575948121.69	1850	8	0.0	957685	1303	7199.74128233	0.75
1575948123.24	1850	12	0.0	877771	1454	6306.49611799	1.85
1575948125.33	1850	16.0	0.0	933276	1981	5299.45762419	1.85
1575948128.88	1850	20	0.0	996749	3454	3713.03507086	1.85
1575948133.44	1850	24	0.0	801058	4457	2241.0638556	1.85
1575948134.81	1850	28	0.0	905515	1251	2234.0538917	1.85
1575948138.05	4300	32	0.0	2290172	3127	2430.48093937	1.8499999999999996
1575948140.66	4300	36	0.0	2055469	2516	2583.49288083	4.3
1575948143.54	4300	40	0.0	2169201	2776	3019.52330644	4.3
1575948146.3	4300	44	0.0	2173522	2658	6210.3341163	4.3
1575948149.27	4300	48	0.0	2102452	2861	6179.02898908	4.3
1575948152.93	4300	52	0.0	2209463	3563	5890.4781034	4.3
1575948159.54	4300	56	0.0	2275376	6451	4217.2761401	4.3
