1575948016.88	750	4	2.402	2354772	2297	8201.20853287	-10.3286
1575948018.38	1850	8	0.0	957685	1277	7250.54516926	0.75
1575948020.01	1850	12	0.0	877771	1522	6193.41001804	1.85
1575948022.12	1850	16.0	0.0	933276	2011	5208.62850995	1.85
1575948025.64	1850	20	0.0	996749	3416	3721.19352738	1.85
1575948030.22	1850	24	0.0	801058	4489	2233.74686361	1.85
1575948031.58	1850	28	0.0	905515	1236	2227.31101027	1.85
1575948034.8	4300	32	0.0	2290172	3108	2422.0302523	1.8499999999999996
1575948037.46	4300	36	0.0	2055469	2557	2577.83521359	4.3
1575948040.26	4300	40	0.0	2169201	2702	2997.72538613	4.3
1575948043.04	4300	44	0.0	2173522	2678	6237.52634175	4.3
1575948046.01	4300	48	0.0	2102452	2871	6190.21813867	4.3
1575948049.81	4300	52	0.0	2209463	3690	5819.78600691	4.3
1575948056.3	4300	56	0.0	2275376	6346	4246.95368172	4.3
