1575947396.7	750	4	2.397	2354772	2291	8222.68703623	-10.3071
1575947398.22	1850	8	0.0	957685	1303	7184.80058479	0.75
1575947399.69	1850	12	0.0	877771	1373	6461.75484927	1.85
1575947401.74	1850	16.0	0.0	933276	1946	5418.20396703	1.85
1575947405.22	1850	20	0.0	996749	3374	3805.05377216	1.85
1575947409.86	1850	24	0.0	801058	4491	2240.96742742	1.85
1575947411.31	1850	28	0.0	905515	1345	2237.21476586	1.85
1575947412.7	1850	32	0.0	1060487	1296	2251.80342669	1.85
1575947415.67	4300	36	0.0	2055469	2855	2421.22814249	1.8499999999999996
1575947418.68	4300	40	0.0	2169201	2904	2816.71280287	4.3
1575947421.37	4300	44	0.0	2173522	2587	6055.95693355	4.3
1575947424.05	4300	48	0.0	2102452	2577	6236.23312008	4.3
1575947427.5	4300	52	0.0	2209463	3309	5977.71219247	4.3
1575947432.37	4300	56	0.0	2275376	4745	5163.93538854	4.3
