1575947706.74	750	4	2.377	2354772	2272	8291.45070423	-10.2211
1575947708.28	1850	8	0.0	957685	1303	7213.18090826	0.75
1575947709.76	1850	12	0.0	877771	1372	6477.81412112	1.85
1575947711.81	1850	16.0	0.0	933276	1947	5422.31632869	1.85
1575947715.31	1850	20	0.0	996749	3392	3789.54333178	1.85
1575947719.94	1850	24	0.0	801058	4490	2238.39346197	1.85
1575947721.38	1850	28	0.0	905515	1343	2234.60219635	1.85
1575947722.78	1850	32	0.0	1060487	1298	2249.25719868	1.85
1575947725.74	4300	36	0.0	2055469	2854	2418.25801295	1.8499999999999996
1575947728.75	4300	40	0.0	2169201	2904	2817.43267458	4.3
1575947731.45	4300	44	0.0	2173522	2588	6056.55841799	4.3
1575947734.13	4300	48	0.0	2102452	2578	6235.00074044	4.3
1575947737.58	4300	52	0.0	2209463	3309	5977.48717342	4.3
1575947742.44	4300	56	0.0	2275376	4746	5163.03501505	4.3
