1575947810.12	750	4	2.4	2354772	2293	8215.51504579	-10.32
1575947811.64	1850	8	0.0	957685	1306	7173.16753928	0.75
1575947813.1	1850	12	0.0	877771	1361	6479.31642091	1.85
1575947815.17	1850	16.0	0.0	933276	1960	5406.06222331	1.85
1575947818.65	1850	20	0.0	996749	3374	3801.7924447	1.85
1575947823.33	1850	24	0.0	801058	4533	2224.32711251	1.85
1575947824.7	1850	28	0.0	905515	1264	2217.68994128	1.85
1575947827.97	4300	32	0.0	2290172	3149	2416.10335155	1.8499999999999996
1575947830.59	4300	36	0.0	2055469	2516	2566.43753716	4.3
1575947833.5	4300	40	0.0	2169201	2809	2968.27786504	4.3
1575947836.26	4300	44	0.0	2173522	2656	6174.96417421	4.3
1575947839.21	4300	48	0.0	2102452	2850	6159.93438724	4.3
1575947842.92	4300	52	0.0	2209463	3594	5866.12028592	4.3
1575947849.52	4300	56	0.0	2275376	6450	4211.21876563	4.3
