1575947293.38	750	4	2.407	2354772	2282	8255.11656442	-10.350100000000001
1575947294.89	1850	8	0.0	957685	1304	7195.33938338	0.75
1575947296.35	1850	12	0.0	877771	1360	6492.75126142	1.85
1575947298.43	1850	16.0	0.0	933276	1959	5412.37811374	1.85
1575947301.9	1850	20	0.0	996749	3373	3803.06235997	1.85
1575947306.54	1850	24	0.0	801058	4490	2240.85533482	1.85
1575947307.99	1850	28	0.0	905515	1342	2236.96926942	1.85
1575947309.39	1850	32	0.0	1060487	1297	2251.90604626	1.85
1575947312.37	4300	36	0.0	2055469	2832	2421.16560975	1.8499999999999996
1575947315.38	4300	40	0.0	2169201	2898	2817.21159279	4.3
1575947318.05	4300	44	0.0	2173522	2576	6079.83637914	4.3
1575947320.73	4300	48	0.0	2102452	2581	6255.70715646	4.3
1575947324.14	4300	52	0.0	2209463	3303	5995.94476753	4.3
1575947328.95	4300	56	0.0	2275376	4709	5187.83939336	4.3
