1575980761.43	750	4	1.268	450283	1138	3165.4340949	-5.4524
1575980763.72	1850	8	0.0	957685	2068	3435.10582888	0.75
1575980766.17	2850	12	0.0	1300868	2188	3875.52820036	1.85
1575980769.58	4300	16.0	0.0	2160877	3143	4281.68719386	2.8499999999999996
1575980772.78	4300	20	0.0	2233056	3067	4946.51125899	4.3
1575980775.32	4300	24	0.0	1941625	2404	5635.64548724	4.3
1575980788.13	4300	28	0.0	2157535	12658	4787.44891755	4.3
1575980792.78	4300	32	0.0	2290172	4454	4440.77428617	4.3
1575980800.56	4300	36	0.0	2055469	7630	3523.37780479	4.3
1575980803.16	4300	40	0.0	2169201	2444	3683.17275375	4.3
1575980808.13	4300	44	0.0	2173522	4817	4244.71411958	4.3
1575980810.78	4300	48	0.0	2102452	2489	4905.74264509	4.3
1575980813.23	4300	52	0.0	2209463	2315	6275.77986375	4.3
1575980816.98	4300	56	0.0	2275376	3607	5762.30087581	4.3
