1575980598.4	750	4	4.943	2354772	4765	3953.44721931	-21.2549
1575980600.83	2850	8	0.0	1431809	2169	4617.2196908	0.75
1575980604.05	4300	12	0.0	2177073	3070	4969.19792633	2.8499999999999996
1575980607.08	4300	16.0	0.0	2160877	2879	5228.02869831	4.3
1575980609.88	4300	20	0.0	2233056	2657	5920.55210236	4.3
1575980623.76	4300	24	0.0	1941625	13747	4882.78387557	4.3
1575980627.16	4300	28	0.0	2157535	3267	4785.30029612	4.3
1575980634.72	4300	32	0.0	2290172	7427	3900.88527078	4.3
1575980637.46	4300	36	0.0	2055469	2567	3821.45623642	4.3
1575980642.53	4300	40	0.0	2169201	4931	4418.79836545	4.3
1575980644.85	4300	44	0.0	2173522	2177	5094.79812277	4.3
1575980647.18	4300	48	0.0	2102452	2188	6399.88545396	4.3
1575980650.76	4300	52	0.0	2209463	3432	6085.99513026	4.3
1575980652.91	4300	56	0.0	2275376	2018	7461.25346495	4.3
