1575981014.97	750	4	4.874	2354772	4697	4010.68256334	-20.9582
1575981017.44	2850	8	0.0	1431809	2202	4606.26589566	0.75
1575981020.73	4300	12	0.0	2177073	3114	4935.17533699	2.8499999999999996
1575981023.74	4300	16.0	0.0	2160877	2878	5203.0333443	4.3
1575981026.55	4300	20	0.0	2233056	2662	5878.09072751	4.3
1575981040.47	4300	24	0.0	1941625	13784	4859.34998174	4.3
1575981044.0	4300	28	0.0	2157535	3378	4738.50521605	4.3
1575981051.49	4300	32	0.0	2290172	7320	3862.58342914	4.3
1575981054.27	4300	36	0.0	2055469	2616	3756.31488522	4.3
1575981059.37	4300	40	0.0	2169201	4942	4352.45694196	4.3
1575981061.69	4300	44	0.0	2173522	2194	5056.38587835	4.3
1575981064.01	4300	48	0.0	2102452	2167	6371.08221965	4.3
1575981067.54	4300	52	0.0	2209463	3385	6105.06616641	4.3
1575981069.69	4300	56	0.0	2275376	2016	7484.52000876	4.3
