1575981179.92	750	4	3.351	2354772	3122	6034.00896861	-14.4093
1575981182.98	4300	8	0.0	2123065	2911	5934.30438125	0.75
1575981185.55	4300	12	0.0	2177073	2425	6350.23508578	4.3
1575981188.42	4300	16.0	0.0	2160877	2724	6349.22330406	4.3
1575981191.14	4300	20	0.0	2233056	2577	6573.78741813	4.3
1575981193.29	4300	24	0.0	1941625	1999	7057.73376781	4.3
1575981207.0	4300	28	0.0	2157535	13513	5581.53695854	4.3
1575981210.83	4300	32	0.0	2290172	3695	5234.59592281	4.3
1575981217.52	4300	36	0.0	2055469	6519	4132.13824889	4.3
1575981220.16	4300	40	0.0	2169201	2484	3936.08059809	4.3
1575981225.21	4300	44	0.0	2173522	4878	4507.90621518	4.3
1575981227.52	4300	48	0.0	2102452	2140	5233.2086724	4.3
1575981229.96	4300	52	0.0	2209463	2297	6526.38144416	4.3
1575981233.5	4300	56	0.0	2275376	3404	6116.72646309	4.3
