1575981263.3	750	4	3.361	2354772	3122	6034.00896861	-14.4523
1575981266.37	4300	8	0.0	2123065	2934	5911.43529548	0.75
1575981268.97	4300	12	0.0	2177073	2420	6339.93537605	4.3
1575981271.83	4300	16.0	0.0	2160877	2698	6356.78770698	4.3
1575981274.53	4300	20	0.0	2233056	2565	6589.45973384	4.3
1575981276.67	4300	24	0.0	1941625	2000	7083.86932825	4.3
1575981290.37	4300	28	0.0	2157535	13514	5603.93912902	4.3
1575981294.22	4300	32	0.0	2290172	3715	5235.03539014	4.3
1575981300.89	4300	36	0.0	2055469	6519	4124.46980345	4.3
1575981303.52	4300	40	0.0	2169201	2494	3922.3804891	4.3
1575981308.55	4300	44	0.0	2173522	4888	4492.40659126	4.3
1575981310.89	4300	48	0.0	2102452	2144	5220.71669251	4.3
1575981313.33	4300	52	0.0	2209463	2298	6513.05230958	4.3
1575981316.87	4300	56	0.0	2275376	3404	6110.40029021	4.3
