1575981096.74	750	4	3.27	2354772	3119	6039.8127605	-14.061
1575981099.79	4300	8	0.0	2123065	2916	5932.20404829	0.75
1575981102.36	4300	12	0.0	2177073	2413	6360.74053558	4.3
1575981105.28	4300	16.0	0.0	2160877	2750	6342.10231077	4.3
1575981107.99	4300	20	0.0	2233056	2525	6600.90634837	4.3
1575981110.13	4300	24	0.0	1941625	1995	7091.24874242	4.3
1575981123.69	4300	28	0.0	2157535	13413	5608.50340932	4.3
1575981127.4	4300	32	0.0	2290172	3569	5320.32551115	4.3
1575981134.19	4300	36	0.0	2055469	6586	4175.76172406	4.3
1575981136.75	4300	40	0.0	2169201	2432	4013.15289731	4.3
1575981141.79	4300	44	0.0	2173522	4891	4580.22915056	4.3
1575981144.33	4300	48	0.0	2102452	2183	5223.06444564	4.3
1575981146.77	4300	52	0.0	2209463	2298	6521.8153044	4.3
1575981150.27	4300	56	0.0	2275376	3351	6095.96095441	4.3
