1575980515.06	750	4	4.934	2354772	4762	3955.93784124	-21.2162
1575980517.49	2850	8	0.0	1431809	2166	4622.12219855	0.75
1575980520.72	4300	12	0.0	2177073	3074	4970.00556026	2.8499999999999996
1575980523.77	4300	16.0	0.0	2160877	2897	5219.30741493	4.3
1575980526.58	4300	20	0.0	2233056	2662	5908.05097866	4.3
1575980540.42	4300	24	0.0	1941625	13653	4870.39900827	4.3
1575980543.83	4300	28	0.0	2157535	3266	4775.16536785	4.3
1575980551.36	4300	32	0.0	2290172	7391	3903.08124096	4.3
1575980554.07	4300	36	0.0	2055469	2567	3826.80939144	4.3
1575980559.14	4300	40	0.0	2169201	4942	4420.24834083	4.3
1575980561.49	4300	44	0.0	2173522	2173	5099.51935212	4.3
1575980563.81	4300	48	0.0	2102452	2183	6406.00454028	4.3
1575980567.41	4300	52	0.0	2209463	3440	6089.11987738	4.3
1575980569.58	4300	56	0.0	2275376	2018	7466.33653692	4.3
