1575980681.71	750	4	4.92	2354772	4771	3948.47537204	-21.156
1575980684.12	2850	8	0.0	1431809	2151	4636.82996868	0.75
1575980687.36	4300	12	0.0	2177073	3087	4971.85749127	2.8499999999999996
1575980690.41	4300	16.0	0.0	2160877	2893	5222.75900162	4.3
1575980693.21	4300	20	0.0	2233056	2664	5912.10862708	4.3
1575980707.12	4300	24	0.0	1941625	13772	4862.77952031	4.3
1575980710.66	4300	28	0.0	2157535	3377	4730.08344128	4.3
1575980718.08	4300	32	0.0	2290172	7259	3867.20584851	4.3
1575980720.81	4300	36	0.0	2055469	2582	3782.88997493	4.3
1575980725.89	4300	40	0.0	2169201	4946	4378.07659989	4.3
1575980728.22	4300	44	0.0	2173522	2185	5089.78836632	4.3
1575980730.55	4300	48	0.0	2102452	2187	6381.4813745	4.3
1575980734.13	4300	52	0.0	2209463	3413	6084.06244501	4.3
1575980736.28	4300	56	0.0	2275376	2010	7470.96450688	4.3
