1575980848.35	750	4	4.889	2354772	4723	3988.60385348	-21.0227
1575980850.78	2850	8	0.0	1431809	2176	4626.30376498	0.75
1575980854.11	4300	12	0.0	2177073	3156	4923.72342253	2.8499999999999996
1575980857.14	4300	16.0	0.0	2160877	2898	5184.08104171	4.3
1575980859.96	4300	20	0.0	2233056	2670	5859.63120193	4.3
1575980873.92	4300	24	0.0	1941625	13827	4824.47573013	4.3
1575980877.5	4300	28	0.0	2157535	3405	4712.1096419	4.3
1575980884.82	4300	32	0.0	2290172	7180	3858.75208631	4.3
1575980887.61	4300	36	0.0	2055469	2616	3757.51044284	4.3
1575980892.71	4300	40	0.0	2169201	4943	4354.35101616	4.3
1575980895.03	4300	44	0.0	2173522	2194	5068.40914559	4.3
1575980897.34	4300	48	0.0	2102452	2173	6365.54679517	4.3
1575980900.92	4300	52	0.0	2209463	3423	6085.03852744	4.3
1575980903.05	4300	56	0.0	2275376	1993	7490.72029406	4.3
