1575980931.66	750	4	4.883	2354772	4712	3997.91511036	-20.996899999999997
1575980934.09	2850	8	0.0	1431809	2201	4601.06387049	0.75
1575980937.4	4300	12	0.0	2177073	3119	4928.71865172	2.8499999999999996
1575980940.41	4300	16.0	0.0	2160877	2870	5202.37661945	4.3
1575980943.21	4300	20	0.0	2233056	2660	5881.88731554	4.3
1575980957.03	4300	24	0.0	1941625	13686	4864.57301512	4.3
1575980960.44	4300	28	0.0	2157535	3239	4800.78886988	4.3
1575980968.03	4300	32	0.0	2290172	7428	3911.58344169	4.3
1575980970.73	4300	36	0.0	2055469	2565	3835.2988413	4.3
1575980975.85	4300	40	0.0	2169201	4927	4432.09621302	4.3
1575980978.16	4300	44	0.0	2173522	2179	5094.84531022	4.3
1575980980.5	4300	48	0.0	2102452	2187	6400.89440633	4.3
1575980984.08	4300	52	0.0	2209463	3435	6084.63087219	4.3
1575980986.24	4300	56	0.0	2275376	2015	7462.53236037	4.3
