1575702828.57	750	4	1.187	2354772	1085	17362.3741935	-5.1041
1575702829.19	1850	8	0.0	957685	406	17748.6568808	0.75
1575702829.68	1850	12	0.0	877771	389	17810.5526263	1.85
1575702830.83	4300	16.0	0.0	2160877	1055	17270.7580545	1.8499999999999996
1575702832.38	4300	20	0.0	2233056	1448	15255.4139777	4.3
1575702833.51	4300	24	0.0	1941625	1026	14778.5265134	4.3
1575702834.58	4300	28	0.0	2157535	966	15021.4268723	4.3
1575702835.6	4300	32	0.0	2290172	920	15480.9861783	4.3
1575702836.41	4300	36	0.0	2055469	713	16037.8345744	4.3
1575702837.29	4300	40	0.0	2169201	776	18836.0713948	4.3
1575702838.17	4300	44	0.0	2173522	789	20646.717332	4.3
1575702839.16	4300	48	0.0	2102452	890	20995.4784125	4.3
1575702840.2	4300	52	0.0	2209463	947	20652.6533688	4.3
1575702841.07	4300	56	0.0	2275376	770	20766.1460705	4.3
