1575702519.26	750	4	1.981	2354772	1871	10068.5066809	-8.5183
1575702520.15	1850	8	0.0	957685	673	10386.0198103	0.75
1575702520.86	1850	12	0.0	877771	619	10560.612643	1.85
1575702521.63	1850	16.0	0.0	933276	676	10642.7499737	1.85
1575702523.24	4300	20	0.0	2233056	1509	10954.9883364	1.8499999999999996
1575702524.58	4300	24	0.0	1941625	1244	11744.3247399	4.3
1575702525.96	4300	28	0.0	2157535	1292	12148.0977446	4.3
1575702527.4	4300	32	0.0	2290172	1342	12544.7690058	4.3
1575702528.67	4300	36	0.0	2055469	1169	12976.8256487	4.3
1575702530.01	4300	40	0.0	2169201	1231	13499.1465229	4.3
1575702531.23	4300	44	0.0	2173522	1129	14046.9617386	4.3
1575702532.44	4300	48	0.0	2102452	1103	14417.2750964	4.3
1575702533.7	4300	52	0.0	2209463	1160	14768.2542272	4.3
1575702534.92	4300	56	0.0	2275376	1127	15176.9824024	4.3
