1575702415.91	750	4	1.974	2354772	1855	10155.3509434	-8.488199999999999
1575702416.79	1850	8	0.0	957685	675	10448.8502327	0.75
1575702417.49	1850	12	0.0	877771	603	10659.6508235	1.85
1575702418.25	1850	16.0	0.0	933276	659	10770.3323016	1.85
1575702419.86	4300	20	0.0	2233056	1503	11065.1127715	1.8499999999999996
1575702421.18	4300	24	0.0	1941625	1218	11901.5799164	4.3
1575702422.55	4300	28	0.0	2157535	1274	12342.045752	4.3
1575702423.99	4300	32	0.0	2290172	1349	12678.2289819	4.3
1575702425.25	4300	36	0.0	2055469	1151	13097.7089134	4.3
1575702426.56	4300	40	0.0	2169201	1217	13652.6623604	4.3
1575702427.78	4300	44	0.0	2173522	1115	14174.5022457	4.3
1575702428.94	4300	48	0.0	2102452	1062	14596.5713103	4.3
1575702430.2	4300	52	0.0	2209463	1159	14992.2712362	4.3
1575702431.42	4300	56	0.0	2275376	1127	15364.9364258	4.3
