1575702621.85	750	4	1.189	2354772	1086	17346.3867403	-5.1127
1575702622.47	1850	8	0.0	957685	407	17725.7565548	0.75
1575702622.95	1850	12	0.0	877771	389	17792.1880686	1.85
1575702624.11	4300	16.0	0.0	2160877	1056	17253.5393443	1.8499999999999996
1575702625.66	4300	20	0.0	2233056	1447	15252.7437805	4.3
1575702626.79	4300	24	0.0	1941625	1025	14781.8541041	4.3
1575702627.85	4300	28	0.0	2157535	966	15026.2993904	4.3
1575702628.87	4300	32	0.0	2290172	920	15485.7412394	4.3
1575702629.68	4300	36	0.0	2055469	715	16043.9420587	4.3
1575702630.56	4300	40	0.0	2169201	773	18845.7518118	4.3
1575702631.45	4300	44	0.0	2173522	789	20651.3945524	4.3
1575702632.44	4300	48	0.0	2102452	891	20994.2073511	4.3
1575702633.48	4300	52	0.0	2209463	939	20699.9586813	4.3
1575702634.36	4300	56	0.0	2275376	774	20806.3118398	4.3
