1575702311.75	750	4	1.192	2354772	1084	17378.3911439	-5.1255999999999995
1575702312.37	1850	8	0.0	957685	406	17761.0962563	0.75
1575702312.85	1850	12	0.0	877771	389	17820.5173299	1.85
1575702314.01	4300	16.0	0.0	2160877	1057	17263.5169167	1.8499999999999996
1575702315.56	4300	20	0.0	2233056	1431	15339.0956858	4.3
1575702316.68	4300	24	0.0	1941625	1026	14853.9423393	4.3
1575702317.75	4300	28	0.0	2157535	966	15091.1131549	4.3
1575702318.77	4300	32	0.0	2290172	921	15547.4095937	4.3
1575702319.58	4300	36	0.0	2055469	716	16117.9334882	4.3
1575702320.46	4300	40	0.0	2169201	773	18832.8223507	4.3
1575702321.35	4300	44	0.0	2173522	790	20637.783208	4.3
1575702322.33	4300	48	0.0	2102452	888	20998.4121572	4.3
1575702323.38	4300	52	0.0	2209463	946	20666.9684718	4.3
1575702324.26	4300	56	0.0	2275376	774	20777.3232133	4.3
