1575702932.82	750	4	2.074	2354772	1964	9591.73930754	-8.918199999999999
1575702933.74	1850	8	0.0	957685	709	9886.41529067	0.75
1575702934.49	1850	12	0.0	877771	645	10066.2734235	1.85
1575702935.27	1850	16.0	0.0	933276	683	10204.1449115	1.85
1575702936.91	4300	20	0.0	2233056	1542	10554.1569748	1.8499999999999996
1575702938.26	4300	24	0.0	1941625	1251	11467.5175588	4.3
1575702939.69	4300	28	0.0	2157535	1329	11901.9540786	4.3
1575702941.16	4300	32	0.0	2290172	1364	12332.7879562	4.3
1575702942.44	4300	36	0.0	2055469	1176	12766.4948716	4.3
1575702943.77	4300	40	0.0	2169201	1232	13338.9660842	4.3
1575702945.02	4300	44	0.0	2173522	1156	13833.7792951	4.3
1575702946.25	4300	48	0.0	2102452	1133	14218.0266842	4.3
1575702947.52	4300	52	0.0	2209463	1170	14587.7315534	4.3
1575702948.75	4300	56	0.0	2275376	1133	14986.9578641	4.3
