1575702725.21	750	4	1.188	2354772	1084	17378.3911439	-5.1084
1575702725.83	1850	8	0.0	957685	406	17761.0962563	0.75
1575702726.32	1850	12	0.0	877771	390	17811.2620258	1.85
1575702727.47	4300	16.0	0.0	2160877	1058	17251.6131693	1.8499999999999996
1575702729.02	4300	20	0.0	2233056	1448	15246.6195593	4.3
1575702730.15	4300	24	0.0	1941625	1025	14771.3329485	4.3
1575702731.22	4300	28	0.0	2157535	966	15014.6947777	4.3
1575702732.23	4300	32	0.0	2290172	917	15481.0548314	4.3
1575702733.05	4300	36	0.0	2055469	715	16044.6570482	4.3
1575702733.93	4300	40	0.0	2169201	779	18839.5719924	4.3
1575702734.83	4300	44	0.0	2173522	793	20624.7588873	4.3
1575702735.82	4300	48	0.0	2102452	893	20953.0659229	4.3
1575702736.87	4300	52	0.0	2209463	954	20554.3512154	4.3
1575702737.75	4300	56	0.0	2275376	777	20649.3600738	4.3
