1575703036.18	750	4	2.081	2354772	1971	9557.67427702	-8.9483
1575703037.1	1850	8	0.0	957685	711	9852.90888747	0.75
1575703037.85	1850	12	0.0	877771	654	10014.611502	1.85
1575703038.63	1850	16.0	0.0	933276	679	10168.0674626	1.85
1575703040.27	4300	20	0.0	2233056	1541	10526.8865082	1.8499999999999996
1575703041.62	4300	24	0.0	1941625	1256	11440.9294542	4.3
1575703043.05	4300	28	0.0	2157535	1333	11873.6475506	4.3
1575703044.52	4300	32	0.0	2290172	1376	12307.7824941	4.3
1575703045.81	4300	36	0.0	2055469	1181	12722.6673496	4.3
1575703047.15	4300	40	0.0	2169201	1235	13278.2443683	4.3
1575703048.4	4300	44	0.0	2173522	1157	13776.7268738	4.3
1575703049.63	4300	48	0.0	2102452	1128	14175.7943268	4.3
1575703050.92	4300	52	0.0	2209463	1186	14538.5315193	4.3
1575703052.15	4300	56	0.0	2275376	1140	14932.3630532	4.3
