1575702104.12	750	4	0.269	450283	176	20467.4090909	-1.1567
1575702104.85	1850	8	0.0	957685	509	16149.9135172	0.75
1575702105.31	1850	12	0.0	877771	365	17104.5572152	1.85
1575702106.46	4300	16.0	0.0	2160877	954	17573.6254805	1.8499999999999996
1575702107.72	4300	20	0.0	2233056	1147	16789.3498556	4.3
1575702109.11	4300	24	0.0	1941625	1301	14844.7722387	4.3
1575702110.33	4300	28	0.0	2157535	1113	14969.260625	4.3
1575702111.35	4300	32	0.0	2290172	920	15386.716987	4.3
1575702112.31	4300	36	0.0	2055469	870	15438.1443536	4.3
1575702113.2	4300	40	0.0	2169201	780	16180.5558292	4.3
1575702114.06	4300	44	0.0	2173522	752	19151.1906228	4.3
1575702115.0	4300	48	0.0	2102452	841	20623.2730259	4.3
1575702116.05	4300	52	0.0	2209463	942	20328.9162455	4.3
1575702117.06	4300	56	0.0	2275376	901	20623.0114215	4.3
