1575702209.18	750	4	1.981	2354772	1872	10063.1282051	-8.5183
1575702210.08	1850	8	0.0	957685	682	10351.1834538	0.75
1575702210.8	1850	12	0.0	877771	623	10519.6225295	1.85
1575702211.57	1850	16.0	0.0	933276	678	10603.0206684	1.85
1575702213.18	4300	20	0.0	2233056	1502	10935.773102	1.8499999999999996
1575702214.52	4300	24	0.0	1941625	1241	11727.526729	4.3
1575702215.9	4300	28	0.0	2157535	1286	12166.4711346	4.3
1575702217.36	4300	32	0.0	2290172	1355	12549.9594497	4.3
1575702218.63	4300	36	0.0	2055469	1166	12992.421971	4.3
1575702219.96	4300	40	0.0	2169201	1230	13500.024734	4.3
1575702221.19	4300	44	0.0	2173522	1137	14024.3341911	4.3
1575702222.4	4300	48	0.0	2102452	1103	14375.4415337	4.3
1575702223.67	4300	52	0.0	2209463	1170	14736.5819341	4.3
1575702224.91	4300	56	0.0	2275376	1134	15117.0989991	4.3
