1575615075.12	750	4	2.398	2354772	2285	7073.96061269	-10.3114
1575615078.5	4300	8	0.0	2123065	3245	4222.78481013	0.75
1575615085.07	4300	12	0.0	2177073	6433	1357.18465268	4.3
1575615090.78	4300	16.0	0.0	2160877	5572	6049.6150556	4.3
1575615093.98	4300	20	0.0	2233056	3055	6381.73870811	4.3
1575615096.71	4300	24	0.0	1941625	2596	6602.55490168	4.3
1575615099.34	4300	28	0.0	2157535	2500	6778.13058146	4.3
1575615102.36	4300	32	0.0	2290172	2879	6089.62775569	4.3
1575615105.39	4300	36	0.0	2055469	2903	5641.28328429	4.3
1575615109.81	4300	40	0.0	2169201	4276	3606.96845717	4.3
1575615115.78	4300	44	0.0	2173522	5835	5424.88990377	4.3
1575615118.99	4300	48	0.0	2102452	3067	4971.51898734	4.3
1575615123.42	4300	52	0.0	2209463	4293	4414.44978895	4.3
1575615130.45	4300	56	0.0	2275376	6894	3149.59983583	4.3
