1575614350.17	750	4	0.546	450283	437	13839.8169336	-2.3478
1575614352.65	4300	8	0.0	2123065	2244	7161.50690041	0.75
1575614356.69	4300	12	0.0	2177073	3904	3706.60592255	4.3
1575614365.47	4300	16.0	0.0	2160877	8638	5284.63509164	4.3
1575614368.72	4300	20	0.0	2233056	3106	6236.01942277	4.3
1575614371.23	4300	24	0.0	1941625	2379	6340.0917567	4.3
1575614374.38	4300	28	0.0	2157535	3013	6727.18631179	4.3
1575614377.32	4300	32	0.0	2290172	2779	6510.67034898	4.3
1575614380.03	4300	36	0.0	2055469	2573	6077.97833935	4.3
1575614383.27	4300	40	0.0	2169201	3107	4583.06259476	4.3
1575614388.46	4300	44	0.0	2173522	5043	2692.09809264	4.3
1575614393.53	4300	48	0.0	2102452	4934	5714.90561944	4.3
1575614396.98	4300	52	0.0	2209463	3318	4300.39525692	4.3
1575614401.6	4300	56	0.0	2275376	4470	3449.59754695	4.3
