1575615179.92	750	4	3.749	2354772	3624	5311.25827815	-16.1207
1575615184.17	4300	8	0.0	2123065	4112	2872.8024819	0.75
1575615192.86	4300	12	0.0	2177073	8549	6187.53454099	4.3
1575615195.95	4300	16.0	0.0	2160877	2945	6100.46801872	4.3
1575615198.89	4300	20	0.0	2233056	2804	6540.80058092	4.3
1575615201.55	4300	24	0.0	1941625	2516	6821.17939406	4.3
1575615204.34	4300	28	0.0	2157535	2660	6414.70678854	4.3
1575615207.61	4300	32	0.0	2290172	3136	5414.97759761	4.3
1575615211.03	4300	36	0.0	2055469	3283	4021.11257726	4.3
1575615217.32	4300	40	0.0	2169201	6151	3208.61039107	4.3
1575615221.01	4300	44	0.0	2173522	3555	5522.49134948	4.3
1575615224.52	4300	48	0.0	2102452	3372	4065.24080628	4.3
1575615228.89	4300	52	0.0	2209463	4234	3146.39475601	4.3
1575615236.48	4300	56	0.0	2275376	7448	2866.72051696	4.3
