1575614661.65	750	4	2.34	2354772	2213	7857.20741075	-10.062
1575614665.03	4300	8	0.0	2123065	3226	4249.31053502	0.75
1575614671.56	4300	12	0.0	2177073	6394	1484.66153976	4.3
1575614677.38	4300	16.0	0.0	2160877	5633	5993.81655788	4.3
1575614680.56	4300	20	0.0	2233056	3042	6255.11995319	4.3
1575614683.28	4300	24	0.0	1941625	2589	6593.56445125	4.3
1575614685.96	4300	28	0.0	2157535	2539	6808.93201961	4.3
1575614688.99	4300	32	0.0	2290172	2886	6111.81017437	4.3
1575614691.97	4300	36	0.0	2055469	2843	5797.53939132	4.3
1575614696.49	4300	40	0.0	2169201	4383	3622.04724409	4.3
1575614702.47	4300	44	0.0	2173522	5846	5423.58220252	4.3
1575614705.67	4300	48	0.0	2102452	3072	4975.30215449	4.3
1575614710.09	4300	52	0.0	2209463	4284	4429.21480321	4.3
1575614717.08	4300	56	0.0	2275376	6856	3100.52780164	4.3
