1575614763.33	750	4	0.554	450283	454	13718.061674	-2.3822
1575614765.71	4300	8	0.0	2123065	2164	6884.644767	0.75
1575614769.56	4300	12	0.0	2177073	3720	3913.5373935	4.3
1575614778.29	4300	16.0	0.0	2160877	8584	4683.55448331	4.3
1575614781.55	4300	20	0.0	2233056	3126	6213.43085106	4.3
1575614784.29	4300	24	0.0	1941625	2608	6462.72646273	4.3
1575614787.36	4300	28	0.0	2157535	2934	6706.08430288	4.3
1575614790.27	4300	32	0.0	2290172	2773	6633.70786517	4.3
1575614792.82	4300	36	0.0	2055469	2421	6098.68705814	4.3
1575614796.17	4300	40	0.0	2169201	3216	4799.31192661	4.3
1575614801.1	4300	44	0.0	2173522	4740	3163.392191	4.3
1575614806.4	4300	48	0.0	2102452	5166	5398.55863726	4.3
1575614809.81	4300	52	0.0	2209463	3269	4493.94003827	4.3
1575614814.49	4300	56	0.0	2275376	4501	3690.4078116	4.3
