1575614455.22	750	4	2.388	2354772	2282	7288.34355828	-10.2684
1575614458.59	4300	8	0.0	2123065	3243	4248.32579186	0.75
1575614465.21	4300	12	0.0	2177073	6483	1355.09660227	4.3
1575614470.87	4300	16.0	0.0	2160877	5505	6007.87986067	4.3
1575614474.06	4300	20	0.0	2233056	3052	6307.80452225	4.3
1575614476.79	4300	24	0.0	1941625	2594	6607.27115965	4.3
1575614479.42	4300	28	0.0	2157535	2506	6792.45283019	4.3
1575614482.44	4300	32	0.0	2290172	2879	6113.93323657	4.3
1575614485.48	4300	36	0.0	2055469	2903	5726.9987082	4.3
1575614489.89	4300	40	0.0	2169201	4275	3657.71590684	4.3
1575614495.86	4300	44	0.0	2173522	5838	5419.27069181	4.3
1575614499.06	4300	48	0.0	2102452	3061	4994.72462545	4.3
1575614503.5	4300	52	0.0	2209463	4294	4418.04526042	4.3
1575614510.53	4300	56	0.0	2275376	6896	3105.40141192	4.3
