1575615281.82	750	4	2.406	2354772	2291	7139.24050633	-10.3458
1575615285.2	4300	8	0.0	2123065	3245	4218.20809249	0.75
1575615291.84	4300	12	0.0	2177073	6500	1295.11465603	4.3
1575615297.48	4300	16.0	0.0	2160877	5494	6037.6497433	4.3
1575615300.67	4300	20	0.0	2233056	3052	6366.72820911	4.3
1575615303.38	4300	24	0.0	1941625	2589	6594.82758621	4.3
1575615306.03	4300	28	0.0	2157535	2500	6785.19990067	4.3
1575615309.04	4300	32	0.0	2290172	2879	6067.57902386	4.3
1575615312.08	4300	36	0.0	2055469	2902	5688.83781066	4.3
1575615316.5	4300	40	0.0	2169201	4277	3624.48009507	4.3
1575615322.47	4300	44	0.0	2173522	5838	5430.52837573	4.3
1575615325.66	4300	48	0.0	2102452	3058	4985.75498575	4.3
1575615330.09	4300	52	0.0	2209463	4289	4428.40306423	4.3
1575615337.12	4300	56	0.0	2275376	6891	3121.58666283	4.3
