1575614973.31	750	4	3.749	2354772	3586	5364.19408812	-16.1207
1575614977.55	4300	8	0.0	2123065	4109	2881.87134503	0.75
1575614986.25	4300	12	0.0	2177073	8572	6165.61136042	4.3
1575614989.33	4300	16.0	0.0	2160877	2937	6131.22266195	4.3
1575614992.26	4300	20	0.0	2233056	2797	6455.16112904	4.3
1575614994.91	4300	24	0.0	1941625	2512	6809.38500502	4.3
1575614997.71	4300	28	0.0	2157535	2655	6424.27977199	4.3
1575615001.0	4300	32	0.0	2290172	3147	5432.80182232	4.3
1575615004.44	4300	36	0.0	2055469	3307	4015.81356638	4.3
1575615010.73	4300	40	0.0	2169201	6146	3211.57201553	4.3
1575615014.42	4300	44	0.0	2173522	3548	5542.73254268	4.3
1575615017.94	4300	48	0.0	2102452	3382	4061.44393241	4.3
1575615022.31	4300	52	0.0	2209463	4237	3136.76042677	4.3
1575615029.9	4300	56	0.0	2275376	7449	2859.21977223	4.3
