1575614558.47	750	4	2.413	2354772	2291	7118.28895679	-10.3759
1575614561.85	4300	8	0.0	2123065	3246	4226.11522485	0.75
1575614568.47	4300	12	0.0	2177073	6470	1322.22869993	4.3
1575614574.13	4300	16.0	0.0	2160877	5522	6032.51754236	4.3
1575614577.32	4300	20	0.0	2233056	3051	6364.43148688	4.3
1575614580.04	4300	24	0.0	1941625	2596	6593.24874312	4.3
1575614582.68	4300	28	0.0	2157535	2500	6777.89363921	4.3
1575614585.7	4300	32	0.0	2290172	2879	6062.36403191	4.3
1575614588.74	4300	36	0.0	2055469	2904	5685.5707107	4.3
1575614593.15	4300	40	0.0	2169201	4276	3618.60772022	4.3
1575614599.12	4300	44	0.0	2173522	5835	5427.85690986	4.3
1575614602.31	4300	48	0.0	2102452	3057	4989.71030552	4.3
1575614606.75	4300	52	0.0	2209463	4291	4428.62053725	4.3
1575614613.79	4300	56	0.0	2275376	6896	3131.18456169	4.3
