1575614870.05	750	4	3.763	2354772	3606	5334.44259567	-16.1809
1575614874.3	4300	8	0.0	2123065	4117	2877.63822349	0.75
1575614883.01	4300	12	0.0	2177073	8575	6171.554792	4.3
1575614886.06	4300	16.0	0.0	2160877	2918	6127.39383847	4.3
1575614889.0	4300	20	0.0	2233056	2797	6533.41207468	4.3
1575614891.65	4300	24	0.0	1941625	2511	6809.44640979	4.3
1575614894.44	4300	28	0.0	2157535	2655	6432.97697368	4.3
1575614897.73	4300	32	0.0	2290172	3147	5444.82463644	4.3
1575614901.16	4300	36	0.0	2055469	3304	4008.60274733	4.3
1575614907.46	4300	40	0.0	2169201	6147	3212.11438865	4.3
1575614911.15	4300	44	0.0	2173522	3548	5543.32216371	4.3
1575614914.66	4300	48	0.0	2102452	3379	4062.48399488	4.3
1575614919.03	4300	52	0.0	2209463	4238	3146.10011641	4.3
1575614926.61	4300	56	0.0	2275376	7430	2883.35623636	4.3
