1576244402.57	750	4	2.469	2354772	2356	7995.83022071	-10.6167
1576244406.03	4300	8	0.0	2123065	3328	6003.68217957	0.75
1576244415.31	4300	12	0.0	2177073	9150	2578.11842034	4.3
1576244418.44	4300	16.0	0.0	2160877	2996	2842.32062522	4.3
1576244421.56	4300	20	0.0	2233056	2995	3073.72852664	4.3
1576244424.4	4300	24	0.0	1941625	2712	3045.86850084	4.3
1576244427.09	4300	28	0.0	2157535	2550	3054.96178913	4.3
1576244429.98	4300	32	0.0	2290172	2768	6123.30267467	4.3
1576244433.5	4300	36	0.0	2055469	3378	5844.24161425	4.3
1576244438.52	4300	40	0.0	2169201	4881	4883.92665582	4.3
1576244444.65	4300	44	0.0	2173522	5997	3970.36580556	4.3
1576244447.95	4300	48	0.0	2102452	3166	3920.9694786	4.3
1576244452.39	4300	52	0.0	2209463	4305	3759.28981396	4.3
1576244460.49	4300	56	0.0	2275376	7969	3069.39730317	4.3
