1576243819.29	750	4	2.47	2354772	2367	7958.67173638	-10.621
1576243822.82	4300	8	0.0	2123065	3390	5910.4746735	0.75
1576243832.3	4300	12	0.0	2177073	9348	2521.12041146	4.3
1576243835.73	4300	16.0	0.0	2160877	3297	2779.67789199	4.3
1576243838.61	4300	20	0.0	2233056	2742	3002.95739792	4.3
1576243841.47	4300	24	0.0	1941625	2729	2977.38918709	4.3
1576243844.25	4300	28	0.0	2157535	2647	2986.44080717	4.3
1576243847.2	4300	32	0.0	2290172	2807	6013.19902299	4.3
1576243850.29	4300	36	0.0	2055469	2947	6125.92259209	4.3
1576243855.66	4300	40	0.0	2169201	5233	4782.23086773	4.3
1576243861.43	4300	44	0.0	2173522	5629	4043.09637309	4.3
1576243864.87	4300	48	0.0	2102452	3301	3978.36326288	4.3
1576243869.21	4300	52	0.0	2209463	4194	3823.8123054	4.3
1576243877.35	4300	56	0.0	2275376	7958	3087.76950673	4.3
