1576244319.11	750	4	2.395	2354772	2293	8215.51504579	-10.2985
1576244322.51	4300	8	0.0	2123065	3259	6138.57149011	0.75
1576244330.63	4300	12	0.0	2177073	7989	2963.66483966	4.3
1576244335.03	4300	16.0	0.0	2160877	4009	3191.64898756	4.3
1576244338.22	4300	20	0.0	2233056	3054	3422.12597065	4.3
1576244341.01	4300	24	0.0	1941625	2657	3384.00615313	4.3
1576244343.97	4300	28	0.0	2157535	2833	3403.32660012	4.3
1576244346.9	4300	32	0.0	2290172	2779	5489.79222995	4.3
1576244350.06	4300	36	0.0	2055469	3029	5927.99924911	4.3
1576244355.24	4300	40	0.0	2169201	5028	4865.06494913	4.3
1576244361.04	4300	44	0.0	2173522	5631	4084.81544375	4.3
1576244364.36	4300	48	0.0	2102452	3191	4040.518614	4.3
1576244368.91	4300	52	0.0	2209463	4417	3838.87058121	4.3
1576244377.12	4300	56	0.0	2275376	8081	3071.94666684	4.3
