1576243985.95	750	4	2.468	2354772	2356	7995.83022071	-10.6124
1576243989.42	4300	8	0.0	2123065	3334	5995.11697117	0.75
1576243998.7	4300	12	0.0	2177073	9145	2579.59180412	4.3
1576244001.81	4300	16.0	0.0	2160877	2965	2843.69812131	4.3
1576244004.94	4300	20	0.0	2233056	2998	3075.4547002	4.3
1576244007.78	4300	24	0.0	1941625	2714	3047.48110165	4.3
1576244010.75	4300	28	0.0	2157535	2842	3058.78412957	4.3
1576244013.68	4300	32	0.0	2290172	2791	6015.15682913	4.3
1576244016.8	4300	36	0.0	2055469	2987	5939.41428114	4.3
1576244022.09	4300	40	0.0	2169201	5157	4790.51935228	4.3
1576244027.61	4300	44	0.0	2173522	5382	4134.3862341	4.3
1576244030.96	4300	48	0.0	2102452	3200	4087.39532287	4.3
1576244035.47	4300	52	0.0	2209463	4371	3884.79988772	4.3
1576244043.59	4300	56	0.0	2275376	7986	3109.74927418	4.3
