1576244568.95	750	4	2.394	2354772	2290	8226.27772926	-10.2942
1576244572.36	4300	8	0.0	2123065	3268	6126.72065806	0.75
1576244580.56	4300	12	0.0	2177073	8065	2934.86038184	4.3
1576244585.05	4300	16.0	0.0	2160877	4164	3151.04769667	4.3
1576244588.16	4300	20	0.0	2233056	2977	3381.2700096	4.3
1576244590.99	4300	24	0.0	1941625	2693	3344.23237427	4.3
1576244593.95	4300	28	0.0	2157535	2837	3362.46029433	4.3
1576244596.87	4300	32	0.0	2290172	2785	5412.44405982	4.3
1576244599.98	4300	36	0.0	2055469	2952	5978.3765245	4.3
1576244605.36	4300	40	0.0	2169201	5219	4770.15407336	4.3
1576244611.22	4300	44	0.0	2173522	5727	4003.74566117	4.3
1576244614.6	4300	48	0.0	2102452	3235	3958.79237611	4.3
1576244618.97	4300	52	0.0	2209463	4227	3801.49514292	4.3
1576244627.48	4300	56	0.0	2275376	8384	2993.37729525	4.3
