1576244235.97	750	4	2.486	2354772	2372	7941.89544688	-10.6898
1576244239.42	4300	8	0.0	2123065	3309	6022.19718195	0.75
1576244248.71	4300	12	0.0	2177073	9146	2580.3149602	4.3
1576244251.9	4300	16.0	0.0	2160877	3057	2844.69441157	4.3
1576244255.02	4300	20	0.0	2233056	2978	3075.52900755	4.3
1576244257.84	4300	24	0.0	1941625	2690	3047.30339361	4.3
1576244260.82	4300	28	0.0	2157535	2842	3057.86327228	4.3
1576244263.74	4300	32	0.0	2290172	2787	5993.86749561	4.3
1576244266.84	4300	36	0.0	2055469	2933	5985.69700891	4.3
1576244271.8	4300	40	0.0	2169201	4836	4983.01189609	4.3
1576244277.65	4300	44	0.0	2173522	5714	4118.59525105	4.3
1576244280.99	4300	48	0.0	2102452	3201	4072.01706002	4.3
1576244285.5	4300	52	0.0	2209463	4371	3871.39574779	4.3
1576244293.45	4300	56	0.0	2275376	7812	3136.64976413	4.3
