1576244152.61	750	4	2.475	2354772	2365	7965.40211416	-10.6425
1576244156.07	4300	8	0.0	2123065	3323	6006.01977763	0.75
1576244165.39	4300	12	0.0	2177073	9186	2568.02195059	4.3
1576244168.47	4300	16.0	0.0	2160877	2947	2831.24875657	4.3
1576244171.59	4300	20	0.0	2233056	2989	3062.77050772	4.3
1576244174.44	4300	24	0.0	1941625	2722	3034.87129602	4.3
1576244177.12	4300	28	0.0	2157535	2547	3043.29614493	4.3
1576244180.02	4300	32	0.0	2290172	2770	6145.18242767	4.3
1576244183.55	4300	36	0.0	2055469	3394	5833.49673623	4.3
1576244188.56	4300	40	0.0	2169201	4867	4884.38067614	4.3
1576244194.54	4300	44	0.0	2173522	5852	4023.05818092	4.3
1576244197.84	4300	48	0.0	2102452	3162	3970.68086559	4.3
1576244202.35	4300	52	0.0	2209463	4375	3790.0436298	4.3
1576244210.46	4300	56	0.0	2275376	7968	3085.3059885	4.3
