1576244485.6	750	4	2.386	2354772	2286	8240.67191601	-10.2598
1576244488.97	4300	8	0.0	2123065	3242	6168.01455837	0.75
1576244496.23	4300	12	0.0	2177073	7121	3321.90815289	4.3
1576244501.43	4300	16.0	0.0	2160877	4981	3362.60860496	4.3
1576244504.6	4300	20	0.0	2233056	3045	3588.17976783	4.3
1576244507.38	4300	24	0.0	1941625	2616	3545.06084053	4.3
1576244510.33	4300	28	0.0	2157535	2825	3568.92580414	4.3
1576244513.23	4300	32	0.0	2290172	2771	4956.2532253	4.3
1576244516.44	4300	36	0.0	2055469	3070	5934.41428519	4.3
1576244521.38	4300	40	0.0	2169201	4811	4983.93920139	4.3
1576244526.83	4300	44	0.0	2173522	5289	4267.75122049	4.3
1576244530.03	4300	48	0.0	2102452	3053	4231.27228917	4.3
1576244534.61	4300	52	0.0	2209463	4447	3983.67764281	4.3
1576244542.15	4300	56	0.0	2275376	7413	3276.36045686	4.3
