1576243902.6	750	4	2.468	2354772	2368	7955.31081081	-10.6124
1576243906.07	4300	8	0.0	2123065	3328	5997.29496393	0.75
1576243915.48	4300	12	0.0	2177073	9275	2542.17344415	4.3
1576243918.99	4300	16.0	0.0	2160877	3376	2801.77107708	4.3
1576243921.9	4300	20	0.0	2233056	2749	3026.08796488	4.3
1576243924.77	4300	24	0.0	1941625	2742	2999.54497819	4.3
1576243927.79	4300	28	0.0	2157535	2887	3009.06878088	4.3
1576243930.84	4300	32	0.0	2290172	2914	5837.50722286	4.3
1576243933.9	4300	36	0.0	2055469	2937	5983.62997547	4.3
1576243939.44	4300	40	0.0	2169201	5388	4649.58421664	4.3
1576243944.76	4300	44	0.0	2173522	5153	4127.46224452	4.3
1576243948.19	4300	48	0.0	2102452	3295	4073.01560088	4.3
1576243952.56	4300	52	0.0	2209463	4218	3904.13829074	4.3
1576243960.7	4300	56	0.0	2275376	7960	3121.85746367	4.3
