1576244069.19	750	4	2.456	2354772	2349	8019.65772669	-10.5608
1576244072.6	4300	8	0.0	2123065	3279	6078.12830998	0.75
1576244081.43	4300	12	0.0	2177073	8688	2721.7658426	4.3
1576244085.25	4300	16.0	0.0	2160877	3244	2992.20883522	4.3
1576244088.35	4300	20	0.0	2233056	2967	3226.83294349	4.3
1576244091.2	4300	24	0.0	1941625	2714	3193.20469245	4.3
1576244093.91	4300	28	0.0	2157535	2571	3207.59325652	4.3
1576244096.82	4300	32	0.0	2290172	2775	5998.7415076	4.3
1576244099.99	4300	36	0.0	2055469	3028	6037.8123004	4.3
1576244105.09	4300	40	0.0	2169201	4962	4932.5927303	4.3
1576244110.89	4300	44	0.0	2173522	5651	4113.13429352	4.3
1576244114.21	4300	48	0.0	2102452	3189	4052.41184658	4.3
1576244118.71	4300	52	0.0	2209463	4352	3858.93911326	4.3
1576244126.73	4300	56	0.0	2275376	7888	3118.93873298	4.3
