1594475698.2	750	3.999517	0.33	181801	234	6215.41880342	-1.419
1594475701.53	4300	4.669276	0.0	2123065	3072	5572.38533799	0.75
1594475706.27	4300	4.498291	0.564	2177073	4579	4387.50445137	1.8748
1594475714.6	4300	4.312938	4.145	2160877	8178	2835.01538052	-13.523499999999999
1594475716.84	2850	6.066888	0.0	1472558	2010	3007.71544805	1.4000000000000001
1594475719.33	4300	7.574986	0.0	1941625	2347	3191.02982872	2.8499999999999996
1594475722.46	4300	8.446744	0.0	2157535	2986	3197.17698468	4.3
1594475725.43	4300	9.475388	0.0	2290172	2825	3324.44167484	4.3
1594475728.21	4300	10.695296	0.0	2055469	2639	6177.21861606	4.3
1594475731.48	4300	11.431053	0.0	2169201	3125	6071.37041131	4.3
1594475736.85	4300	10.059346	0.0	2173522	5216	4793.1897255	4.3
1594475741.65	4300	9.257809	0.0	2102452	4663	4315.68657876	4.3
1594475745.18	4300	9.735592	0.0	2209463	3364	4238.93365399	4.3
1594475749.84	4300	9.063083	0.0	2275376	4470	4039.89323945	4.3
1594475757.13	4300	5.775533	0.0	2005399	7137	3198.07838185	4.3
1594475766.08	4300	4.457147	3.632	2152483	8777	2660.38488736	-11.317599999999999
1594475771.25	2850	4.340613	1.046	1491626	5010	2502.88319497	-3.0977999999999994
1594475775.13	2850	4.45472	0.0	1358801	3737	2400.69238518	2.85
1594475778.59	1850	5.000352	0.0	987708	3213	2258.24267856	0.8500000000000001
1594475780.66	1850	6.926643	0.0	923755	1934	2343.40510273	1.85
1594475783.78	2850	7.810812	0.0	1415116	2966	2820.43610154	1.85
1594475786.09	2850	9.502853	0.0	1468126	2160	3279.78428754	2.85
1594475788.84	4300	10.745924	0.0	2221506	2611	3822.55058796	2.8499999999999996
1594475790.45	4300	13.13267	0.0	2044075	1454	5072.20267238	4.3
1594475792.22	4300	15.372072	0.0	2186790	1594	5885.62661285	4.3
1594475794.65	4300	16.934922	0.0	2105231	2282	7402.37825209	4.3
1594475797.91	4300	17.681383	0.0	2395588	3108	7509.40753737	4.3
1594475800.47	4300	19.113649	0.0	1972048	2412	7449.26613854	4.3
1594475802.15	4300	21.441844	0.0	2134614	1523	7463.10225572	4.3
1594475803.8	4300	23.787569	0.0	2164140	1513	7474.23343642	4.3
1594475805.12	4300	26.470339	0.0	2113193	1149	7961.83770413	4.3
1594475806.89	4300	28.694427	0.0	2147852	1639	9453.15783035	4.3
1594475809.3	4300	30.285776	0.0	2191074	2239	10226.0406057	4.3
1594475811.85	4300	31.741964	0.0	2286761	2398	9243.20962545	4.3
1594475815.38	4300	32.209359	0.0	2307787	3385	7427.57829579	4.3
1594475822.45	4300	29.134054	0.0	2143948	6903	3985.99913671	4.3
1594475830.37	4300	25.221588	0.0	1919781	7687	2881.73945165	4.3
1594475833.57	4300	26.017565	0.0	2147467	3062	2890.92458623	4.3
1594475835.75	4300	27.833145	0.0	2133870	2036	2871.59795293	4.3
1594475837.39	4300	30.202502	0.0	2146120	1473	2806.25828938	4.3
1594475839.45	4300	32.144273	0.0	2108491	1907	3247.29449606	4.3
1594475842.77	4300	32.813343	0.0	2184571	3165	6833.83557937	4.3
1594475848.79	4300	30.801984	0.0	2121928	5862	4538.59809371	4.3
1594475855.06	4300	28.528367	0.0	2219102	6116	3670.50236035	4.3
1594475858.12	4300	29.464197	0.0	2124950	2919	3683.43769602	4.3
1594475861.27	4300	30.317086	0.0	2246506	3001	3690.85327485	4.3
1594475863.72	4300	31.868671	0.0	1961140	2315	3691.72465248	4.3
1594475866.57	4300	33.014997	0.0	2155012	2719	4399.75615352	4.3
1594475868.67	4300	32.600465	0.0	1433658	1979	6117.15581086	4.3

