1594549201.68	750	4	0.012	181801	2	727204	-0.05159999999999998
1594549201.76	4300	8	0.0	2123065	3	1524318.59174	0.75
1594549201.82	4300	12	0.0	2177073	2	1994404.07732	4.3
1594549201.89	4300	16.0	0.0	2160877	3	2481117.27536	4.3
1594549201.96	4300	20	0.0	2233056	3	2867076.04894	4.3
1594549202.01	4300	24	0.0	1941625	3	5923699.6866	4.3
1594549202.09	4300	28	0.0	2157535	2	6294669.32442	4.3
1594549202.15	4300	32	0.0	2290172	2	6329429.48797	4.3
1594549202.22	4300	36	0.0	2055469	2	6754744.29356	4.3
1594549202.29	4300	40	0.0	2169201	2	7317552.57895	4.3
1594549202.35	4300	44	0.0	2173522	2	8666527.76331	4.3
1594549202.43	4300	47.978029	0.0	2102452	11	2341025.91428	4.3
1594549202.52	4300	51.884931	0.0	2209463	4	2385557.7157	4.3
1594549202.59	4300	55.81558	0.0	2275376	4	2436777.52816	4.3
1594549202.66	4300	59.752478	0.0	2005399	5	2414900.57047	4.3
1594549206.74	4300	59.749803	0.0	2152483	3	2441428.40231	4.3
1594549210.79	4300	59.749827	0.0	2289689	2	4407995.43863	4.3
1594549214.86	4300	59.749795	0.0	2059512	2	4676902.84414	4.3
1594549218.93	4300	59.499779	0.0	2220726	4	4647517.45765	4.3
1594549222.99	4300	59.499845	0.0	2156729	2	6142978.17549	4.3
1594549227.04	4300	59.499818	0.0	2039773	2	6526312.94945	4.3
1594549231.1	4300	59.499833	0.0	2176469	2	6486240.68538	4.3
1594549235.15	4300	59.499842	0.0	2221506	2	6548907.52428	4.3
1594549238.71	4300	59.7498	0.0	2044075	2	8500728.75514	4.3
1594549242.77	4300	59.749823	0.0	2186790	2	8523820.73857	4.3
1594549246.82	4300	59.749807	0.0	2105231	1	9114538.71168	4.3
1594549250.88	4300	59.749811	0.0	2395588	2	9312716.0413	4.3
1594549254.94	4300	59.499812	0.0	1972048	3	7622991.70122	4.3
1594549258.99	4300	59.499779	0.0	2134614	2	7683761.64703	4.3
1594549263.05	4300	59.499809	0.0	2164140	2	7669659.15939	4.3
1594549267.1	4300	59.499809	0.0	2113193	2	7427053.9924	4.3
1594549270.66	4300	59.749781	0.0	2147852	2	7308263.75439	4.3
1594549274.72	4300	59.749788	0.0	2191074	1	9075122.25838	4.3
1594549278.77	4300	59.749757	0.0	2286761	2	9220011.01397	4.3
1594549282.82	4300	59.749843	0.0	2307787	2	9357875.26711	4.3
1594549286.88	4300	59.749823	0.0	2143948	2	9391017.34319	4.3
1594549290.94	4300	59.499831	0.0	1919781	4	6223981.62378	4.3
1594549295.01	4300	59.499804	0.0	2147467	1	6219904.6115	4.3
1594549299.06	4300	59.499809	0.0	2133870	2	6165290.13823	4.3
1594549303.11	4300	59.499847	0.0	2146120	2	6109404.35224	4.3
1594549306.68	4300	59.749785	0.0	2108491	2	6096125.94121	4.3
1594549310.73	4300	59.749778	0.0	2184571	2	9076999.66458	4.3
1594549314.78	4300	59.749813	0.0	2121928	2	8554731.8769	4.3
1594549318.84	4300	59.749734	0.0	2219102	2	8621105.69999	4.3
1594549322.89	4300	59.749813	0.0	2124950	1	9129730.28444	4.3
1594549326.95	4300	59.499825	0.0	2246506	2	9266678.53707	4.3
1594549330.99	4300	59.499811	0.0	1961140	2	9024387.14889	4.3
1594549335.02	4300	59.499835	0.0	2155012	2	9057240.43271	4.3
1594549336.55	4300	59.679806	0.0	1433658	1	9350673.64547	4.3

