1594476044.33	750	3.999676	0.212	181801	113	4907.60225412	-0.9115999999999999
1594476046.81	4300	5.521523	0.0	2123065	2223	4679.75099891	0.75
1594476050.85	4300	5.473985	0.0	2177073	3880	5774.66535565	4.3
1594476056.28	2850	4.497832	0.458	1520281	5186	2109.69877656	-0.5693999999999997
1594476060.31	1850	4.475346	0.0	996749	3643	1643.30179569	0.8500000000000001
1594476061.13	750	7.648627	0.0	318564	590	2026.73557941	-0.3500000000000001
1594476061.44	300	11.345486	0.0	153295	165	2506.18107198	-0.15000000000000002
1594476061.8	300	14.985423	0.0	173849	221	2846.62049213	0.3
1594476063.22	1850	17.566693	0.0	852833	1278	3833.33255102	0.30000000000000004
1594476064.55	1850	20.231896	0.0	913888	1190	5095.58477925	1.85
1594476067.61	4300	21.177136	0.0	2173522	2905	6066.38652411	1.8499999999999996
1594476070.22	4300	22.560177	0.0	2102452	2460	6149.18700918	4.3
1594476073.18	4300	23.606645	0.0	2209463	2795	6593.08956702	4.3
1594476076.68	4300	24.099055	0.0	2275376	3343	5851.09463173	4.3
1594476080.8	4300	23.982573	0.0	2005399	3972	4600.68040513	4.3
1594476086.75	4300	22.031309	0.0	2152483	5791	3253.11390373	4.3
1594476090.21	4300	22.573567	0.0	2289689	3318	3609.94858818	4.3
1594476094.5	4300	22.278823	0.0	2059512	4153	4562.32077389	4.3
1594476101.3	4300	19.480478	0.0	2220726	6658	2947.27422318	4.3
1594476108.1	4300	16.686982	0.0	2156729	6637	2614.46695956	4.3
1594476114.88	2850	13.912549	0.0	1415116	6625	1901.57948264	1.4000000000000001
1594476118.77	2850	14.015018	0.0	1468126	3725	2107.19217642	2.85
1594476122.29	1850	14.491291	0.0	968026	3364	2693.23336919	0.8500000000000001
1594476124.97	1850	15.809296	0.0	874175	2539	2391.59610264	1.85
1594476127.0	1850	17.784824	0.0	897976	1887	2909.37326591	1.85
1594476129.2	1850	19.587192	0.0	905935	2039	3712.08199224	1.85
1594476131.19	1850	21.587636	0.0	1076599	1858	3719.93037364	1.85
1594476134.13	4300	22.649893	0.0	1972048	2782	4850.52993237	1.8499999999999996
1594476136.08	4300	24.699242	0.0	2134614	1811	6211.06083219	4.3
1594476137.59	4300	27.188734	0.0	2164140	1365	9520.80446991	4.3
1594476139.57	4300	29.209269	0.0	2113193	1835	11481.4094248	4.3
1594476143.1	4300	29.679009	0.0	2147852	3387	6965.9561565	4.3
1594476145.95	4300	30.832199	0.0	2191074	2710	5365.75384925	4.3
1594476147.87	4300	32.913125	0.0	2286761	1780	7003.94038289	4.3
1594476149.73	4300	35.053694	0.0	2307787	1712	10171.6119358	4.3
1594476151.02	4300	37.766434	0.0	2143948	1143	11101.4590025	4.3
1594476152.33	4300	40.453059	0.0	1919781	1171	13849.8421886	4.3
1594476154.39	4300	42.389729	0.0	2147467	1925	11613.8017056	4.3
1594476157.01	4300	43.771917	0.0	2133870	2482	8031.34038295	4.3
1594476159.21	4300	45.571098	0.0	2146120	2064	7126.22584217	4.3
1594476164.85	4300	43.936457	0.0	2108491	5484	4552.40534021	4.3
1594476174.3	4300	38.487423	0.0	2184571	9303	2018.13221599	4.3
1594476179.11	4300	37.67203	0.0	2121928	4678	2461.81740404	4.3
1594476181.38	4300	39.401116	0.0	2219102	2133	4420.77413423	4.3
1594476183.16	4300	41.619914	0.0	2124950	1640	8471.9248441	4.3
1594476185.31	4300	43.474936	0.0	2246506	2012	9832.46908696	4.3
1594476187.93	4300	44.852929	0.0	1961140	2490	7781.1938468	4.3
1594476192.35	4300	44.429556	0.0	2155012	4304	4854.68678638	4.3
1594476199.45	4300	39.008308	0.0	1433658	6990	1734.34924647	4.3

