1594475472.56	750	4	0.553	450283	458	7865.20524017	-2.3779
1594475475.23	4300	5.312141	0.0	2123065	2403	7184.6178115	0.75
1594475479.4	4300	5.148321	0.0	2177073	4007	5202.65727234	4.3
1594475488.17	4300	4.494902	4.126	2160877	8553	2777.65043791	-13.441799999999997
1594475491.38	4300	5.283892	0.0	2233056	3067	3041.60866305	4.3
1594475493.93	4300	6.742957	0.0	1941625	2377	3196.64462584	4.3
1594475497.03	4300	7.636628	0.0	2157535	2906	3200.59277413	4.3
1594475500.02	4300	8.643162	0.0	2290172	2821	3262.5163195	4.3
1594475502.96	4300	9.702693	0.0	2055469	2760	6117.67489243	4.3
1594475506.55	4300	10.121626	0.0	2169201	3431	5885.20829425	4.3
1594475512.42	4300	8.24985	0.0	2173522	5692	4482.63747506	4.3
1594475516.44	4300	8.22925	0.0	2102452	3772	4311.6416633	4.3
1594475520.16	4300	8.50284	0.0	2209463	3525	4211.90202534	4.3
1594475524.77	4300	7.896709	0.0	2275376	4367	4045.59818872	4.3
1594475531.91	4300	4.75908	0.0	2005399	6976	3247.22034468	4.3
1594475539.55	2850	4.366398	3.252	1471065	7348	2543.39604057	-12.583599999999999
1594475544.7	2850	4.368322	1.151	1491626	4984	2374.80729227	-2.0993
1594475546.94	1850	6.121901	0.0	885714	2010	2268.84083811	0.8500000000000001
1594475550.5	1850	6.559994	0.0	987708	3416	2105.04338656	1.85
1594475553.18	1850	7.88248	0.0	923755	2518	2117.71194489	1.85
1594475556.38	2850	8.685162	0.0	1415116	3032	2752.39040675	1.85
1594475559.23	2850	9.837011	0.0	1468126	2661	3156.82896064	2.85
1594475561.54	2850	11.524792	0.0	1505760	2164	3332.43587734	2.85
1594475563.69	4300	13.376307	0.0	2044075	1949	4258.57913747	2.8499999999999996
1594475565.24	4300	15.827605	0.0	2186790	1402	5217.08926653	4.3
1594475567.05	4300	18.013702	0.0	2105231	1660	6557.75918001	4.3
1594475570.87	4300	18.190957	0.0	2395588	3631	6817.86092046	4.3
1594475572.96	4300	20.099014	0.0	1972048	1909	7392.78662689	4.3
1594475575.36	4300	21.706108	0.0	2134614	2249	7277.18738004	4.3
1594475577.1	4300	23.958682	0.0	2164140	1601	7237.40186763	4.3
1594475578.63	4300	26.435625	0.0	2113193	1349	7301.36947417	4.3
1594475580.03	4300	29.037073	0.0	2147852	1220	9577.89988497	4.3
1594475582.08	4300	30.989562	0.0	2191074	1895	9858.0410647	4.3
1594475584.82	4300	32.248205	0.0	2286761	2543	9557.25620008	4.3
1594475587.15	4300	33.913845	0.0	2307787	2132	9149.72671252	4.3
1594475592.61	4300	32.454397	0.0	2143948	5294	5181.31837724	4.3
1594475601.26	4300	27.807919	0.0	1919781	8436	2870.33609777	4.3
1594475606.83	4300	26.236837	0.0	2147467	5420	2777.64157267	4.3
1594475609.01	4300	28.054257	0.0	2133870	2012	2753.08199036	4.3
1594475610.76	4300	30.298837	0.0	2146120	1612	2722.13935761	4.3
1594475612.7	4300	32.363248	0.0	2108491	1775	2782.93581787	4.3
1594475615.4	4300	33.661869	0.0	2184571	2522	5035.93997985	4.3
1594475619.54	4300	33.522031	0.0	2121928	3964	6373.12310115	4.3
1594475628.05	4300	29.010424	0.0	2219102	8351	3280.01489277	4.3
1594475631.09	4300	29.975488	0.0	2124950	2864	3308.17596762	4.3
1594475634.08	4300	30.982551	0.0	2246506	2770	3340.9029565	4.3
1594475636.94	4300	32.124855	0.0	1961140	2658	3316.35398786	4.3
1594475639.76	4300	33.306074	0.0	2155012	2673	3387.26330937	4.3
1594475641.61	4300	33.136798	0.0	1433658	1663	6265.9976153	4.3

