1594543190.94	750	4	0.299	181801	196	7420.44897959	-1.2857
1594543194.05	4300	4.88747	0.0	2123065	2863	6009.63627669	0.75
1594543197.2	4300	5.743501	0.0	2177073	2981	5925.98443645	4.3
1594543199.79	4300	7.151774	0.0	2160877	2447	6214.77768245	4.3
1594543202.78	4300	8.162314	0.0	2233056	2809	6250.19963018	4.3
1594543205.12	4300	9.823281	0.0	1941625	2183	6362.54533984	4.3
1594543207.49	4300	11.444851	0.0	2157535	2240	6677.96792464	4.3
1594543221.39	4300	4.497369	2.951	2290172	13757	2000.46057788	-8.389299999999999
1594543224.84	4300	5.047987	0.0	2055469	3315	2019.07121274	4.3
1594543230.86	2850	4.448623	1.424	1429765	5770	1879.53747624	-4.723199999999999
1594543232.39	2850	6.926815	0.0	1354548	1377	1840.70179687	2.85
1594543234.4	2850	8.913613	0.0	1519951	1872	1815.41690543	2.85
1594543237.18	2850	10.130889	0.0	1422919	2623	3218.93478546	2.85
1594543241.04	4300	10.270486	0.0	2275376	3705	3242.97444691	2.8499999999999996
1594543243.27	4300	12.045502	0.0	2005399	2079	5574.100286	4.3
1594543245.48	4300	13.833562	0.0	2152483	2064	5705.06508595	4.3
1594543247.74	4300	15.570211	0.0	2289689	2093	5941.91963522	4.3
1594543249.64	4300	17.675314	0.0	2059512	1756	6891.86837998	4.3
1594543251.65	4300	19.658749	0.0	2220726	1882	8642.62092539	4.3
1594543253.55	4300	21.763121	0.0	2156729	1757	9079.98307686	4.3
1594543255.43	4300	23.886891	0.0	2039773	1740	9320.03156131	4.3
1594543257.62	4300	25.696776	0.0	2176469	2052	9253.57318442	4.3
1594543259.86	4300	27.452076	0.0	2221506	2095	9049.8354145	4.3
1594543262.0	4300	29.310284	0.0	2044075	2002	8782.2862746	4.3
1594543264.03	4300	31.287752	0.0	2186790	1884	8707.85867747	4.3
1594543265.79	4300	33.522811	0.0	2105231	1622	8833.52365291	4.3
1594543267.87	4300	35.445708	0.0	2395588	1928	9119.49146958	4.3
1594543269.48	4300	37.837544	0.0	1972048	1471	9522.95642422	4.3
1594543271.18	4300	40.132944	0.0	2134614	1566	10159.1887207	4.3
1594543272.79	4300	42.51945	0.0	2164140	1469	10662.0416233	4.3
1594543274.41	4300	44.900284	0.0	2113193	1482	10854.4838036	4.3
1594543275.98	4300	47.331262	0.0	2147852	1405	11370.2138077	4.3
1594543277.35	4300	49.962895	0.0	2191074	1230	11932.7064655	4.3
1594543278.7	4300	52.608887	0.0	2286761	1217	12675.2666212	4.3
1594543280.73	4300	54.582897	0.0	2307787	1884	11943.8894047	4.3
1594543282.75	4300	56.56742	0.0	2143948	1872	11209.2235124	4.3
1594543284.49	4300	58.825266	0.0	1919781	1606	10671.2216515	4.3
1594543287.67	4300	59.872788	0.0	2147467	1538	10364.4359506	4.3
1594543291.57	4300	59.872801	0.0	2133870	2223	9199.53548127	4.3
1594543295.89	4300	59.622766	0.0	2146120	2170	8763.20107586	4.3
1594543299.48	4300	59.872795	0.0	2108491	1942	8672.79472317	4.3
1594543303.65	4300	59.872778	0.0	2184571	2036	8525.98731305	4.3
1594543307.72	4300	59.622719	0.0	2121928	2430	7870.30737109	4.3
1594543311.5	4300	59.872802	0.0	2219102	2143	7991.32242338	4.3
1594543315.78	4300	59.622757	0.0	2124950	2140	7998.01561322	4.3
1594543319.9	4300	59.622746	0.0	2246506	1966	8067.3729619	4.3
1594543323.53	4300	59.872787	0.0	1961140	2010	7926.54097836	4.3
1594543327.84	4300	59.622722	0.0	2155012	2691	7707.49668351	4.3
1594543329.27	4300	59.718647	0.0	1433658	1326	7703.88988571	4.3

