1594546417.18	750	4	0.018	181801	4	363602	-0.07740000000000002
1594546417.26	4300	8	0.0	2123065	2	533971.813293	0.75
1594546417.35	4300	12	0.0	2177073	4	822692.30103	4.3
1594546417.42	4300	16.0	0.0	2160877	2	968788.825211	4.3
1594546417.5	4300	20	0.0	2233056	3	1163657.19358	4.3
1594546417.59	4300	24	0.0	1941625	2	6055324.49098	4.3
1594546417.65	4300	28	0.0	2157535	2	6065955.71945	4.3
1594546417.74	4300	32	0.0	2290172	2	7624234.17074	4.3
1594546417.87	4300	35.977971	0.0	2055469	31	670544.308396	4.3
1594546417.94	4300	39.903034	0.0	2169201	5	693185.305848	4.3
1594546418.01	4300	43.840273	0.0	2173522	3	706656.454788	4.3
1594546418.07	4300	47.776345	0.0	2102452	3	719503.522452	4.3
1594546418.16	4300	51.691492	0.0	2209463	23	715362.359228	4.3
1594546418.29	4300	55.552526	0.0	2275376	5	1154023.99643	4.3
1594546418.35	4300	59.497435	0.0	2005399	2	1104176.08323	4.3
1594546422.41	4300	59.49984	0.0	2152483	2	1082981.36456	4.3
1594546426.46	4300	59.499827	0.0	2289689	1	1036507.18503	4.3
1594546430.52	4300	59.499871	0.0	2059512	2	5575211.46794	4.3
1594546434.57	4300	59.499854	0.0	2220726	2	8962920.98969	4.3
1594546438.12	4300	59.749795	0.0	2156729	2	9121844.58874	4.3
1594546442.19	4300	59.74982	0.0	2039773	2	9004700.51632	4.3
1594546446.24	4300	59.749782	0.0	2176469	2	8513425.45951	4.3
1594546450.3	4300	59.749818	0.0	2221506	2	8643700.48407	4.3
1594546454.35	4300	59.499856	0.0	2044075	1	9064241.30388	4.3
1594546458.41	4300	59.499866	0.0	2186790	1	9777064.37124	4.3
1594546462.46	4300	59.499862	0.0	2105231	2	9868991.22387	4.3
1594546466.51	4300	59.499843	0.0	2395588	2	10131622.9709	4.3
1594546470.58	4300	59.499864	0.0	1972048	2	9779019.3194	4.3
1594546474.14	4300	59.749808	0.0	2134614	2	9080269.82832	4.3
1594546478.2	4300	59.749794	0.0	2164140	1	9074792.37444	4.3
1594546482.25	4300	59.749827	0.0	2113193	2	9082987.88814	4.3
1594546486.3	4300	59.749809	0.0	2147852	2	8867544.94759	4.3
1594546490.36	4300	59.499833	0.0	2191074	3	7844119.36291	4.3
1594546494.41	4300	59.499865	0.0	2286761	1	8217163.57969	4.3
1594546498.46	4300	59.499877	0.0	2307787	2	7973422.60492	4.3
1594546502.51	4300	59.499859	0.0	2143948	2	7995059.69326	4.3
1594546506.56	4300	59.499823	0.0	1919781	2	7822106.15718	4.3
1594546510.13	4300	59.749821	0.0	2147467	2	9019720.00769	4.3
1594546514.18	4300	59.749807	0.0	2133870	1	8984454.87857	4.3
1594546518.23	4300	59.749827	0.0	2146120	2	8840421.26965	4.3
1594546522.29	4300	59.749836	0.0	2108491	2	8806496.28965	4.3
1594546526.35	4300	59.499818	0.0	2184571	2	9087197.53966	4.3
1594546530.41	4300	59.499858	0.0	2121928	2	9061558.18481	4.3
1594546534.46	4300	59.499858	0.0	2219102	3	7630466.34781	4.3
1594546538.51	4300	59.499863	0.0	2124950	3	6904348.41897	4.3
1594546542.56	4300	59.499862	0.0	2246506	2	6962711.31067	4.3
1594546546.1	4300	59.749815	0.0	1961140	2	6858936.34774	4.3
1594546550.14	4300	59.749804	0.0	2155012	2	6873147.81407	4.3
1594546551.66	4300	59.929798	0.0	1433658	1	7540610.10154	4.3

