1594543712.41	750	4	0.635	181801	452	3217.71681416	-2.7305
1594543714.0	1850	6.482744	0.0	957685	1334	4791.47412768	0.75
1594543714.06	4300	10.422573	0.0	2177073	2	4796.83676465	1.8499999999999996
1594543714.12	4300	14.369481	0.0	2160877	3	4804.87843741	4.3
1594543714.19	4300	18.300736	0.0	2233056	2	4810.24112962	4.3
1594543714.24	4300	22.245816	0.0	1941625	2	5781.95520522	4.3
1594543714.3	4300	26.185492	0.0	2157535	3	6844856.69196	4.3
1594543714.37	4300	30.113716	0.0	2290172	3	6452559.24324	4.3
1594543714.43	4300	34.059926	0.0	2055469	2	6907126.72287	4.3
1594543714.48	4300	38.010376	0.0	2169201	1	7001675.56038	4.3
1594543714.53	4300	41.958869	0.0	2173522	2	7126301.72883	4.3
1594543718.07	4300	42.413645	0.0	2102452	3412	4941.09832443	4.3
1594543720.76	4300	43.725323	0.0	2209463	2549	5629.66847119	4.3
1594543723.69	4300	44.800818	0.0	2275376	2791	5885.01730586	4.3
1594543723.75	4300	48.741587	0.0	2005399	2	5885.68873673	4.3
1594543723.8	4300	52.689998	0.0	2152483	1	5885.0172278	4.3
1594543723.85	4300	56.639605	0.0	2289689	2	6718.84508367	4.3
1594543724.9	4300	59.749778	0.0	2059512	2	6538.38390982	4.3
1594543728.95	4300	59.749791	0.0	2220726	1	9698926.70728	4.3
1594543733.03	4300	59.499806	0.0	2156729	2	9909094.58005	4.3
1594543737.09	4300	59.49981	0.0	2039773	1	9869865.68073	4.3
1594543741.14	4300	59.499811	0.0	2176469	2	9733453.73744	4.3
1594543745.19	4300	59.499794	0.0	2221506	1	11016685.5667	4.3
1594543748.75	4300	59.749765	0.0	2044075	2	9712022.285	4.3
1594543752.8	4300	59.749768	0.0	2186790	2	9749743.32311	4.3
1594543756.85	4300	59.749776	0.0	2105231	1	9772436.5997	4.3
1594543760.9	4300	59.749764	0.0	2395588	2	10029887.4686	4.3
1594543764.96	4300	59.749786	0.0	1972048	1	9941174.67503	4.3
1594543769.02	4300	59.49981	0.0	2134614	2	10071015.2679	4.3
1594543773.07	4300	59.499805	0.0	2164140	2	10040767.3177	4.3
1594543777.13	4300	59.499815	0.0	2113193	4	6532799.56272	4.3
1594543781.18	4300	59.499808	0.0	2147852	2	6440715.72238	4.3
1594543784.74	4300	59.749786	0.0	2191074	2	6407869.08513	4.3
1594543788.79	4300	59.749775	0.0	2286761	2	6461642.62	4.3
1594543792.84	4300	59.749789	0.0	2307787	2	6512069.98057	4.3
1594543796.9	4300	59.749772	0.0	2143948	2	8853384.33921	4.3
1594543800.95	4300	59.749784	0.0	1919781	2	8641793.32367	4.3
1594543805.01	4300	59.499792	0.0	2147467	2	8607325.42807	4.3
1594543809.06	4300	59.499813	0.0	2133870	2	8492805.10304	4.3
1594543813.11	4300	59.49981	0.0	2146120	2	8376696.18415	4.3
1594543817.16	4300	59.49981	0.0	2108491	1	8824761.71114	4.3
1594543821.22	4300	59.499805	0.0	2184571	2	9106647.20063	4.3
1594543824.77	4300	59.74979	0.0	2121928	1	9823600.98963	4.3
1594543828.82	4300	59.749776	0.0	2219102	1	10999745.4882	4.3
1594543832.87	4300	59.749788	0.0	2124950	2	10959771.797	4.3
1594543836.92	4300	59.749778	0.0	2246506	2	9975271.65996	4.3
1594543840.96	4300	59.74978	0.0	1961140	1	10991707.6746	4.3
1594543845.0	4300	59.499777	0.0	2155012	3	8182012.42735	4.3
1594543846.53	4300	59.679778	0.0	1433658	2	7181828.79705	4.3

