1594796164.9	750	4	0.3	450283	196	18378.8979592	-1.29
1594796166.43	4300	6.550639	0.0	2123065	1263	13950.5891832	0.75
1594796167.78	4300	9.201925	0.0	2177073	1190	14250.2895663	4.3
1594796169.04	4300	11.937774	0.0	2160877	1129	14551.7590887	4.3
1594796170.54	4300	14.441202	0.0	2233056	1345	14195.502799	4.3
1594796171.82	4300	17.161339	0.0	1941625	1140	13982.7561046	4.3
1594796173.07	4300	19.908762	0.0	2157535	1116	14364.4022255	4.3
1594796174.39	4300	22.590053	0.0	2290172	1178	14531.5512098	4.3
1594796175.56	4300	25.415663	0.0	2055469	1041	14596.2737824	4.3
1594796176.83	4300	28.143873	0.0	2169201	1133	15097.9814116	4.3
1594796178.09	4300	30.8834	0.0	2173522	1105	15567.2599785	4.3
1594796179.29	4300	33.683849	0.0	2102452	1055	15658.5661609	4.3
1594796180.51	4300	36.470743	0.0	2209463	1074	15834.7074963	4.3
1594796181.81	4300	39.16836	0.0	2275376	1149	15843.6322812	4.3
1594796182.94	4300	42.035294	0.0	2005399	997	16005.3150286	4.3
1594796184.16	4300	44.818142	0.0	2152483	1075	16064.7748418	4.3
1594796185.91	4300	47.067129	0.0	2289689	1607	14471.5364878	4.3
1594796187.2	4300	49.780905	0.0	2059512	1146	14146.7521952	4.3
1594796188.47	4300	52.508651	0.0	2220726	1130	14123.582699	4.3
1594796189.7	4300	55.272361	0.0	2156729	1095	14103.962235	4.3
1594796190.87	4300	58.111164	0.0	2039773	1018	14089.4219278	4.3
1594796193.08	4300	59.994884	0.0	2176469	1076	15566.3007769	4.3
1594796197.11	4300	59.994909	0.0	2221506	1394	15006.141376	4.3
1594796201.27	4300	59.744842	0.0	2044075	1020	15043.2387815	4.3
1594796205.05	4300	59.994887	0.0	2186790	1142	14966.3212092	4.3
1594796209.08	4300	59.994905	0.0	2105231	1391	14043.1530809	4.3
1594796213.09	4300	59.994903	0.0	2395588	2368	11168.1169879	4.3
1594796217.44	4300	59.744894	0.0	1972048	1716	10428.8300768	4.3
1594796220.99	4300	59.994807	0.0	2134614	2409	8949.87250325	4.3
1594796225.41	4300	59.744907	0.0	2164140	2783	7722.36900096	4.3
1594796229.07	4300	59.994854	0.0	2113193	2428	7246.43234839	4.3
1594796233.88	4300	59.099951	0.0	2147852	4674	5401.02733318	4.3
1594796237.15	4300	59.994908	0.0	2191074	1131	5412.70183784	4.3
1594796241.4	4300	59.744872	0.0	2286761	1617	5532.61094986	4.3
1594796245.24	4300	59.744878	0.0	2307787	1201	5773.33937522	4.3
1594796249.47	4300	59.744869	0.0	2143948	1095	5942.50251696	4.3
1594796253.05	4300	59.994908	0.0	1919781	1445	12980.8542554	4.3
1594796257.3	4300	59.744899	0.0	2147467	3602	7579.53902844	4.3
1594796261.46	4300	59.744903	0.0	2133870	2018	7326.11736648	4.3
1594796265.27	4300	59.744914	0.0	2146120	1666	7218.14416342	4.3
1594796269.0	4300	59.994854	0.0	2108491	1599	7158.88639804	4.3
1594796273.25	4300	59.744906	0.0	2184571	1605	7212.5664459	4.3
1594796277.44	4300	59.744882	0.0	2121928	1055	10386.3017231	4.3
1594796281.15	4300	59.994763	0.0	2219102	1066	11844.846804	4.3
1594796285.29	4300	59.744905	0.0	2124950	1000	12977.6038216	4.3
1594796289.01	4300	59.994859	0.0	2246506	1089	14472.8273768	4.3
1594796293.07	4300	59.994901	0.0	1961140	929	16609.7002676	4.3
1594796297.24	4300	59.744906	0.0	2155012	1045	16697.4400538	4.3
1594796298.96	4300	59.924905	0.0	1433658	608	16961.1678395	4.3

