1594477838.08	750	3.999675	0.17	181801	69	21078.3768116	-0.731
1594477839.49	4300	6.587289	0.0	2123065	1150	15023.6908203	0.75
1594477840.79	4300	9.284388	0.0	2177073	1158	15031.7426613	4.3
1594477842.0	4300	12.082272	0.0	2160877	1045	15463.0132617	4.3
1594477843.42	4300	14.649476	0.0	2233056	1288	14992.1148609	4.3
1594477844.75	4300	17.329953	0.0	1941625	1181	14530.1150059	4.3
1594477845.98	4300	20.091902	0.0	2157535	1076	14742.3355911	4.3
1594477847.24	4300	22.830246	0.0	2290172	1122	14967.9566588	4.3
1594477848.36	4300	25.711823	0.0	2055469	979	14986.8208021	4.3
1594477849.55	4300	28.524392	0.0	2169201	1042	15587.3318554	4.3
1594477850.78	4300	31.292105	0.0	2173522	1087	16346.5641313	4.3
1594477851.96	4300	34.111233	0.0	2102452	1019	16441.5648657	4.3
1594477853.17	4300	36.899173	0.0	2209463	1068	16488.3341204	4.3
1594477854.42	4300	39.659122	0.0	2275376	1103	16435.9016965	4.3
1594477855.52	4300	42.553766	0.0	2005399	952	16466.9431492	4.3
1594477856.7	4300	45.372924	0.0	2152483	1029	16622.6084072	4.3
1594477858.03	4300	48.039462	0.0	2289689	1192	16346.7148723	4.3
1594477859.67	4300	50.408636	0.0	2059512	1487	14531.3838712	4.3
1594477860.95	4300	53.12503	0.0	2220726	1131	14414.2367313	4.3
1594477862.31	4300	55.767699	0.0	2156729	1213	14056.7043542	4.3
1594477863.47	4300	58.602248	0.0	2039773	1000	13996.114959	4.3
1594477866.69	4300	59.499666	0.0	2176469	1043	14145.9354848	4.3
1594477870.42	4300	59.749714	0.0	2221506	1100	15716.5362855	4.3
1594477874.53	4300	59.74971	0.0	2044075	968	15919.9735529	4.3
1594477878.73	4300	59.499678	0.0	2186790	1057	16510.7398108	4.3
1594477882.35	4300	59.749707	0.0	2105231	1475	14814.6489907	4.3
1594477886.75	4300	59.499659	0.0	2395588	2262	11721.6676472	4.3
1594477890.71	4300	59.499677	0.0	1972048	1805	10453.9688327	4.3
1594477894.73	4300	59.499666	0.0	2134614	2383	8990.31822671	4.3
1594477898.61	4300	59.499645	0.0	2164140	2733	7798.71811748	4.3
1594477902.64	4300	59.499666	0.0	2113193	2376	7355.9007248	4.3
1594477907.16	4300	58.909567	0.0	2147852	4382	5648.0070576	4.3
1594477910.4	4300	59.749696	0.0	2191074	1089	5677.90639788	4.3
1594477914.62	4300	59.49965	0.0	2286761	1580	5826.59231082	4.3
1594477918.38	4300	59.749718	0.0	2307787	1129	6120.84050218	4.3
1594477922.6	4300	59.499658	0.0	2143948	1079	6348.11640321	4.3
1594477926.69	4300	59.499648	0.0	1919781	1447	13247.6766092	4.3
1594477930.44	4300	59.638027	0.0	2147467	3615	7561.60105443	4.3
1594477934.58	4300	59.49969	0.0	2133870	2001	7308.75842014	4.3
1594477938.41	4300	59.749744	0.0	2146120	1692	7198.14992924	4.3
1594477942.64	4300	59.499668	0.0	2108491	1593	7142.72340826	4.3
1594477946.41	4300	59.749694	0.0	2184571	1628	7191.59869077	4.3
1594477950.57	4300	59.749698	0.0	2121928	1006	10379.9362373	4.3
1594477954.75	4300	59.499654	0.0	2219102	1039	11807.8605796	4.3
1594477958.41	4300	59.749694	0.0	2124950	1004	13013.2008807	4.3
1594477962.62	4300	59.499671	0.0	2246506	1076	14535.2249327	4.3
1594477966.62	4300	59.499645	0.0	1961140	883	17043.3066541	4.3
1594477970.76	4300	59.499632	0.0	2155012	1000	17116.8716988	4.3
1594477971.98	4300	59.929699	0.0	1433658	608	17337.4648129	4.3

