1594477259.12	750	4	0.307	181801	210	2887.65162774	-1.3200999999999998
1594477262.24	4300	4.880044	0.0	2123065	2858	3568.86803533	0.75
1594477265.35	4300	5.76345	0.0	2177073	2980	5893.8728818	4.3
1594477267.97	4300	7.144876	0.0	2160877	2456	6073.46796642	4.3
1594477270.9	4300	8.221844	0.0	2233056	2778	6750.68691876	4.3
1594477273.2	4300	9.915098	0.0	1941625	2170	6556.91445878	4.3
1594477275.55	4300	11.567154	0.0	2157535	2209	7266.81077716	4.3
1594477289.48	4300	4.497432	2.855	2290172	13786	1597.24189975	-7.976500000000001
1594477290.26	750	7.710387	0.0	374758	561	1676.31051703	-2.8
1594477290.98	750	10.991278	0.0	362795	588	3057.58096929	0.75
1594477291.32	300	14.651732	0.0	141840	205	3362.7432827	-0.15000000000000002
1594477291.62	300	18.350405	0.0	156148	163	3592.11960009	0.3
1594477291.99	300	21.977962	0.0	160746	216	3801.67529286	0.3
1594477299.44	4300	18.528817	0.0	2275376	7311	3125.74622143	0.2999999999999998
1594477301.8	4300	20.169353	0.0	2005399	2223	3317.97572876	4.3
1594477306.65	4300	19.321189	0.0	2152483	4714	4852.19291119	4.3
1594477309.41	4300	20.55957	0.0	2289689	2627	4328.76573032	4.3
1594477311.71	4300	22.265819	0.0	2059512	2152	7077.3482683	4.3
1594477313.97	4300	24.002173	0.0	2220726	2131	7764.32878705	4.3
1594477316.03	4300	25.945884	0.0	2156729	1921	8509.20792997	4.3
1594477317.9	4300	28.0731	0.0	2039773	1738	9018.32403403	4.3
1594477319.88	4300	30.092048	0.0	2176469	1843	9382.1343348	4.3
1594477321.84	4300	32.135052	0.0	2221506	1811	9498.34671342	4.3
1594477323.72	4300	34.253266	0.0	2044075	1739	9677.66166291	4.3
1594477325.99	4300	35.985719	0.0	2186790	2126	8947.54772517	4.3
1594477328.08	4300	37.888393	0.0	2105231	1959	8303.64532707	4.3
1594477330.46	4300	39.510743	0.0	2395588	2232	8591.14554159	4.3
1594477332.39	4300	41.579128	0.0	1972048	1791	8618.40346241	4.3
1594477334.13	4300	43.841247	0.0	2134614	1595	9043.51091175	4.3
1594477336.06	4300	45.912653	0.0	2164140	1790	10355.3679506	4.3
1594477337.77	4300	48.207052	0.0	2113193	1557	9870.73508138	4.3
1594477339.5	4300	50.467943	0.0	2147852	1575	10777.4850142	4.3
1594477341.12	4300	52.849949	0.0	2191074	1473	11121.254052	4.3
1594477342.87	4300	55.106908	0.0	2286761	1599	11757.0937248	4.3
1594477344.45	4300	57.52636	0.0	2307787	1441	11632.8816301	4.3
1594477346.25	4300	59.853184	0.0	2143948	1160	13578.6450637	4.3
1594477350.62	4300	59.603161	0.0	1919781	1227	12517.2536642	4.3
1594477354.55	4300	59.603188	0.0	2147467	1795	9571.36974295	4.3
1594477358.3	4300	59.853186	0.0	2133870	2113	8079.62001563	4.3
1594477362.29	4300	59.853204	0.0	2146120	2356	7287.46508471	4.3
1594477366.5	4300	59.603202	0.0	2108491	2069	8132.64684185	4.3
1594477370.5	4300	59.603157	0.0	2184571	2362	7399.1766537	4.3
1594477374.48	4300	59.603187	0.0	2121928	2340	7254.48001218	4.3
1594477378.52	4300	59.60316	0.0	2219102	2398	7397.82381503	4.3
1594477382.39	4300	59.603192	0.0	2124950	2227	7622.90193059	4.3
1594477386.12	4300	59.853184	0.0	2246506	2087	8557.23746435	4.3
1594477390.25	4300	59.853194	0.0	1961140	2005	7825.0443556	4.3
1594477394.37	4300	59.853207	0.0	2155012	2491	6921.04438737	4.3
1594477396.02	4300	59.627937	0.0	1433658	1546	7038.61811912	4.3

