1594476544.98	750	4	0.17	181801	70	12504.7357585	-0.731
1594476546.39	4300	6.597351	0.0	2123065	1151	10529.4142794	0.75
1594476547.73	4300	9.257385	0.0	2177073	1186	14392.4752631	4.3
1594476548.94	4300	12.052735	0.0	2160877	1056	14772.6194824	4.3
1594476550.39	4300	14.597378	0.0	2233056	1286	15235.775113	4.3
1594476551.72	4300	17.267985	0.0	1941625	1182	13733.6943227	4.3
1594476552.94	4300	20.04319	0.0	2157535	1076	13671.3132456	4.3
1594476554.2	4300	22.788433	0.0	2290172	1113	15439.6033326	4.3
1594476555.32	4300	25.664752	0.0	2055469	978	16164.9750981	4.3
1594476556.53	4300	28.450768	0.0	2169201	1048	16577.2559351	4.3
1594476557.75	4300	31.232428	0.0	2173522	1083	16455.2420616	4.3
1594476558.89	4300	34.090644	0.0	2102452	997	16238.9420796	4.3
1594476560.11	4300	36.8704	0.0	2209463	1083	16624.3109462	4.3
1594476561.38	4300	39.607622	0.0	2275376	1107	16363.9491373	4.3
1594476562.49	4300	42.492872	0.0	2005399	975	16438.064287	4.3
1594476563.69	4300	45.297203	0.0	2152483	1042	16455.2369456	4.3
1594476565.04	4300	47.944147	0.0	2289689	1205	16202.0255038	4.3
1594476566.65	4300	50.334582	0.0	2059512	1457	14096.80905	4.3
1594476567.91	4300	53.073535	0.0	2220726	1118	12369.0183938	4.3
1594476569.27	4300	55.719817	0.0	2156729	1210	14828.1693141	4.3
1594476570.42	4300	58.56285	0.0	2039773	1000	14578.4785982	4.3
1594476573.13	4300	59.946798	0.0	2176469	1066	16189.8553791	4.3
1594476577.15	4300	59.946816	0.0	2221506	1364	13030.2737753	4.3
1594476581.29	4300	59.696736	0.0	2044075	1001	16113.9711704	4.3
1594476585.07	4300	59.946817	0.0	2186790	1140	15346.945612	4.3
1594476589.12	4300	59.946818	0.0	2105231	1405	11987.8059415	4.3
1594476593.11	4300	59.946803	0.0	2395588	2349	8159.31317318	4.3
1594476597.46	4300	59.696789	0.0	1972048	1716	9172.09383827	4.3
1594476601.51	4300	59.696733	0.0	2134614	2408	7092.02701511	4.3
1594476605.41	4300	59.69681	0.0	2164140	2745	6307.87999051	4.3
1594476609.09	4300	59.946818	0.0	2113193	2429	6895.4212471	4.3
1594476613.89	4300	59.091294	0.0	2147852	4655	4806.23727314	4.3
1594476617.16	4300	59.946757	0.0	2191074	1123	14066.4682895	4.3
1594476621.42	4300	59.696756	0.0	2286761	1623	11272.0261007	4.3
1594476625.2	4300	59.946816	0.0	2307787	1147	15733.2878825	4.3
1594476629.46	4300	59.696771	0.0	2143948	1098	15620.9330111	4.3
1594476633.52	4300	59.696721	0.0	1919781	1417	10839.5271044	4.3
1594476637.25	4300	59.731188	0.0	2147467	3582	7437.21391785	4.3
1594476641.45	4300	59.696752	0.0	2133870	2050	8242.68985548	4.3
1594476645.26	4300	59.946789	0.0	2146120	1660	10244.2601161	4.3
1594476649.47	4300	59.696774	0.0	2108491	1576	10692.4097087	4.3
1594476653.26	4300	59.946805	0.0	2184571	1649	10598.3176892	4.3
1594476657.45	4300	59.696778	0.0	2121928	1052	15808.1370799	4.3
1594476661.12	4300	59.946813	0.0	2219102	1011	17402.4408721	4.3
1594476665.28	4300	59.942787	0.0	2124950	1006	16898.5998515	4.3
1594476669.46	4300	59.696776	0.0	2246506	1054	17043.090424	4.3
1594476673.48	4300	59.696741	0.0	1961140	892	17543.1078044	4.3
1594476677.08	4300	59.946811	0.0	2155012	982	17556.1769264	4.3
1594476678.8	4300	59.876808	0.0	1433658	609	18118.7064258	4.3

