1594797928.19	750	4	0.025	2354772	2	9419088	-0.10750000000000004
1594797928.27	4300	8	0.0	2123065	4	5197644.51174	0.75
1594797928.33	4300	12	0.0	2177073	2	5780199.72607	4.3
1594797928.4	4300	16.0	0.0	2160877	3	5775317.55634	4.3
1594797928.47	4300	20	0.0	2233056	5	4842490.89798	4.3
1594797928.52	4300	24	0.0	1941625	3	4630687.07664	4.3
1594797928.6	4300	28	0.0	2157535	2	5066073.1612	4.3
1594797928.68	4300	32	0.0	2290172	2	5085553.93213	4.3
1594797928.78	4300	36	0.0	2055469	2	5239201.86762	4.3
1594797928.87	4300	40	0.0	2169201	5	5159658.57187	4.3
1594797928.95	4300	44	0.0	2173522	3	5279951.78979	4.3
1594797929.01	4300	47.983381	0.0	2102452	3	5076343.26824	4.3
1594797929.09	4300	51.919279	0.0	2209463	2	5062679.28641	4.3
1594797929.19	4300	55.811969	0.0	2275376	8	3367809.55969	4.3
1594797929.25	4300	59.746586	0.0	2005399	4	3452924.13163	4.3
