1594476270.22	750	3.999874	0.325	181801	220	2982.58182525	-1.3975
1594476273.57	4300	4.640938	0.0	2123065	3074	3385.58183965	0.75
1594476278.26	4300	4.498565	0.55	2177073	4534	4432.0149006	1.9349999999999996
1594476285.72	2850	4.298498	3.254	1520281	7224	1542.51526071	-12.592199999999998
1594476286.03	300	7.98721	0.0	163442	173	1932.58528346	-2.25
1594476286.45	300	11.562112	0.0	126289	294	2289.54815071	0.3
1594476286.78	300	15.237691	0.0	153295	193	2439.93285392	0.3
1594476288.48	1850	17.53916	0.0	1060487	1478	2646.92602178	0.30000000000000004
1594476289.78	1850	20.234922	0.0	852833	1163	5222.99531408	1.85
1594476292.79	4300	21.230323	0.0	2169201	2866	5883.47400223	1.8499999999999996
1594476295.48	4300	22.537367	0.0	2173522	2550	6206.25616781	4.3
1594476298.27	4300	23.74832	0.0	2102452	2651	6601.67501017	4.3
1594476301.38	4300	24.63073	0.0	2209463	2967	6152.513661	4.3
1594476305.99	4300	24.028423	0.0	2275376	4461	4750.08790925	4.3
1594476311.61	4300	22.405494	0.0	2005399	5474	3255.36014591	4.3
1594476315.02	4300	22.995221	0.0	2152483	3271	3506.70793569	4.3
1594476319.46	4300	22.557252	0.0	2289689	4299	4632.54330128	4.3
1594476324.49	4300	21.52516	0.0	2059512	4896	3654.19254355	4.3
1594476330.82	4300	19.193	0.0	2220726	6185	2990.45036871	4.3
1594476341.43	4300	12.580907	0.0	2156729	10473	1756.40671877	4.3
1594476343.71	1850	14.302622	0.0	891604	2136	1933.30895213	-0.6000000000000001
1594476346.31	1850	15.704049	0.0	955231	2460	3238.3642171	1.85
1594476350.08	1850	15.935412	0.0	968026	3599	2567.40934777	1.85
1594476352.03	1850	17.985549	0.0	874175	1801	2403.07298755	1.85
1594476354.09	1850	19.928048	0.0	897976	1918	3806.70102279	1.85
1594476356.89	2850	21.120692	0.0	1480464	2656	3892.65653683	1.85
1594476360.07	4300	21.94109	0.0	2395588	3032	4889.03376351	2.8499999999999996
1594476361.87	4300	24.145073	0.0	1972048	1657	6737.84476992	4.3
1594476363.41	4300	26.602058	0.0	2134614	1406	9536.07824198	4.3
1594476365.47	4300	28.543797	0.0	2164140	1917	11029.9543593	4.3
1594476368.95	4300	29.067176	0.0	2113193	3344	6891.53670336	4.3
1594476371.83	4300	30.184745	0.0	2147852	2741	5514.80276266	4.3
1594476373.54	4300	32.472407	0.0	2191074	1575	6877.2132483	4.3
1594476375.37	4300	34.649466	0.0	2286761	1681	10780.6797574	4.3
1594476376.8	4300	37.217641	0.0	2307787	1287	11236.304373	4.3
1594476378.48	4300	39.538505	0.0	2143948	1542	13367.9516671	4.3
1594476380.41	4300	41.601785	0.0	1919781	1786	10271.3677821	4.3
1594476382.91	4300	43.105611	0.0	2147467	2358	8047.53099247	4.3
1594476384.95	4300	45.075006	0.0	2133870	1888	7563.64144735	4.3
1594476391.58	4300	42.430656	0.0	2146120	6485	4076.60841776	4.3
1594476400.39	4300	37.624043	0.0	2108491	8668	2040.67695374	4.3
1594476404.36	2850	37.653168	0.0	1527299	3817	2299.41107075	1.4000000000000001
1594476405.77	2850	40.244574	0.0	1343002	1269	3741.41599388	2.85
1594476407.4	2850	42.615197	0.0	1587250	1499	7752.58176246	2.85
1594476408.54	2850	45.475532	0.0	1464921	982	8614.60496957	2.85
1594476410.51	4300	47.506953	0.0	2246506	1832	11059.9871134	2.8499999999999996
1594476412.95	4300	49.069388	0.0	1961140	2305	8569.92680661	4.3
1594476417.22	4300	48.795368	0.0	2155012	4146	5174.36946179	4.3
1594476423.73	4300	43.965775	0.0	1433658	6369	1925.0374502	4.3

