1575952497.96	750	4	1.183	2354772	1075	17523.8846512	-5.0869
1575952499.03	4300	8	0.0	2123065	942	17777.0803298	0.75
1575952500.23	4300	12	0.0	2177073	1061	17323.1380647	4.3
1575952501.75	4300	16.0	0.0	2160877	1377	16130.8822341	4.3
1575952503.07	4300	20	0.0	2233056	1181	15531.546973	4.3
1575952504.02	4300	24	0.0	1941625	826	15725.2491574	4.3
1575952505.05	4300	28	0.0	2157535	884	16502.7366787	4.3
1575952506.01	4300	32	0.0	2290172	830	18882.6947402	4.3
1575952506.84	4300	36	0.0	2055469	690	21058.9399978	4.3
1575952507.8	4300	40	0.0	2169201	820	21648.4029577	4.3
1575952508.85	4300	44	0.0	2173522	914	21523.1676983	4.3
1575952509.84	4300	48	0.0	2102452	862	20882.7598376	4.3
1575952510.81	4300	52	0.0	2209463	828	20261.7458279	4.3
1575952511.79	4300	56	0.0	2275376	849	20331.1436015	4.3
