1575952372.17	750	4	1.989	2354772	1866	10095.4855305	-8.5527
1575952373.82	4300	8	0.0	2123065	1519	10638.4340095	0.75
1575952375.48	4300	12	0.0	2177073	1527	10894.2068249	4.3
1575952376.98	4300	16.0	0.0	2160877	1358	11353.0954722	4.3
1575952378.45	4300	20	0.0	2233056	1326	12197.3326868	4.3
1575952379.68	4300	24	0.0	1941625	1100	12932.2143374	4.3
1575952381.04	4300	28	0.0	2157535	1223	13609.0427811	4.3
1575952382.41	4300	32	0.0	2290172	1244	14108.5509807	4.3
1575952383.62	4300	36	0.0	2055469	1076	14561.0167329	4.3
1575952384.86	4300	40	0.0	2169201	1099	14978.379997	4.3
1575952386.11	4300	44	0.0	2173522	1119	15334.8712588	4.3
1575952387.32	4300	48	0.0	2102452	1085	15528.4102634	4.3
1575952388.51	4300	52	0.0	2209463	1057	15888.4659991	4.3
1575952390.26	4300	56	0.0	2275376	1626	14739.6159296	4.3
