1575952625.38	750	4	2.009	2354772	1885	9993.72732095	-8.638699999999998
1575952627.03	4300	8	0.0	2123065	1513	10609.7255243	0.75
1575952628.68	4300	12	0.0	2177073	1520	10892.5766653	4.3
1575952630.18	4300	16.0	0.0	2160877	1354	11361.2744488	4.3
1575952631.63	4300	20	0.0	2233056	1315	12259.1255083	4.3
1575952632.87	4300	24	0.0	1941625	1106	12963.7705257	4.3
1575952634.22	4300	28	0.0	2157535	1214	13653.6241826	4.3
1575952635.59	4300	32	0.0	2290172	1230	14185.6391434	4.3
1575952636.8	4300	36	0.0	2055469	1075	14613.4846258	4.3
1575952638.03	4300	40	0.0	2169201	1082	15112.0223548	4.3
1575952639.27	4300	44	0.0	2173522	1106	15488.0184909	4.3
1575952640.48	4300	48	0.0	2102452	1079	15661.1995785	4.3
1575952641.72	4300	52	0.0	2209463	1099	15857.9319889	4.3
1575952643.53	4300	56	0.0	2275376	1672	14570.0599373	4.3
