1575952434.66	750	4	1.189	2354772	1086	17346.3867403	-5.1127
1575952435.74	4300	8	0.0	2123065	933	17775.2941204	0.75
1575952436.94	4300	12	0.0	2177073	1060	17327.1092878	4.3
1575952438.45	4300	16.0	0.0	2160877	1377	16133.8606514	4.3
1575952439.77	4300	20	0.0	2233056	1184	15569.3180204	4.3
1575952440.74	4300	24	0.0	1941625	825	15725.2373422	4.3
1575952441.79	4300	28	0.0	2157535	914	16338.6355876	4.3
1575952442.73	4300	32	0.0	2290172	810	18854.852581	4.3
1575952443.58	4300	36	0.0	2055469	714	20840.4147735	4.3
1575952444.56	4300	40	0.0	2169201	836	21322.9211531	4.3
1575952445.61	4300	44	0.0	2173522	914	21357.9036476	4.3
1575952446.59	4300	48	0.0	2102452	848	20661.7711761	4.3
1575952447.56	4300	52	0.0	2209463	836	20189.9515803	4.3
1575952448.54	4300	56	0.0	2275376	855	20322.9924628	4.3
