1575952561.29	750	4	1.196	2354772	1086	17346.3867403	-5.1428
1575952562.36	4300	8	0.0	2123065	940	17707.5125191	0.75
1575952563.55	4300	12	0.0	2177073	1056	17302.667437	4.3
1575952565.08	4300	16.0	0.0	2160877	1391	16083.9409084	4.3
1575952566.4	4300	20	0.0	2233056	1180	15532.1849013	4.3
1575952567.36	4300	24	0.0	1941625	828	15704.9407858	4.3
1575952568.39	4300	28	0.0	2157535	893	16413.8017308	4.3
1575952569.33	4300	32	0.0	2290172	803	19010.9012506	4.3
1575952570.19	4300	36	0.0	2055469	712	20999.8498985	4.3
1575952571.14	4300	40	0.0	2169201	825	21568.6035305	4.3
1575952572.2	4300	44	0.0	2173522	914	21492.5639128	4.3
1575952573.19	4300	48	0.0	2102452	859	20683.6393126	4.3
1575952574.16	4300	52	0.0	2209463	830	20233.8572156	4.3
1575952575.14	4300	56	0.0	2275376	846	20354.3276046	4.3
