1575952180.61	750	4	0.27	450283	175	20584.3657143	-1.161
1575952181.84	4300	8	0.0	2123065	1000	18784.4428571	0.75
1575952182.93	4300	12	0.0	2177073	962	18557.8142956	4.3
1575952184.19	4300	16.0	0.0	2160877	1128	17749.7029203	4.3
1575952185.79	4300	20	0.0	2233056	1467	15647.9959498	4.3
1575952186.92	4300	24	0.0	1941625	984	15348.2582262	4.3
1575952187.89	4300	28	0.0	2157535	844	15934.7611132	4.3
1575952188.97	4300	32	0.0	2290172	927	17044.4588283	4.3
1575952189.84	4300	36	0.0	2055469	735	19593.1872954	4.3
1575952190.69	4300	40	0.0	2169201	718	21689.1376373	4.3
1575952191.74	4300	44	0.0	2173522	909	21358.7220799	4.3
1575952192.76	4300	48	0.0	2102452	885	21168.986121	4.3
1575952193.71	4300	52	0.0	2209463	814	21004.5292155	4.3
1575952194.74	4300	56	0.0	2275376	888	20086.9073178	4.3
