1575952751.15	750	4	1.189	2354772	1089	17298.600551	-5.1127
1575952752.23	4300	8	0.0	2123065	940	17683.6194244	0.75
1575952753.41	4300	12	0.0	2177073	1056	17286.7387072	4.3
1575952754.93	4300	16.0	0.0	2160877	1382	16092.2276918	4.3
1575952756.26	4300	20	0.0	2233056	1188	15526.9310894	4.3
1575952757.22	4300	24	0.0	1941625	828	15699.6869738	4.3
1575952758.23	4300	28	0.0	2157535	880	16479.931292	4.3
1575952759.19	4300	32	0.0	2290172	818	18952.2001734	4.3
1575952760.03	4300	36	0.0	2055469	714	20950.4628846	4.3
1575952760.99	4300	40	0.0	2169201	819	21557.7415648	4.3
1575952762.04	4300	44	0.0	2173522	911	21425.9807002	4.3
1575952763.04	4300	48	0.0	2102452	860	20715.9614132	4.3
1575952764.0	4300	52	0.0	2209463	829	20288.7745997	4.3
1575952764.99	4300	56	0.0	2275376	849	20351.7123805	4.3
