1575952688.65	750	4	2.005	2354772	1887	9983.13513514	-8.6215
1575952690.31	4300	8	0.0	2123065	1520	10578.5807255	0.75
1575952691.96	4300	12	0.0	2177073	1519	10874.3279008	4.3
1575952693.45	4300	16.0	0.0	2160877	1360	11333.5062197	4.3
1575952694.93	4300	20	0.0	2233056	1330	12195.7013833	4.3
1575952696.15	4300	24	0.0	1941625	1100	12932.4220771	4.3
1575952697.53	4300	28	0.0	2157535	1234	13562.7817492	4.3
1575952698.9	4300	32	0.0	2290172	1240	14078.8472616	4.3
1575952700.12	4300	36	0.0	2055469	1083	14516.7482773	4.3
1575952701.34	4300	40	0.0	2169201	1085	14985.0481935	4.3
1575952702.58	4300	44	0.0	2173522	1108	15411.5578682	4.3
1575952703.8	4300	48	0.0	2102452	1083	15600.3765678	4.3
1575952704.99	4300	52	0.0	2209463	1058	15981.1752436	4.3
1575952706.74	4300	56	0.0	2275376	1624	14784.8352468	4.3
