1575952244.77	750	4	1.19	2354772	1084	17378.3911439	-5.117
1575952245.85	4300	8	0.0	2123065	941	17713.9139567	0.75
1575952247.04	4300	12	0.0	2177073	1057	17301.7338708	4.3
1575952248.56	4300	16.0	0.0	2160877	1385	16096.7004031	4.3
1575952249.88	4300	20	0.0	2233056	1188	15511.4561525	4.3
1575952250.84	4300	24	0.0	1941625	828	15689.0124191	4.3
1575952251.89	4300	28	0.0	2157535	917	16275.3069441	4.3
1575952252.84	4300	32	0.0	2290172	812	18795.7246781	4.3
1575952253.69	4300	36	0.0	2055469	716	20777.9046623	4.3
1575952254.66	4300	40	0.0	2169201	831	21308.6895644	4.3
1575952255.71	4300	44	0.0	2173522	912	21369.5472286	4.3
1575952256.69	4300	48	0.0	2102452	842	20722.6772381	4.3
1575952257.67	4300	52	0.0	2209463	839	20248.0400236	4.3
1575952258.67	4300	56	0.0	2275376	858	20331.2464225	4.3
