1575952308.08	750	4	1.191	2354772	1084	17378.3911439	-5.1213
1575952309.15	4300	8	0.0	2123065	938	17742.7776615	0.75
1575952310.34	4300	12	0.0	2177073	1059	17310.6034268	4.3
1575952311.87	4300	16.0	0.0	2160877	1393	16085.4321107	4.3
1575952313.19	4300	20	0.0	2233056	1181	15522.4702265	4.3
1575952314.15	4300	24	0.0	1941625	825	15702.6488787	4.3
1575952315.21	4300	28	0.0	2157535	920	16281.3786176	4.3
1575952316.15	4300	32	0.0	2290172	811	18826.6721966	4.3
1575952317.01	4300	36	0.0	2055469	715	20794.5999312	4.3
1575952317.98	4300	40	0.0	2169201	838	21264.7209264	4.3
1575952319.03	4300	44	0.0	2173522	916	21320.1086708	4.3
1575952320.01	4300	48	0.0	2102452	848	20630.9487587	4.3
1575952321.0	4300	52	0.0	2209463	842	20129.5157637	4.3
1575952322.03	4300	56	0.0	2275376	899	20014.4406444	4.3
