1579100256.45	300	4	4.693	450283	4573	787.724469714	-20.179899999999996
1579100259.86	300	4.595942	0.0	155580	2626	634.508613982	0.3
1579100261.29	300	7.164025	0.0	139857	1287	661.614472481	0.3
1579100262.76	300	9.694366	0.0	155432	1312	689.48904543	0.3
1579100264.29	300	12.159868	0.0	163442	1384	713.344358239	0.3
1579100265.5	300	14.953387	0.0	126289	1069	697.922186834	0.3
1579100266.92	300	17.533647	0.0	153295	1275	932.314402089	0.3
1579100268.51	300	19.943289	0.0	173849	1444	952.805298647	0.3
1579100269.91	300	22.536761	0.0	150710	1250	956.110816192	0.3
1579100271.46	300	24.994352	0.0	139105	1397	918.55370918	0.3
1579100273.09	300	27.357472	0.0	141840	1483	876.65416424	0.3
1579100274.86	300	29.585059	0.0	156148	1620	837.682313751	0.3
1579100276.51	300	31.935763	0.0	160746	1498	820.491480567	0.3
1579100278.21	300	34.242471	0.0	179801	1555	819.301979001	0.3
1579100279.57	300	36.885484	0.0	140051	1206	840.100768369	0.3
1579100281.03	300	39.422246	0.0	138313	1302	859.270105087	0.3
1579100282.71	300	41.740204	0.0	143509	1527	855.295245893	0.3
1579100284.47	300	43.982502	0.0	150616	1603	829.184557704	0.3
1579100286.4	300	46.05219	0.0	165384	1776	790.596926633	0.3
1579100287.96	300	48.489019	0.0	140881	1404	774.474364055	0.3
1579100289.68	300	50.766532	0.0	157671	1576	768.19082153	0.3
1579100291.27	300	53.185492	0.0	157812	1436	789.924507505	0.3
1579100292.79	300	55.660508	0.0	163927	1377	824.391943505	0.3
1579100294.1	300	58.355178	0.0	137654	1158	867.245911807	0.3
1579100296.99	300	59.664005	0.0	146754	1242	895.655592699	0.3
1579100300.98	300	59.664049	0.0	153938	1344	926.446353678	0.3
1579100304.91	300	59.664025	0.0	181901	1780	905.462823473	0.3
1579100308.67	300	59.913955	0.0	111155	1106	878.000337408	0.3
1579100312.84	300	59.664027	0.0	153605	1519	851.395016303	0.3
1579100316.61	300	59.913932	0.0	149029	2113	738.756364628	0.3
1579100320.62	300	59.913988	0.0	157421	1359	740.183803273	0.3
1579100324.95	300	59.664078	0.0	157488	1679	726.581437025	0.3
1579100328.97	300	59.664058	0.0	143881	1361	734.375460302	0.3
1579100332.59	300	59.914011	0.0	163444	1466	745.482245704	0.3
1579100336.72	300	59.914026	0.0	179328	1467	866.971910875	0.3
1579100340.82	300	59.664004	0.0	159914	1431	861.814004479	0.3
1579100345.0	300	59.664024	0.0	131610	1523	847.054641337	0.3
1579100348.87	300	59.664048	0.0	124011	1208	842.800406184	0.3
1579100352.84	300	59.663919	0.0	144254	1316	839.23285081	0.3
1579100356.83	300	59.664036	0.0	149991	1839	762.684451479	0.3
1579100360.73	300	59.914042	0.0	147968	1240	766.896199752	0.3
1579100364.6	300	59.914009	0.0	161857	1707	782.714351204	0.3
1579100368.7	300	59.913975	0.0	145210	1437	781.570388874	0.3
1579100372.94	300	59.664066	0.0	172312	1582	783.570746633	0.3
1579100376.85	300	59.664017	0.0	167025	1760	816.650962514	0.3
1579100380.61	300	59.914037	0.0	160064	1618	794.035255837	0.3
1579100384.91	300	59.663924	0.0	137507	1155	823.693623438	0.3
1579100389.01	300	59.664028	0.0	118421	970	845.056084888	0.3
1579100390.53	300	59.84406	0.0	112270	903	856.831989048	0.3

