1579102285.78	750	4	3.956	181801	3567	171.206289201	-17.0108
1579102290.58	300	4.496559	1.301	155580	4287	333.933941078	-5.744300000000001
1579102292.08	300	6.997865	0.0	139857	1364	349.673331974	0.3
1579102293.53	300	9.549033	0.0	155432	1314	762.49952423	0.3
1579102295.05	300	12.025845	0.0	163442	1388	916.282815714	0.3
1579102296.24	300	14.835686	0.0	126289	1055	937.843020787	0.3
1579102297.65	300	17.428116	0.0	153295	1264	954.01153998	0.3
1579102299.23	300	19.852135	0.0	173849	1444	966.910216179	0.3
1579102300.66	300	22.419348	0.0	150710	1287	956.412354735	0.3
1579102302.36	300	24.721801	0.0	139105	1561	869.103179983	0.3
1579102303.98	300	27.101278	0.0	141840	1484	728.264698866	0.3
1579102305.7	300	29.382269	0.0	156148	1582	765.346186931	0.3
1579102307.23	300	31.851174	0.0	160746	1392	802.47051658	0.3
1579102308.92	300	34.158412	0.0	179801	1553	910.476322225	0.3
1579102312.42	750	34.656265	0.0	337059	3286	671.484706291	0.3
1579102318.71	1200	32.371165	0.0	587876	6054	598.130378895	0.75
1579102327.55	1850	27.525231	0.0	966699	8613	649.133674592	1.2000000000000002
1579102336.23	1850	22.850276	0.0	885714	8547	838.587549226	1.85
1579102347.79	1850	15.292467	0.0	987708	11417	701.888713217	1.85
1579102357.11	1850	9.969943	0.0	923755	9184	753.868153876	1.85
1579102362.5	1200	8.576087	0.0	601738	5251	845.638604655	0.5499999999999999
1579102365.98	750	9.101336	0.0	399894	3343	926.871452787	0.3
1579102369.87	750	9.212162	0.0	401853	3746	899.767280654	0.75
1579102373.82	750	9.256642	0.0	343800	3826	776.43262878	0.75
1579102375.63	300	11.451148	0.0	146754	1671	713.657138954	-0.15000000000000002
1579102377.17	300	13.905856	0.0	153938	1410	723.679176723	0.3
1579102378.98	300	16.094529	0.0	181901	1665	859.110740521	0.3
1579102380.13	300	18.949246	0.0	111155	1013	871.905687418	0.3
1579102382.08	300	20.997553	0.0	153605	1818	808.556832184	0.3
1579102384.06	300	23.013513	0.0	149029	1841	666.133888666	0.3
1579102385.98	300	25.096574	0.0	157421	1792	656.791985015	0.3
1579102387.51	300	27.563351	0.0	157488	1398	722.014057689	0.3
1579102388.85	300	30.225739	0.0	143881	1204	873.214234195	0.3
1579102390.36	300	32.717738	0.0	163444	1375	940.077638519	0.3
1579102394.77	750	32.307163	0.0	401088	4264	826.60001182	0.3
1579102400.66	1200	30.416812	0.0	598727	5751	784.044463641	0.75
1579102405.95	1200	29.128626	0.0	487812	5150	780.615581829	1.2
1579102407.45	300	31.627822	0.0	124011	1368	748.943775302	-0.6000000000000001
1579102409.04	300	34.038092	0.0	144254	1458	736.911642766	0.3
1579102412.7	750	34.382223	0.0	390680	3523	816.248624024	0.3
1579102415.73	750	35.347867	0.0	345516	2888	902.635022943	0.75
1579102421.59	1200	33.484891	0.0	641452	5733	911.589428494	0.75
1579102428.73	1200	30.34984	0.0	599477	6989	727.752657178	1.2
1579102430.55	300	32.528108	0.0	172312	1682	704.282367699	-0.6000000000000001
1579102439.89	1850	27.190763	0.0	958994	9197	827.588941226	0.30000000000000004
1579102454.27	1850	16.80963	0.0	982064	14248	561.924862469	1.85
1579102465.34	1850	9.742056	0.0	830730	10945	585.589888321	1.85
1579102469.81	750	9.269599	0.0	314107	4349	588.565274538	-0.3500000000000001
1579102472.79	750	7.965948	0.0	255954	2864	607.941463052	0.75

