1579101158.09	750	4	4.084	181801	3680	154.783192074	-17.5612
1579101162.5	300	4.498584	0.91	155580	3991	345.011144714	-4.063
1579101163.93	300	7.067947	0.0	139857	1281	371.272150723	0.3
1579101165.44	300	9.556943	0.0	155432	1363	793.320827678	0.3
1579101166.96	300	12.033861	0.0	163442	1388	897.719666588	0.3
1579101168.16	300	14.839064	0.0	126289	1060	933.455572023	0.3
1579101169.56	300	17.439871	0.0	153295	1265	949.947055858	0.3
1579101171.14	300	19.854274	0.0	173849	1443	965.811760876	0.3
1579101172.53	300	22.469296	0.0	150710	1252	963.642506789	0.3
1579101174.12	300	24.881249	0.0	139105	1457	906.065548233	0.3
1579101175.74	300	27.259797	0.0	141840	1485	764.347504914	0.3
1579101177.49	300	29.502699	0.0	156148	1621	766.153409384	0.3
1579101181.08	750	29.918456	0.0	386351	3350	674.86766502	0.3
1579101182.8	300	32.197211	0.0	179801	1585	917.993585239	-0.15000000000000002
1579101184.42	300	34.577274	0.0	140051	1481	863.779466364	0.3
1579101188.53	750	34.466538	0.0	366214	3971	745.265641801	0.3
1579101194.69	1200	32.307016	0.0	617242	5911	617.742442195	0.75
1579101199.82	1200	31.173843	0.0	581493	4998	868.903920574	1.2
1579101206.04	1200	28.958569	0.0	639204	6075	863.620579859	1.2
1579101209.72	750	29.275106	0.0	350713	3541	814.146621768	0.3
1579101214.07	750	28.925647	0.0	386472	4210	756.300390606	0.75
1579101219.34	750	27.659036	0.0	399894	5123	658.121051734	0.75
1579101220.9	300	30.100299	0.0	163927	1421	659.088896098	-0.15000000000000002
1579101222.23	300	32.767608	0.0	137654	1194	874.828098684	0.3
1579101223.86	300	35.139745	0.0	146754	1502	881.045028006	0.3
1579101228.02	750	34.979824	0.0	379700	4019	766.017994826	0.3
1579101229.92	300	37.081379	0.0	181901	1768	765.385786721	-0.15000000000000002
1579101236.64	1850	34.356707	0.0	758197	6487	673.477831677	0.30000000000000004
1579101246.43	1850	28.56911	0.0	972798	9655	819.906166591	1.85
1579101256.99	1850	22.010281	0.0	975811	10425	753.970065966	1.85
1579101265.54	1850	17.45691	0.0	873429	8411	791.219556866	1.85
1579101275.2	1850	11.795929	0.0	954453	9522	805.090100238	1.85
1579101284.25	1850	6.75131	0.0	885062	8906	795.902662104	1.85
1579101287.85	750	7.144955	0.0	412837	3462	836.220032891	-0.3500000000000001
1579101291.38	750	7.615067	0.0	401088	3400	948.408368741	0.75
1579101295.44	750	7.55315	0.0	365161	3932	823.895268688	0.75
1579101299.28	750	7.717167	0.0	321064	3692	715.833197759	0.75
1579101302.94	750	8.054196	0.0	361565	3523	728.669044958	0.75
1579101306.73	750	8.271862	0.0	378327	3644	823.620153514	0.75
1579101310.65	750	8.342882	0.0	390680	3789	827.248385481	0.75
1579101314.22	750	8.77295	0.0	345516	3423	815.386110196	0.75
1579101318.86	750	8.132718	0.0	384505	4498	727.604700542	0.75
1579101326.11	750	4.887135	0.0	372093	7098	470.684444227	0.75
1579101329.96	300	5.036089	0.0	172312	3688	393.227423546	-0.15000000000000002
1579101331.7	300	7.29332	0.0	167025	1613	433.165519741	0.3
1579101333.37	300	9.622097	0.0	160064	1542	796.510861973	0.3
1579101334.97	300	12.02354	0.0	137507	1474	788.868722353	0.3
1579101338.69	750	12.310562	0.0	314107	3588	720.409426397	0.3
1579101342.34	750	10.34187	0.0	255954	3528	633.484088105	0.75

