1579100481.79	750	4	3.95	181801	3556	163.83157612	-16.985
1579100486.24	300	4.449257	0.909	155580	3628	371.580319391	-4.0587
1579100487.65	300	7.048076	0.0	139857	1264	399.828900075	0.3
1579100489.12	300	9.574705	0.0	155432	1315	807.900508666	0.3
1579100490.66	300	12.038386	0.0	163442	1389	923.011379771	0.3
1579100491.85	300	14.840408	0.0	126289	1052	939.057751325	0.3
1579100493.27	300	17.419826	0.0	153295	1276	955.121587316	0.3
1579100494.86	300	19.831056	0.0	173849	1443	960.517965576	0.3
1579100496.32	300	22.373777	0.0	150710	1326	949.412768972	0.3
1579100497.91	300	24.781452	0.0	139105	1453	868.589135118	0.3
1579100499.55	300	27.146443	0.0	141840	1485	765.715834507	0.3
1579100501.25	300	29.442777	0.0	156148	1567	770.001460048	0.3
1579100502.8	300	31.899195	0.0	160746	1391	808.493058117	0.3
1579100504.51	300	34.18069	0.0	179801	1556	912.902321443	0.3
1579100508.06	750	34.638558	0.0	337059	3316	663.172942725	0.3
1579100514.33	1200	32.361189	0.0	587876	6045	603.877499218	0.75
1579100523.33	1850	27.368311	0.0	966699	8744	642.1827889	1.2000000000000002
1579100532.12	1850	22.571341	0.0	885714	8656	827.502628141	1.85
1579100543.55	1850	15.148823	0.0	987708	11280	709.218408652	1.85
1579100553.01	1850	9.687089	0.0	923755	9326	751.445122643	1.85
1579100558.38	1200	8.317109	0.0	601738	5224	839.405198527	0.5499999999999999
1579100561.9	750	8.795586	0.0	399894	3379	927.913139515	0.3
1579100565.68	750	9.010419	0.0	401853	3653	908.740372264	0.75
1579100569.77	750	8.922523	0.0	343800	3931	772.403941649	0.75
1579100571.51	300	11.186757	0.0	146754	1586	705.122454913	-0.15000000000000002
1579100573.07	300	13.628631	0.0	153938	1412	751.482129472	0.3
1579100574.88	300	15.817723	0.0	181901	1664	860.933509897	0.3
1579100576.06	300	18.634913	0.0	111155	1036	870.932261507	0.3
1579100578.1	300	20.597221	0.0	153605	1894	784.145443195	0.3
1579100580.08	300	22.614457	0.0	149029	1841	648.402718016	0.3
1579100581.96	300	24.733166	0.0	157421	1737	658.699666088	0.3
1579100583.42	300	27.274563	0.0	157488	1313	744.052223195	0.3
1579100584.76	300	29.937239	0.0	143881	1202	915.114564577	0.3
1579100586.34	300	32.353707	0.0	163444	1450	941.702295487	0.3
1579100590.74	750	31.950235	0.0	401088	4263	808.358719197	0.3
1579100596.65	1200	30.043205	0.0	598727	5764	783.468117895	0.75
1579100600.19	750	30.499505	0.0	321064	3381	792.335100606	0.3
1579100601.63	300	33.059069	0.0	124011	1288	761.393159143	-0.15000000000000002
1579100605.74	750	32.951715	0.0	378327	3959	766.79947847	0.3
1579100609.2	750	33.4946	0.0	390680	3307	809.48592835	0.75
1579100612.19	750	34.49946	0.0	345516	2852	950.35326199	0.75
1579100618.58	1200	32.119838	0.0	641452	6236	857.532948725	0.75
1579100623.03	750	31.666701	0.0	372093	4290	741.763822229	0.3
1579100627.43	750	31.26699	0.0	438281	4258	733.855181259	0.75
1579100633.65	1200	29.044737	0.0	630203	6080	825.810281893	0.75
1579100645.23	1850	21.468717	0.0	982064	11433	697.298342879	1.2000000000000002
1579100658.89	1850	11.802191	0.0	830730	13539	499.46441231	1.85
1579100666.07	1200	8.623672	0.0	550906	7055	552.072942586	0.5499999999999999
1579100669.87	1200	6.501441	0.0	391450	3691	685.938553622	1.2

