1579102060.38	750	3.999708	4.081	181801	3692	157.092177568	-17.548299999999998
1579102064.81	300	4.498332	0.935	155580	3989	344.609538171	-4.1705000000000005
1579102066.17	300	7.143035	0.0	139857	1229	373.042300553	0.3
1579102067.61	300	9.694168	0.0	155432	1315	817.102653728	0.3
1579102069.14	300	12.171109	0.0	163442	1388	924.563818571	0.3
1579102070.33	300	14.973828	0.0	126289	1062	939.084058221	0.3
1579102071.73	300	17.577429	0.0	153295	1264	950.262727536	0.3
1579102073.31	300	20.002397	0.0	173849	1443	966.415409756	0.3
1579102074.69	300	22.61791	0.0	150710	1251	963.83966222	0.3
1579102076.36	300	24.947127	0.0	139105	1538	891.932817436	0.3
1579102077.98	300	27.325776	0.0	141840	1485	735.626942909	0.3
1579102079.74	300	29.568579	0.0	156148	1621	763.367572694	0.3
1579102083.33	750	29.983639	0.0	386351	3350	679.54532676	0.3
1579102087.87	750	29.439636	0.0	434409	4392	808.532961525	0.75
1579102089.5	300	31.80537	0.0	140051	1480	781.356471082	-0.15000000000000002
1579102091.04	300	34.27225	0.0	138313	1394	765.126844819	0.3
1579102097.17	1200	32.137772	0.0	617242	5916	715.152381765	0.29999999999999993
1579102102.31	1200	30.996463	0.0	581493	5007	867.905746611	1.2
1579102106.15	750	31.159613	0.0	405596	3697	899.558418437	0.3
1579102112.14	1200	29.173329	0.0	586839	5859	821.013019583	0.75
1579102116.5	750	28.81225	0.0	386472	4222	758.307604929	0.3
1579102121.74	750	27.572509	0.0	399894	5098	659.792599657	0.75
1579102123.3	300	30.013179	0.0	163927	1422	661.743288275	-0.15000000000000002
1579102124.62	300	32.693168	0.0	137654	1194	874.897293247	0.3
1579102126.27	300	35.034288	0.0	146754	1532	875.796401159	0.3
1579102128.06	300	37.24634	0.0	153938	1647	760.630257727	0.3
1579102130.11	300	39.200695	0.0	181901	1921	750.407731383	0.3
1579102137.15	1850	36.1611	0.0	758197	6801	651.632698822	0.30000000000000004
1579102146.23	1850	31.07995	0.0	972798	8949	872.448716583	1.85
1579102156.9	1850	24.403521	0.0	975811	10526	752.884439863	1.85
1579102165.68	1850	19.63044	0.0	873429	8630	777.460070204	1.85
1579102175.34	1850	13.972641	0.0	954453	9520	802.90449763	1.85
1579102184.77	1850	8.543035	0.0	885062	9291	766.753714647	1.85
1579102186.28	300	11.023584	0.0	163444	1387	782.535641161	-1.25
1579102187.92	300	13.393506	0.0	179328	1495	924.198763076	0.3
1579102189.38	300	15.923675	0.0	159914	1336	954.871466389	0.3
1579102190.62	300	18.691391	0.0	131610	1086	958.028477188	0.3
1579102191.91	300	21.4022	0.0	124011	1149	944.500386274	0.3
1579102193.2	300	24.112535	0.0	144254	1160	896.299438288	0.3
1579102194.53	300	26.775331	0.0	149991	1207	971.420646376	0.3
1579102201.37	1200	23.93625	0.0	566904	6697	744.652302482	0.29999999999999993
1579102205.36	750	23.953111	0.0	384505	3842	712.152752062	0.3
1579102209.18	750	24.127686	0.0	372093	3685	802.593388219	0.75
1579102210.94	300	26.37033	0.0	172312	1617	813.624300943	-0.15000000000000002
1579102214.89	750	26.418287	0.0	398987	3818	842.837511739	0.3
1579102219.31	750	25.99992	0.0	393804	4293	771.741458838	0.75
1579102234.02	1850	15.290595	0.0	830730	14581	465.360515763	0.75
1579102239.87	1200	13.433961	0.0	550906	5741	578.018799192	0.5499999999999999
1579102245.25	1200	9.736183	0.0	391450	5274	645.195306011	1.2

