1579100707.01	750	4	4.066	181801	3677	158.510824169	-17.4838
1579100711.42	300	4.495194	0.906	155580	3990	345.194137136	-4.0458
1579100712.78	300	7.132412	0.0	139857	1229	372.983273385	0.3
1579100714.23	300	9.683566	0.0	155432	1314	817.158293986	0.3
1579100715.76	300	12.158193	0.0	163442	1389	924.992925501	0.3
1579100716.96	300	14.953623	0.0	126289	1060	938.862997461	0.3
1579100718.37	300	17.5451	0.0	153295	1276	950.429255399	0.3
1579100719.95	300	19.965975	0.0	173849	1445	959.655582064	0.3
1579100721.35	300	22.56001	0.0	150710	1251	962.177968298	0.3
1579100722.94	300	24.97452	0.0	139105	1451	907.701787283	0.3
1579100724.62	300	27.293544	0.0	141840	1544	757.667970762	0.3
1579100726.38	300	29.531154	0.0	156148	1622	743.644212443	0.3
1579100729.98	750	29.934328	0.0	386351	3351	670.937057798	0.3
1579100731.72	300	32.197702	0.0	179801	1598	910.749837484	-0.15000000000000002
1579100733.34	300	34.575195	0.0	140051	1482	858.363785961	0.3
1579100735.0	300	36.911413	0.0	138313	1512	749.177915013	0.3
1579100744.45	1850	31.467714	0.0	966699	9208	647.013133862	0.30000000000000004
1579100752.54	1850	27.369839	0.0	885714	7963	864.77328292	1.85
1579100763.12	1850	20.796166	0.0	987708	10430	758.657113907	1.85
1579100773.21	1850	14.702716	0.0	923755	9950	744.21026582	1.85
1579100782.02	1850	9.893383	0.0	891604	8668	785.059339325	1.85
1579100783.46	300	12.453246	0.0	157812	1299	838.752811301	-1.25
1579100784.95	300	14.961322	0.0	163927	1348	950.106315811	0.3
1579100786.22	300	17.695365	0.0	137654	1134	968.177760781	0.3
1579100787.7	300	20.214087	0.0	146754	1337	946.415131	0.3
1579100791.39	750	20.520413	0.0	379700	3524	869.122570821	0.3
1579100796.45	750	19.460065	0.0	425781	4921	746.651419208	0.75
1579100797.59	300	22.319029	0.0	111155	1012	708.776180566	-0.15000000000000002
1579100799.28	300	24.629238	0.0	153605	1543	834.914367804	0.3
1579100800.79	300	27.123604	0.0	149029	1372	809.134949306	0.3
1579100802.68	300	29.23195	0.0	157421	1742	820.502095516	0.3
1579100804.77	300	31.144685	0.0	157488	1930	697.72159832	0.3
1579100808.79	750	31.123661	0.0	369834	3878	684.287553576	0.3
1579100812.63	750	31.289034	0.0	412837	3700	798.505935495	0.75
1579100814.68	300	33.240558	0.0	179328	1893	844.877811971	-0.15000000000000002
1579100816.54	300	35.371664	0.0	159914	1703	755.709733199	0.3
1579100819.77	750	36.141502	0.0	321064	3097	769.670618706	0.3
1579100825.86	1200	34.052066	0.0	575591	5848	622.449318821	0.75
1579100832.17	1200	31.740156	0.0	605884	6175	785.539461546	1.2
1579100835.61	750	32.309794	0.0	390680	3283	826.309451594	0.3
1579100838.58	750	33.332435	0.0	345516	2823	957.876349971	0.75
1579100845.31	1200	30.600784	0.0	641452	6592	822.218455745	0.75
1579100849.5	750	30.417521	0.0	372093	4036	753.649950704	0.3
1579100853.89	750	30.024909	0.0	438281	4252	764.377963254	0.75
1579100863.45	1850	24.468781	0.0	958994	9399	817.204858877	0.75
1579100880.06	1850	11.852536	0.0	982064	16470	484.56773746	1.85
1579100883.49	750	12.424534	0.0	331053	3294	558.208821017	-0.3500000000000001
1579100887.12	750	12.800041	0.0	314107	3500	756.292320147	0.75
1579100890.8	750	10.791716	0.0	255954	3568	637.063795093	0.75

