1579100932.43	750	4	3.955	181801	3594	161.052492258	-17.0065
1579100936.85	300	4.455021	0.876	155580	3975	349.662962404	-3.9168000000000003
1579100938.23	300	7.074243	0.0	139857	1241	373.576947073	0.3
1579100939.75	300	9.551477	0.0	155432	1376	819.108833041	0.3
1579100941.28	300	12.02785	0.0	163442	1387	895.552979936	0.3
1579100942.47	300	14.830929	0.0	126289	1062	933.297029493	0.3
1579100943.88	300	17.423336	0.0	153295	1276	947.899653495	0.3
1579100945.46	300	19.847508	0.0	173849	1444	959.353107427	0.3
1579100946.84	300	22.463502	0.0	150710	1251	962.545826085	0.3
1579100948.41	300	24.898607	0.0	139105	1432	911.191042085	0.3
1579100950.04	300	27.26287	0.0	141840	1484	773.976224983	0.3
1579100951.8	300	29.505481	0.0	156148	1621	766.520548566	0.3
1579100953.48	300	31.824546	0.0	160746	1545	778.152872518	0.3
1579100955.17	300	34.130211	0.0	179801	1556	839.091373779	0.3
1579100958.65	750	34.658093	0.0	337059	3221	660.924252891	0.3
1579100965.07	1200	32.23152	0.0	587876	6194	593.319502314	0.75
1579100970.71	1200	30.591776	0.0	617242	5497	811.957481978	1.2
1579100976.05	1200	29.255974	0.0	581493	5203	895.353419321	1.2
1579100982.35	1200	26.953196	0.0	639204	6175	843.95755391	1.2
1579100986.11	750	27.193467	0.0	350713	3608	799.568175915	0.3
1579100991.33	750	25.97196	0.0	386472	5084	660.500098591	0.75
1579100993.43	300	27.871822	0.0	157812	1956	613.963544742	-0.15000000000000002
1579100995.14	300	30.160034	0.0	163927	1558	668.69103084	0.3
1579100996.49	300	32.814625	0.0	137654	1220	824.318888677	0.3
1579100998.1	300	35.206936	0.0	146754	1470	872.338166397	0.3
1579100999.87	300	37.433834	0.0	153938	1648	782.499447833	0.3
1579101006.8	1200	34.499553	0.0	696376	6776	780.531613045	0.29999999999999993
1579101010.99	1200	34.313803	0.0	487160	4030	864.873663531	1.2
1579101016.78	1200	32.520156	0.0	622896	5661	903.731974519	1.2
1579101024.01	1200	29.298529	0.0	641447	7079	755.171313041	1.2
1579101025.58	300	31.72801	0.0	157421	1438	742.579567916	-0.6000000000000001
1579101030.18	750	31.124516	0.0	400322	4467	773.528056411	0.3
1579101034.4	750	30.906293	0.0	369834	4093	718.708756983	0.75
1579101035.89	300	33.410445	0.0	163444	1362	749.242225065	-0.15000000000000002
1579101040.01	750	33.292949	0.0	401088	3981	867.395732886	0.3
1579101046.18	1200	31.122308	0.0	598727	6030	797.22923037	0.75
1579101047.61	300	33.697239	0.0	131610	1280	797.298735977	-0.6000000000000001
1579101051.55	750	33.75	0.0	361565	3809	770.257795689	0.3
1579101057.85	1200	31.460639	0.0	605884	6150	771.267160257	0.75
1579101062.89	1200	30.418692	0.0	587506	4910	846.734990812	1.2
1579101064.23	300	33.071737	0.0	147968	1196	960.045421537	-0.6000000000000001
1579101071.16	1200	30.147603	0.0	641452	6781	805.39415507	0.29999999999999993
1579101075.41	750	29.899221	0.0	372093	4105	737.395764089	0.3
1579101079.78	750	29.522216	0.0	438281	4237	756.608610649	0.75
1579101085.96	1200	27.344024	0.0	630203	6038	830.566234339	0.75
1579101099.95	1850	17.353928	0.0	982064	13763	497.017053971	1.2000000000000002
1579101111.37	1850	9.932301	0.0	830730	11300	581.634354941	1.85
1579101118.57	1200	6.739382	0.0	550906	7068	604.348948865	0.5499999999999999
1579101122.43	1200	4.557713	0.0	391450	3751	682.1852726	1.2

