1579101383.65	750	4	4.055	181801	3679	158.273107322	-17.4365
1579101388.95	300	4.49814	1.8	155580	4701	308.828055972	-7.890000000000001
1579101390.27	300	7.172173	0.0	139857	1191	331.170807452	0.3
1579101391.72	300	9.722643	0.0	155432	1313	812.22989874	0.3
1579101393.25	300	12.197762	0.0	163442	1389	924.69582473	0.3
1579101394.43	300	15.018754	0.0	126289	1047	939.809215891	0.3
1579101395.82	300	17.623545	0.0	153295	1263	959.25344172	0.3
1579101397.48	300	19.961921	0.0	173849	1529	952.697373616	0.3
1579101399.04	300	22.407728	0.0	150710	1423	892.299359375	0.3
1579101400.63	300	24.817049	0.0	139105	1454	824.073756434	0.3
1579101402.25	300	27.1963	0.0	141840	1484	765.346012274	0.3
1579101403.89	300	29.558822	0.0	156148	1500	773.927486401	0.3
1579101405.41	300	32.040034	0.0	160746	1393	835.638274107	0.3
1579101409.83	750	31.620869	0.0	434409	4204	668.64923214	0.3
1579101411.45	300	34.000338	0.0	140051	1481	806.33389949	-0.15000000000000002
1579101417.65	1200	31.794595	0.0	587876	5973	623.939420128	0.29999999999999993
1579101423.36	1200	30.083196	0.0	617242	5582	847.655582194	1.2
1579101428.63	1200	28.811003	0.0	581493	5145	891.649439609	1.2
1579101432.81	750	28.638605	0.0	405596	4045	842.22777977	0.3
1579101436.44	750	29.002687	0.0	350713	3508	800.85359125	0.75
1579101444.29	1200	25.153209	0.0	601738	7711	653.840472074	0.75
1579101445.8	300	27.645745	0.0	157812	1370	657.563194774	-0.6000000000000001
1579101447.35	300	30.098487	0.0	163927	1421	882.349002625	0.3
1579101451.02	750	30.427175	0.0	343800	3520	844.112475595	0.3
1579101452.73	300	32.716919	0.0	146754	1570	771.149647188	-0.15000000000000002
1579101454.47	300	34.979052	0.0	153938	1598	752.990293088	0.3
1579101463.97	1850	29.476867	0.0	1076599	9274	821.533520192	0.30000000000000004
1579101471.89	1850	25.560716	0.0	758197	7777	804.60562543	1.85
1579101482.33	1850	19.115357	0.0	972798	10310	757.156459447	1.85
1579101491.95	1850	13.499991	0.0	975811	9473	793.606082338	1.85
1579101500.75	1850	8.69635	0.0	873429	8662	809.028341314	1.85
1579101507.42	1200	6.029902	0.0	620283	6518	771.37773091	0.5499999999999999
1579101510.95	750	6.500176	0.0	369834	3397	789.273960333	0.3
1579101514.5	750	6.94392	0.0	412837	3423	895.06044798	0.75
1579101517.9	750	7.542186	0.0	401088	3248	970.505214859	0.75
1579101522.56	750	6.890262	0.0	365161	4512	767.483587874	0.75
1579101525.96	750	7.483942	0.0	321064	3279	681.051858188	0.75
1579101529.6	750	7.843285	0.0	361565	3499	794.656377548	0.75
1579101533.37	750	8.077028	0.0	378327	3640	827.973312557	0.75
1579101537.24	750	8.206033	0.0	390680	3737	832.832730287	0.75
1579101538.85	300	10.595308	0.0	147968	1464	828.377019138	-0.15000000000000002
1579101540.76	300	12.685101	0.0	161857	1752	785.455518419	0.3
1579101542.48	300	14.964689	0.0	145210	1578	738.208892661	0.3
1579101544.95	300	16.495125	0.0	172312	2328	676.251686508	0.3
1579101547.51	300	17.93263	0.0	167025	2434	573.570470426	0.3
1579101551.59	300	17.859726	0.0	160064	3945	414.775876496	0.3
1579101554.95	300	18.494739	0.0	137507	3242	328.198200366	0.3
1579101558.11	750	19.331303	0.0	314107	3046	451.966370834	0.3
1579101560.95	750	18.173543	0.0	255954	2733	789.50698346	0.75

