1579101834.68	750	4	3.941	181801	3580	160.783510014	-16.9463
1579101839.12	300	4.499287	0.934	155580	4002	348.788894351	-4.1662
1579101840.5	300	7.11616	0.0	139857	1242	371.653775675	0.3
1579101842.04	300	9.580535	0.0	155432	1376	817.205938752	0.3
1579101843.57	300	12.045791	0.0	163442	1388	895.197924807	0.3
1579101844.77	300	14.849243	0.0	126289	1061	932.835085884	0.3
1579101846.16	300	17.453094	0.0	153295	1263	949.372260957	0.3
1579101847.74	300	19.877241	0.0	173849	1443	966.834949122	0.3
1579101849.12	300	22.493309	0.0	150710	1250	964.174666629	0.3
1579101850.69	300	24.927996	0.0	139105	1432	911.744761329	0.3
1579101852.31	300	27.307449	0.0	141840	1484	773.978198831	0.3
1579101854.07	300	29.550327	0.0	156148	1620	766.668128583	0.3
1579101855.63	300	31.991664	0.0	160746	1422	786.269067866	0.3
1579101859.7	750	31.921299	0.0	434409	3830	686.926750039	0.3
1579101861.31	300	34.303067	0.0	140051	1481	863.664935715	-0.15000000000000002
1579101865.31	750	34.305861	0.0	366214	3841	758.840969707	0.3
1579101871.35	1200	32.268144	0.0	617242	5804	641.782047142	0.75
1579101879.39	1850	28.230798	0.0	885714	7805	655.219699684	1.2000000000000002
1579101889.36	1850	22.254045	0.0	987708	9848	813.201338163	1.85
1579101899.92	1850	15.700382	0.0	923755	10421	717.539584977	1.85
1579101909.05	1850	10.567756	0.0	891604	8977	755.324717026	1.85
1579101910.5	300	13.113273	0.0	157812	1325	811.731297636	-1.25
1579101911.98	300	15.632669	0.0	163927	1349	932.524784144	0.3
1579101913.26	300	18.355666	0.0	137654	1133	964.264442554	0.3
1579101914.63	300	20.985578	0.0	146754	1237	966.275872201	0.3
1579101916.27	300	23.347504	0.0	153938	1508	910.255066513	0.3
1579101918.03	300	25.59003	0.0	181901	1626	836.79386877	0.3
1579101921.03	750	26.588982	0.0	277716	2858	838.127376852	0.3
1579101922.95	300	28.665493	0.0	153605	1773	749.041597199	-0.15000000000000002
1579101924.73	300	30.887413	0.0	149029	1643	701.391443326	0.3
1579101926.46	300	33.155764	0.0	157421	1597	731.898895743	0.3
1579101928.03	300	35.584554	0.0	157488	1438	793.373029568	0.3
1579101929.53	300	38.085672	0.0	143881	1365	861.134032964	0.3
1579101934.65	750	36.966551	0.0	412837	4976	720.58904697	0.3
1579101941.08	1200	34.537258	0.0	690253	6294	753.521525755	0.75
1579101947.3	1200	32.321634	0.0	598727	6077	810.084474635	1.2
1579101952.29	1200	31.324483	0.0	487812	4865	792.992542442	1.2
1579101953.75	300	33.872136	0.0	124011	1299	792.194522506	-0.6000000000000001
1579101957.87	750	33.743182	0.0	378327	3991	760.496596137	0.3
1579101963.19	1200	32.429314	0.0	587506	5180	812.23538353	0.75
1579101966.15	750	33.463361	0.0	345516	2833	922.220593971	0.3
1579101969.66	750	33.956341	0.0	384505	3378	940.428256402	0.75
1579101976.73	1200	30.884037	0.0	599477	6928	736.294291722	0.75
1579101978.55	300	33.071566	0.0	172312	1673	710.014216309	-0.6000000000000001
1579101988.0	1850	27.614605	0.0	958994	9315	823.653795274	0.30000000000000004
1579102000.93	1850	18.690949	0.0	982064	12762	616.188948443	1.85
1579102013.36	1850	10.255072	0.0	830730	12313	544.153134828	1.85
1579102020.66	1200	6.96028	0.0	550906	7172	574.344214196	0.5499999999999999
1579102024.48	1200	4.814027	0.0	391450	3717	677.285146939	1.2

