1579101609.15	750	3.999714	3.941	181801	3551	165.102753653	-16.9463
1579101613.58	300	4.499218	0.935	155580	4031	348.487993178	-4.1705000000000005
1579101614.95	300	7.128854	0.0	139857	1243	369.625667267	0.3
1579101616.44	300	9.631339	0.0	155432	1351	808.55222889	0.3
1579101617.97	300	12.108585	0.0	163442	1388	905.714661189	0.3
1579101619.18	300	14.898455	0.0	126289	1062	935.023499852	0.3
1579101620.57	300	17.502413	0.0	153295	1264	949.259131884	0.3
1579101622.15	300	19.926051	0.0	173849	1444	966.183149932	0.3
1579101623.53	300	22.542717	0.0	150710	1251	963.34298734	0.3
1579101625.2	300	24.880395	0.0	139105	1528	893.728152725	0.3
1579101626.82	300	27.260085	0.0	141840	1485	739.116175792	0.3
1579101628.57	300	29.503737	0.0	156148	1621	764.028498134	0.3
1579101630.12	300	31.956135	0.0	160746	1410	786.270365106	0.3
1579101631.8	300	34.273303	0.0	179801	1557	899.750783182	0.3
1579101633.14	300	36.931013	0.0	140051	1204	920.744336908	0.3
1579101642.84	1850	31.234668	0.0	923170	9481	648.959826086	0.30000000000000004
1579101651.56	1850	26.513333	0.0	966699	8589	842.706444161	1.85
1579101660.38	1850	21.696151	0.0	885714	8680	827.642819401	1.85
1579101671.83	1850	14.240307	0.0	987708	11317	706.855943493	1.85
1579101681.2	1850	8.874072	0.0	923755	9227	754.742368577	1.85
1579101684.83	750	9.24475	0.0	386472	3408	688.886812933	-0.3500000000000001
1579101688.36	750	9.711514	0.0	399894	3390	916.493609526	0.75
1579101692.21	750	9.864155	0.0	401853	3715	898.568276338	0.75
1579101695.89	750	10.183674	0.0	343800	3550	814.655854309	0.75
1579101697.72	300	12.360041	0.0	146754	1691	748.73244838	-0.15000000000000002
1579101699.47	300	14.607433	0.0	153938	1619	707.991274284	0.3
1579101701.27	300	16.808874	0.0	181901	1665	772.233263394	0.3
1579101702.41	300	19.663529	0.0	111155	1013	857.813874678	0.3
1579101704.01	300	22.063452	0.0	153605	1467	866.21799264	0.3
1579101706.0	300	24.07887	0.0	149029	1841	771.828688647	0.3
1579101708.07	300	26.006801	0.0	157421	1930	649.387084261	0.3
1579101709.85	300	28.226655	0.0	157488	1654	667.169391139	0.3
1579101711.19	300	30.888159	0.0	143881	1204	769.52085386	0.3
1579101712.68	300	33.392464	0.0	163444	1363	921.728629996	0.3
1579101714.46	300	35.613312	0.0	179328	1633	933.911611795	0.3
1579101721.01	1200	33.066882	0.0	598727	6314	641.563436317	0.29999999999999993
1579101728.44	1850	29.63974	0.0	728962	7294	777.770514042	1.2000000000000002
1579101737.49	1850	24.586856	0.0	938587	8914	822.564584602	1.85
1579101745.93	1850	20.142296	0.0	908665	8312	858.882477593	1.85
1579101755.97	1850	14.108831	0.0	930577	9890	765.138486019	1.85
1579101764.38	1850	9.690586	0.0	858450	8279	792.047995112	1.85
1579101766.28	300	11.797642	0.0	161857	1751	799.565962475	-1.25
1579101768.0	300	14.076804	0.0	145210	1579	738.36559386	0.3
1579101770.45	300	15.629292	0.0	172312	2306	678.740076175	0.3
1579101773.05	300	17.02367	0.0	167025	2478	572.259223245	0.3
1579101777.09	300	16.990148	0.0	160064	3905	413.635113785	0.3
1579101780.39	300	17.686104	0.0	137507	3181	332.230768125	0.3
1579101783.5	750	18.573492	0.0	314107	2995	458.543923519	0.3
1579101786.3	750	17.455091	0.0	255954	2693	802.576478656	0.75

