1576504923.7	750	4	1.173	2354772	1062	6221.27609099	-5.0439
1576504924.78	4300	8	0.0	2123065	931	16494.5985516	0.75
1576504925.98	4300	12	0.0	2177073	1060	17571.9943119	4.3
1576504927.49	4300	16.0	0.0	2160877	1374	15409.1047195	4.3
1576504928.81	4300	20	0.0	2233056	1179	13229.2532099	4.3
1576504929.82	4300	24	0.0	1941625	880	15003.2677898	4.3
1576504930.87	4300	28	0.0	2157535	916	16601.8509038	4.3
1576504931.85	4300	32	0.0	2290172	844	18103.4221622	4.3
1576504933.03	4300	36	0.0	2055469	1037	19835.2199064	4.3
1576504934.05	4300	40	0.0	2169201	886	16875.2508836	4.3
1576504935.13	4300	44	0.0	2173522	941	18649.4502526	4.3
1576504936.0	4300	48	0.0	2102452	736	18832.2343	4.3
1576504937.01	4300	52	0.0	2209463	867	20703.2182885	4.3
1576504938.07	4300	56	0.0	2275376	924	20386.9000819	4.3
