1576505172.79	750	4	0.255	450283	159	5433.95289265	-1.0965
1576505174.03	4300	8	0.0	2123065	1006	11176.9470553	0.75
1576505175.13	4300	12	0.0	2177073	966	16350.7290557	4.3
1576505176.36	4300	16.0	0.0	2160877	1107	17332.9084524	4.3
1576505177.96	4300	20	0.0	2233056	1468	14646.2390826	4.3
1576505179.08	4300	24	0.0	1941625	984	12951.9558836	4.3
1576505180.05	4300	28	0.0	2157535	840	15102.2805574	4.3
1576505181.12	4300	32	0.0	2290172	939	18044.2751503	4.3
1576505182.0	4300	36	0.0	2055469	757	18991.4512589	4.3
1576505182.86	4300	40	0.0	2169201	725	20436.0904289	4.3
1576505183.9	4300	44	0.0	2173522	906	21851.5096986	4.3
1576505184.91	4300	48	0.0	2102452	888	19498.5995009	4.3
1576505185.86	4300	52	0.0	2209463	824	19435.3903576	4.3
1576505186.88	4300	56	0.0	2275376	889	20584.2882707	4.3
