1576504673.7	750	4	1.166	2354772	1064	6458.93782479	-5.0138
1576504674.78	4300	8	0.0	2123065	942	16519.9029178	0.75
1576504675.96	4300	12	0.0	2177073	1057	17458.2906672	4.3
1576504677.48	4300	16.0	0.0	2160877	1383	15411.408166	4.3
1576504678.8	4300	20	0.0	2233056	1188	13143.5516117	4.3
1576504679.78	4300	24	0.0	1941625	835	14758.7580111	4.3
1576504680.82	4300	28	0.0	2157535	907	16912.3999832	4.3
1576504681.77	4300	32	0.0	2290172	815	18366.3548637	4.3
1576504682.59	4300	36	0.0	2055469	688	20359.6376877	4.3
1576504683.54	4300	40	0.0	2169201	817	21901.4249606	4.3
1576504684.59	4300	44	0.0	2173522	913	21056.6029188	4.3
1576504685.58	4300	48	0.0	2102452	867	19309.191268	4.3
1576504686.55	4300	52	0.0	2209463	836	19695.9363073	4.3
1576504687.52	4300	56	0.0	2275376	839	20534.5957949	4.3
