1576504756.99	750	4	1.173	2354772	1073	6239.30504732	-5.0439
1576504758.06	4300	8	0.0	2123065	940	16359.0148931	0.75
1576504759.25	4300	12	0.0	2177073	1059	17430.8796095	4.3
1576504760.77	4300	16.0	0.0	2160877	1385	15383.2062469	4.3
1576504762.09	4300	20	0.0	2233056	1186	13134.7019845	4.3
1576504763.1	4300	24	0.0	1941625	870	14724.351945	4.3
1576504764.15	4300	28	0.0	2157535	912	16674.3519967	4.3
1576504765.16	4300	32	0.0	2290172	870	18133.5251361	4.3
1576504765.98	4300	36	0.0	2055469	697	19700.77918	4.3
1576504766.98	4300	40	0.0	2169201	868	21358.2866365	4.3
1576504768.03	4300	44	0.0	2173522	907	20064.2787866	4.3
1576504768.99	4300	48	0.0	2102452	827	19485.9761566	4.3
1576504769.98	4300	52	0.0	2209463	852	20147.3292526	4.3
1576504771.01	4300	56	0.0	2275376	895	20450.865357	4.3
