1576504422.81	750	4	0.251	450283	160	6752.38358574	-1.0793
1576504424.04	4300	8	0.0	2123065	1003	9347.9601124	0.75
1576504425.14	4300	12	0.0	2177073	960	16296.1129442	4.3
1576504426.39	4300	16.0	0.0	2160877	1114	17430.2952034	4.3
1576504427.99	4300	20	0.0	2233056	1468	14577.6114269	4.3
1576504429.12	4300	24	0.0	1941625	985	12948.0383859	4.3
1576504430.11	4300	28	0.0	2157535	864	15059.3534928	4.3
1576504431.18	4300	32	0.0	2290172	939	17952.6697281	4.3
1576504432.07	4300	36	0.0	2055469	739	18978.6885172	4.3
1576504432.93	4300	40	0.0	2169201	716	20528.1338871	4.3
1576504433.96	4300	44	0.0	2173522	899	22136.2240632	4.3
1576504434.99	4300	48	0.0	2102452	895	19615.1011524	4.3
1576504435.94	4300	52	0.0	2209463	811	19411.8501422	4.3
1576504436.97	4300	56	0.0	2275376	889	20837.0271086	4.3
