1576505007.05	750	4	1.171	2354772	1074	6296.26159998	-5.0353
1576505008.12	4300	8	0.0	2123065	937	16369.5405749	0.75
1576505009.31	4300	12	0.0	2177073	1057	17471.5089983	4.3
1576505010.83	4300	16.0	0.0	2160877	1386	15403.1514173	4.3
1576505012.15	4300	20	0.0	2233056	1182	13138.4872648	4.3
1576505013.14	4300	24	0.0	1941625	850	14778.0997534	4.3
1576505014.17	4300	28	0.0	2157535	900	16973.5706627	4.3
1576505015.16	4300	32	0.0	2290172	851	18330.4451081	4.3
1576505015.98	4300	36	0.0	2055469	693	20106.2367807	4.3
1576505016.97	4300	40	0.0	2169201	845	21542.1350147	4.3
1576505018.01	4300	44	0.0	2173522	912	20465.7235186	4.3
1576505018.99	4300	48	0.0	2102452	840	19375.0324109	4.3
1576505019.97	4300	52	0.0	2209463	843	20088.1302013	4.3
1576505021.0	4300	56	0.0	2275376	899	20521.7850023	4.3
