1576505090.37	750	4	1.173	2354772	1062	6603.47330701	-5.0439
1576505091.44	4300	8	0.0	2123065	941	16584.490465	0.75
1576505092.62	4300	12	0.0	2177073	1058	17487.0476441	4.3
1576505094.14	4300	16.0	0.0	2160877	1386	15391.1078412	4.3
1576505095.46	4300	20	0.0	2233056	1181	13140.9442652	4.3
1576505096.47	4300	24	0.0	1941625	870	14760.5747815	4.3
1576505097.5	4300	28	0.0	2157535	904	16700.051628	4.3
1576505098.49	4300	32	0.0	2290172	833	18459.9517083	4.3
1576505099.3	4300	36	0.0	2055469	684	20242.432573	4.3
1576505100.31	4300	40	0.0	2169201	863	21808.7978825	4.3
1576505101.36	4300	44	0.0	2173522	920	20192.1214909	4.3
1576505102.33	4300	48	0.0	2102452	839	19229.3447611	4.3
1576505103.3	4300	52	0.0	2209463	842	19984.4691565	4.3
1576505104.33	4300	56	0.0	2275376	890	20502.5243395	4.3
