1576504590.4	750	4	1.18	2354772	1076	6305.72464145	-5.074
1576504591.47	4300	8	0.0	2123065	937	16350.0150177	0.75
1576504592.66	4300	12	0.0	2177073	1054	17470.6062584	4.3
1576504594.17	4300	16.0	0.0	2160877	1382	15449.3516731	4.3
1576504595.49	4300	20	0.0	2233056	1185	13158.6854853	4.3
1576504596.49	4300	24	0.0	1941625	859	14756.569084	4.3
1576504597.55	4300	28	0.0	2157535	927	16771.4670551	4.3
1576504598.52	4300	32	0.0	2290172	839	18075.678058	4.3
1576504599.34	4300	36	0.0	2055469	687	19977.3583001	4.3
1576504600.35	4300	40	0.0	2169201	873	21616.4175531	4.3
1576504601.41	4300	44	0.0	2173522	906	20065.3202648	4.3
1576504602.38	4300	48	0.0	2102452	838	19435.6428238	4.3
1576504603.36	4300	52	0.0	2209463	837	20041.5800895	4.3
1576504604.39	4300	56	0.0	2275376	898	20572.3211201	4.3
