1576504840.33	750	4	1.168	2354772	1062	6380.02399709	-5.022399999999999
1576504841.41	4300	8	0.0	2123065	930	16542.735408	0.75
1576504842.61	4300	12	0.0	2177073	1061	17596.5058432	4.3
1576504844.12	4300	16.0	0.0	2160877	1376	15391.9507037	4.3
1576504845.43	4300	20	0.0	2233056	1179	13215.1325551	4.3
1576504846.41	4300	24	0.0	1941625	848	14827.0776204	4.3
1576504847.45	4300	28	0.0	2157535	898	16837.3027363	4.3
1576504848.45	4300	32	0.0	2290172	861	18353.0906757	4.3
1576504849.27	4300	36	0.0	2055469	685	20027.4216229	4.3
1576504850.27	4300	40	0.0	2169201	862	21687.5175042	4.3
1576504851.32	4300	44	0.0	2173522	919	20202.4454817	4.3
1576504852.3	4300	48	0.0	2102452	828	19289.9047642	4.3
1576504853.27	4300	52	0.0	2209463	842	20115.8136663	4.3
1576504854.3	4300	56	0.0	2275376	891	20559.4351203	4.3
