1576504507.07	750	4	1.172	2354772	1074	6179.84913495	-5.039599999999999
1576504508.15	4300	8	0.0	2123065	941	16328.6545233	0.75
1576504509.33	4300	12	0.0	2177073	1054	17418.4074714	4.3
1576504510.86	4300	16.0	0.0	2160877	1390	15423.1050231	4.3
1576504512.18	4300	20	0.0	2233056	1179	13119.1935394	4.3
1576504513.14	4300	24	0.0	1941625	829	14817.7678818	4.3
1576504514.18	4300	28	0.0	2157535	909	16990.9673745	4.3
1576504515.14	4300	32	0.0	2290172	816	18378.4069384	4.3
1576504515.96	4300	36	0.0	2055469	690	20352.9892507	4.3
1576504516.91	4300	40	0.0	2169201	817	21872.1176075	4.3
1576504517.96	4300	44	0.0	2173522	912	21054.9511326	4.3
1576504518.96	4300	48	0.0	2102452	867	19324.5026952	4.3
1576504519.94	4300	52	0.0	2209463	847	19652.5032661	4.3
1576504520.92	4300	56	0.0	2275376	845	20435.7321679	4.3
