1563369454.97	750	4	1.343	450283	1230	-5.7749
1563369460.6	2850	8	0.0	1431809	5351	0.75
1563369466.11	2850	12	0.0	1300868	5041	2.85
1563369468.53	2850	16.0	0.0	1520281	2262	2.85
1563369471.84	4300	20	0.0	2233056	3041	2.8499999999999996
1563369474.69	4300	24	0.0	1941625	2678	4.3
1563369477.44	4300	28	0.0	2157535	2572	4.3
1563369480.94	4300	32	0.0	2290172	3332	4.3
1563369486.19	4300	36	0.0	2055469	5083	4.3
1563369491.75	4300	40	0.0	2169201	5373	4.3
1563369495.68	4300	44	0.0	2173522	3748	4.3
1563369499.82	4300	48	0.0	2102452	3976	4.3
1563369507.76	4300	52	0.0	2209463	7768	4.3
1563369519.56	4300	56	0.0	2275376	11476	4.3
