1576488374.39	750	4	0.661	450283	523	6887.69407266	-2.8423
1576488377.46	4300	8	0.0	2123065	2837	6437.24146707	0.75
1576488380.54	4300	12	0.0	2177073	2927	6274.93401073	4.3
1576488383.17	4300	16.0	0.0	2160877	2499	6435.59386539	4.3
1576488386.27	4300	20	0.0	2233056	2958	6223.51213221	4.3
1576488388.53	4300	24	0.0	1941625	2129	6550.79331046	4.3
1576488390.91	4300	28	0.0	2157535	2228	6999.95949645	4.3
1576488405.05	4300	32	0.0	2290172	13997	5597.80369001	4.3
1576488408.77	4300	36	0.0	2055469	3584	5234.98701663	4.3
1576488415.45	4300	40	0.0	2169201	6536	4074.77881885	4.3
1576488418.38	4300	44	0.0	2173522	2793	3694.43958946	4.3
1576488423.16	4300	48	0.0	2102452	4626	4276.17393653	4.3
1576488425.84	4300	52	0.0	2209463	2526	4878.52570536	4.3
1576488428.35	4300	56	0.0	2275376	2366	6138.15026861	4.3
