1576488210.37	750	4	3.286	2354772	3130	6018.58658147	-14.1298
1576488213.41	4300	8	0.0	2123065	2906	5931.61263003	0.75
1576488216.01	4300	12	0.0	2177073	2433	6340.56871595	4.3
1576488219.23	4300	16.0	0.0	2160877	3068	6164.0816869	4.3
1576488221.83	4300	20	0.0	2233056	2467	6469.77634676	4.3
1576488223.96	4300	24	0.0	1941625	2000	6950.24167711	4.3
1576488237.55	4300	28	0.0	2157535	13453	5481.3729604	4.3
1576488241.49	4300	32	0.0	2290172	3796	5279.34162501	4.3
1576488248.14	4300	36	0.0	2055469	6509	4100.57782785	4.3
1576488250.92	4300	40	0.0	2169201	2645	3799.18042709	4.3
1576488255.88	4300	44	0.0	2173522	4798	4384.44059338	4.3
1576488258.39	4300	48	0.0	2102452	2375	4948.30267358	4.3
1576488260.83	4300	52	0.0	2209463	2286	6249.7636607	4.3
1576488264.27	4300	56	0.0	2275376	3291	5992.32305629	4.3
