1576488293.72	750	4	3.295	2354772	3121	6035.94232618	-14.1685
1576488296.76	4300	8	0.0	2123065	2894	5952.40792881	0.75
1576488299.35	4300	12	0.0	2177073	2433	6354.43224847	4.3
1576488302.47	4300	16.0	0.0	2160877	2978	6217.05118434	4.3
1576488305.12	4300	20	0.0	2233056	2491	6500.96484005	4.3
1576488307.22	4300	24	0.0	1941625	1973	7001.94209834	4.3
1576488320.8	4300	28	0.0	2157535	13445	5533.26423415	4.3
1576488324.74	4300	32	0.0	2290172	3791	5290.2524828	4.3
1576488331.5	4300	36	0.0	2055469	6623	4118.05957198	4.3
1576488334.31	4300	40	0.0	2169201	2641	3792.5757824	4.3
1576488339.25	4300	44	0.0	2173522	4786	4379.91675101	4.3
1576488341.48	4300	48	0.0	2102452	2085	5188.44203196	4.3
1576488344.11	4300	52	0.0	2209463	2491	6341.69234944	4.3
1576488347.55	4300	56	0.0	2275376	3263	6093.63327139	4.3
