1576488793.58	750	4	3.279	2354772	3118	6041.74983964	-14.099699999999999
1576488796.66	4300	8	0.0	2123065	2894	5955.31168554	0.75
1576488799.22	4300	12	0.0	2177073	2421	6368.19539879	4.3
1576488802.34	4300	16.0	0.0	2160877	2973	6229.81422484	4.3
1576488804.99	4300	20	0.0	2233056	2477	6522.40946578	4.3
1576488807.11	4300	24	0.0	1941625	1987	7009.51921578	4.3
1576488820.88	4300	28	0.0	2157535	13623	5527.77739003	4.3
1576488824.89	4300	32	0.0	2290172	3877	5255.52421003	4.3
1576488831.56	4300	36	0.0	2055469	6500	4084.94350918	4.3
1576488834.42	4300	40	0.0	2169201	2705	3734.46084766	4.3
1576488839.43	4300	44	0.0	2173522	4846	4314.74952384	4.3
1576488841.67	4300	48	0.0	2102452	2104	5131.86354521	4.3
1576488844.11	4300	52	0.0	2209463	2291	6428.23127458	4.3
1576488847.5	4300	56	0.0	2275376	3243	6227.6395806	4.3
