1576488710.25	750	4	3.268	2354772	3121	6035.94232618	-14.0524
1576488713.32	4300	8	0.0	2123065	2890	5956.46943298	0.75
1576488715.9	4300	12	0.0	2177073	2428	6362.05375708	4.3
1576488718.76	4300	16.0	0.0	2160877	2725	6357.50508845	4.3
1576488721.47	4300	20	0.0	2233056	2527	6615.87684763	4.3
1576488723.62	4300	24	0.0	1941625	1998	7090.19628125	4.3
1576488737.15	4300	28	0.0	2157535	13386	5619.24762002	4.3
1576488740.82	4300	32	0.0	2290172	3520	5334.51694028	4.3
1576488747.95	4300	36	0.0	2055469	6949	4158.7465905	4.3
1576488750.78	4300	40	0.0	2169201	2642	3857.2681052	4.3
1576488755.74	4300	44	0.0	2173522	4798	4440.92283664	4.3
1576488758.37	4300	48	0.0	2102452	2484	4832.48423688	4.3
1576488760.8	4300	52	0.0	2209463	2283	6176.47587056	4.3
1576488764.2	4300	56	0.0	2275376	3214	5950.30115754	4.3
