1576488124.42	750	4	0.655	450283	515	6994.68737864	-2.8165
1576488127.49	4300	8	0.0	2123065	2828	6500.2644814	0.75
1576488130.61	4300	12	0.0	2177073	2934	6312.21722073	4.3
1576488133.27	4300	16.0	0.0	2160877	2522	6447.78464433	4.3
1576488136.31	4300	20	0.0	2233056	2905	6236.50075148	4.3
1576488138.56	4300	24	0.0	1941625	2118	6568.49172466	4.3
1576488140.93	4300	28	0.0	2157535	2235	7015.1411393	4.3
1576488154.95	4300	32	0.0	2290172	13869	5631.77710753	4.3
1576488158.67	4300	36	0.0	2055469	3579	5243.01670532	4.3
1576488165.48	4300	40	0.0	2169201	6666	4060.39071864	4.3
1576488168.43	4300	44	0.0	2173522	2809	3677.25210299	4.3
1576488173.33	4300	48	0.0	2102452	4723	4237.29802655	4.3
1576488175.69	4300	52	0.0	2209463	2220	5079.17768416	4.3
1576488178.17	4300	56	0.0	2275376	2308	6400.08193767	4.3
