1576488543.71	750	4	3.268	2354772	3121	6035.94232618	-14.0524
1576488546.79	4300	8	0.0	2123065	2892	5954.43727651	0.75
1576488549.35	4300	12	0.0	2177073	2418	6370.58763016	4.3
1576488552.51	4300	16.0	0.0	2160877	3005	6216.12840981	4.3
1576488555.12	4300	20	0.0	2233056	2475	6511.63252523	4.3
1576488557.23	4300	24	0.0	1941625	1975	7009.60200017	4.3
1576488570.85	4300	28	0.0	2157535	13468	5529.2741837	4.3
1576488574.8	4300	32	0.0	2290172	3795	5298.02826199	4.3
1576488581.54	4300	36	0.0	2055469	6592	4117.16386842	4.3
1576488584.35	4300	40	0.0	2169201	2681	3769.16424614	4.3
1576488589.35	4300	44	0.0	2173522	4783	4357.62299936	4.3
1576488591.94	4300	48	0.0	2102452	2419	4888.96316856	4.3
1576488594.38	4300	52	0.0	2209463	2273	6209.43201386	4.3
1576488597.75	4300	56	0.0	2275376	3213	6007.58515803	4.3
