1576488626.97	750	4	3.256	2354772	3118	6041.74983964	-14.0008
1576488630.01	4300	8	0.0	2123065	2898	5951.26139325	0.75
1576488632.58	4300	12	0.0	2177073	2409	6377.44034768	4.3
1576488635.47	4300	16.0	0.0	2160877	2730	6366.14033402	4.3
1576488638.17	4300	20	0.0	2233056	2547	6609.18226162	4.3
1576488640.3	4300	24	0.0	1941625	1999	7086.58532306	4.3
1576488653.88	4300	28	0.0	2157535	13413	5600.84380336	4.3
1576488657.55	4300	32	0.0	2290172	3520	5319.01782101	4.3
1576488664.69	4300	36	0.0	2055469	6954	4156.70006708	4.3
1576488667.51	4300	40	0.0	2169201	2641	3856.81562051	4.3
1576488672.47	4300	44	0.0	2173522	4798	4441.1192476	4.3
1576488674.99	4300	48	0.0	2102452	2378	4908.13746956	4.3
1576488677.42	4300	52	0.0	2209463	2284	6251.70700935	4.3
1576488680.83	4300	56	0.0	2275376	3273	5999.38684736	4.3
