1576488460.35	750	4	3.247	2354772	3126	6026.28790787	-13.962099999999998
1576488463.38	4300	8	0.0	2123065	2905	5936.46925514	0.75
1576488465.96	4300	12	0.0	2177073	2409	6367.57892227	4.3
1576488469.3	4300	16.0	0.0	2160877	3167	6140.30496846	4.3
1576488471.91	4300	20	0.0	2233056	2440	6464.10676199	4.3
1576488474.07	4300	24	0.0	1941625	2009	6935.37094065	4.3
1576488487.92	4300	28	0.0	2157535	13671	5443.55812584	4.3
1576488491.99	4300	32	0.0	2290172	3900	5253.38452857	4.3
1576488498.56	4300	36	0.0	2055469	6440	4061.35516802	4.3
1576488501.44	4300	40	0.0	2169201	2737	3713.52223718	4.3
1576488506.4	4300	44	0.0	2173522	4760	4311.13002567	4.3
1576488508.98	4300	48	0.0	2102452	2404	4885.81096598	4.3
1576488511.37	4300	52	0.0	2209463	2251	6210.56118066	4.3
1576488514.6	4300	56	0.0	2275376	2938	6174.39580503	4.3
