1576488876.84	750	4	3.273	2354772	3117	6043.68816169	-14.0739
1576488879.91	4300	8	0.0	2123065	2891	5959.32592104	0.75
1576488882.47	4300	12	0.0	2177073	2421	6370.87155579	4.3
1576488885.6	4300	16.0	0.0	2160877	2994	6221.62527673	4.3
1576488888.25	4300	20	0.0	2233056	2477	6513.73593715	4.3
1576488890.4	4300	24	0.0	1941625	2019	6968.34816218	4.3
1576488904.21	4300	28	0.0	2157535	13664	5485.65590433	4.3
1576488908.27	4300	32	0.0	2290172	3924	5209.44831076	4.3
1576488914.9	4300	36	0.0	2055469	6488	4040.03737316	4.3
1576488917.79	4300	40	0.0	2169201	2720	3711.68496334	4.3
1576488922.71	4300	44	0.0	2173522	4763	4308.55584091	4.3
1576488925.36	4300	48	0.0	2102452	2464	4847.82753889	4.3
1576488927.75	4300	52	0.0	2209463	2247	6180.79500572	4.3
1576488931.04	4300	56	0.0	2275376	3019	6093.16492296	4.3
