1575957118.37	750	4	4.944	2354772	4766	3952.61770877	-21.2592
1575957119.31	750	8	0.0	398865	682	4315.69301861	0.75
1575957120.77	1850	12	0.0	877771	1230	4780.15523734	0.75
1575957122.2	1850	16.0	0.0	933276	1280	5043.360178	1.85
1575957123.85	1850	20	0.0	996749	1510	5375.4031018	1.85
1575957124.98	1850	24	0.0	801058	1026	5767.22758889	1.85
1575957126.39	1850	28	0.0	905515	1268	5768.21476799	1.85
1575957129.29	4300	32	0.0	2290172	2794	5949.32105378	1.8499999999999996
1575957142.89	4300	36	0.0	2055469	13494	4933.77302841	4.3
1575957146.4	4300	40	0.0	2169201	3398	4649.00807781	4.3
1575957154.18	4300	44	0.0	2173522	7668	3787.6581266	4.3
1575957156.73	4300	48	0.0	2102452	2402	3898.89260371	4.3
1575957161.78	4300	52	0.0	2209463	4948	4487.31643896	4.3
1575957164.47	4300	56	0.0	2275376	2369	5131.52387482	4.3
