1575957450.12	750	4	3.616	2354772	3468	5432	-15.5488
1575957450.83	750	8	0.0	398865	484	6012.40495868	0.75
1575957452.46	1850	12	0.0	877771	1408	5670.71504821	0.75
1575957453.6	1850	16.0	0.0	933276	1032	6061.71070476	1.85
1575957454.88	1850	20	0.0	996749	1142	6449.33066974	1.85
1575957456.07	1850	24	0.0	801058	1086	6276.37312594	1.85
1575957457.25	1850	28	0.0	905515	1064	6731.63518378	1.85
1575957460.1	4300	32	0.0	2290172	2739	6595.22947639	1.8499999999999996
1575957462.36	4300	36	0.0	2055469	2161	6751.9408395	4.3
1575957475.68	4300	40	0.0	2169201	13215	5604.98966105	4.3
1575957479.36	4300	44	0.0	2173522	3580	5117.15189695	4.3
1575957486.98	4300	48	0.0	2102452	7497	4005.7614037	4.3
1575957489.5	4300	52	0.0	2209463	2413	3934.72970263	4.3
1575957494.25	4300	56	0.0	2275376	4647	4585.72408842	4.3
