1575957616.42	750	4	3.36	2354772	3122	6034.00896861	-14.448
1575957617.12	750	8	0.0	398865	464	6455.49586362	0.75
1575957618.77	1850	12	0.0	877771	1414	5959.05476245	0.75
1575957619.95	1850	16.0	0.0	933276	1058	6233.51791494	1.85
1575957621.19	1850	20	0.0	996749	1132	6486.05630883	1.85
1575957622.18	1850	24	0.0	801058	878	6591.54410436	1.85
1575957623.52	1850	28	0.0	905515	1236	6815.23559217	1.85
1575957626.35	4300	32	0.0	2290172	2726	6731.25232941	1.8499999999999996
1575957628.69	4300	36	0.0	2055469	2221	6821.15181043	4.3
1575957641.27	4300	40	0.0	2169201	12439	5345.19250322	4.3
1575957645.4	4300	44	0.0	2173522	4016	4962.38915029	4.3
1575957653.04	4300	48	0.0	2102452	7481	3844.22336704	4.3
1575957655.44	4300	52	0.0	2209463	2290	3922.94525871	4.3
1575957658.62	4300	56	0.0	2275376	3065	5058.91887844	4.3
