1575957534.77	750	4	4.866	2354772	4694	4013.24584576	-20.9238
1575957535.74	750	8	0.0	398865	710	4253.74968344	0.75
1575957537.22	1850	12	0.0	877771	1254	4702.43811964	0.75
1575957538.61	1850	16.0	0.0	933276	1273	4993.09096208	1.85
1575957540.22	1850	20	0.0	996749	1494	5324.11551135	1.85
1575957541.35	1850	24	0.0	801058	1027	5760.54823623	1.85
1575957542.74	1850	28	0.0	905515	1278	5777.67586537	1.85
1575957545.66	4300	32	0.0	2290172	2808	5942.5901312	1.8499999999999996
1575957559.26	4300	36	0.0	2055469	13486	4913.08416646	4.3
1575957562.8	4300	40	0.0	2169201	3411	4624.97372533	4.3
1575957570.67	4300	44	0.0	2173522	7712	3771.56506602	4.3
1575957573.22	4300	48	0.0	2102452	2399	3893.16208353	4.3
1575957578.3	4300	52	0.0	2209463	4964	4478.52663869	4.3
1575957580.96	4300	56	0.0	2275376	2364	5131.66297128	4.3
