1575957201.68	750	4	4.915	2354772	4762	3955.93784124	-21.1345
1575957202.62	750	8	0.0	398865	668	4366.38209427	0.75
1575957204.09	1850	12	0.0	877771	1241	4797.07987053	0.75
1575957205.53	1850	16.0	0.0	933276	1287	5048.12225721	1.85
1575957207.16	1850	20	0.0	996749	1511	5378.46142364	1.85
1575957208.3	1850	24	0.0	801058	1021	5753.41840194	1.85
1575957209.71	1850	28	0.0	905515	1274	5760.33015843	1.85
1575957212.61	4300	32	0.0	2290172	2782	5956.43908377	1.8499999999999996
1575957226.24	4300	36	0.0	2055469	13527	4941.02157073	4.3
1575957229.78	4300	40	0.0	2169201	3390	4651.62260737	4.3
1575957237.55	4300	44	0.0	2173522	7657	3797.81355709	4.3
1575957240.09	4300	48	0.0	2102452	2424	3886.08864707	4.3
1575957245.14	4300	52	0.0	2209463	4948	4475.25569425	4.3
1575957247.78	4300	56	0.0	2275376	2361	5122.9591145	4.3
