1575956868.24	750	4	4.831	2354772	4655	4046.86917293	-20.7733
1575956869.24	750	8	0.0	398865	716	4251.73067585	0.75
1575956870.7	1850	12	0.0	877771	1258	4695.15696355	0.75
1575956872.1	1850	16.0	0.0	933276	1263	4999.23945663	1.85
1575956873.71	1850	20	0.0	996749	1493	5322.75190218	1.85
1575956874.84	1850	24	0.0	801058	1028	5767.08245671	1.85
1575956876.22	1850	28	0.0	905515	1261	5807.76563898	1.85
1575956879.13	4300	32	0.0	2290172	2805	5962.81511713	1.8499999999999996
1575956892.61	4300	36	0.0	2055469	13383	4934.76149731	4.3
1575956896.24	4300	40	0.0	2169201	3502	4615.11842065	4.3
1575956904.04	4300	44	0.0	2173522	7684	3744.65955848	4.3
1575956906.48	4300	48	0.0	2102452	2316	3927.32729282	4.3
1575956911.46	4300	52	0.0	2209463	4874	4526.7835087	4.3
1575956914.21	4300	56	0.0	2275376	2634	5015.64426556	4.3
