1575957363.96	750	4	0.765	450283	531	6783.92467043	-3.2895
1575957364.51	750	8	0.0	398865	421	7181.65354662	0.75
1575957365.79	1850	12	0.0	877771	1089	6937.19296741	0.75
1575957367.26	1850	16.0	0.0	933276	1351	6584.50242356	1.85
1575957368.94	1850	20	0.0	996749	1577	6152.62905557	1.85
1575957369.97	1850	24	0.0	801058	923	5993.55376406	1.85
1575957371.1	1850	28	0.0	905515	1016	6163.99565433	1.85
1575957374.13	4300	32	0.0	2290172	2816	6408.93056997	1.8499999999999996
1575957376.7	4300	36	0.0	2055469	2440	6829.63342609	4.3
1575957379.08	4300	40	0.0	2169201	2269	7005.89572538	4.3
1575957392.01	4300	44	0.0	2173522	12828	5562.25741389	4.3
1575957395.66	4300	48	0.0	2102452	3503	5136.0870526	4.3
1575957403.3	4300	52	0.0	2209463	7536	4037.65192765	4.3
1575957405.79	4300	56	0.0	2275376	2371	4044.95798983	4.3
