1575956949.98	750	4	3.353	2354772	3127	6024.36072913	-14.4179
1575956950.69	750	8	0.0	398865	463	6458.09829113	0.75
1575956952.33	1850	12	0.0	877771	1429	5943.41332308	0.75
1575956953.52	1850	16.0	0.0	933276	1060	6218.45810552	1.85
1575956954.76	1850	20	0.0	996749	1133	6471.85424274	1.85
1575956955.74	1850	24	0.0	801058	877	6575.70941857	1.85
1575956957.06	1850	28	0.0	905515	1218	6834.08691337	1.85
1575956959.91	4300	32	0.0	2290172	2739	6745.45751137	1.8499999999999996
1575956962.24	4300	36	0.0	2055469	2214	6842.76342312	4.3
1575956974.75	4300	40	0.0	2169201	12407	5365.62301658	4.3
1575956979.09	4300	44	0.0	2173522	4236	4904.9490282	4.3
1575956986.64	4300	48	0.0	2102452	7438	3798.00755549	4.3
1575956989.05	4300	52	0.0	2209463	2307	3856.65789034	4.3
1575956992.23	4300	56	0.0	2275376	3063	4992.70142842	4.3
