1575957035.0	750	4	4.926	2354772	4754	3962.59486748	-21.1818
1575957035.92	750	8	0.0	398865	690	4293.55830331	0.75
1575957037.39	1850	12	0.0	877771	1257	4724.52229502	0.75
1575957038.78	1850	16.0	0.0	933276	1268	5015.4358853	1.85
1575957040.39	1850	20	0.0	996749	1495	5358.23064669	1.85
1575957041.52	1850	24	0.0	801058	1027	5762.09631707	1.85
1575957042.92	1850	28	0.0	905515	1285	5774.84561516	1.85
1575957045.88	4300	32	0.0	2290172	2827	5923.01510518	1.8499999999999996
1575957059.49	4300	36	0.0	2055469	13494	4894.22095254	4.3
1575957063.01	4300	40	0.0	2169201	3416	4604.24885206	4.3
1575957070.84	4300	44	0.0	2173522	7718	3758.12150107	4.3
1575957073.39	4300	48	0.0	2102452	2406	3885.58199499	4.3
1575957078.44	4300	52	0.0	2209463	4945	4474.54763397	4.3
1575957081.13	4300	56	0.0	2275376	2368	5126.29389956	4.3
