1575957284.99	750	4	4.891	2354772	4750	3965.93178947	-21.031299999999998
1575957285.9	750	8	0.0	398865	692	4288.54392942	0.75
1575957287.37	1850	12	0.0	877771	1254	4725.63428362	0.75
1575957288.76	1850	16.0	0.0	933276	1272	5011.64080706	1.85
1575957290.37	1850	20	0.0	996749	1496	5352.70999872	1.85
1575957291.5	1850	24	0.0	801058	1025	5762.96098138	1.85
1575957292.88	1850	28	0.0	905515	1275	5783.42291965	1.85
1575957295.79	4300	32	0.0	2290172	2795	5954.77133157	1.8499999999999996
1575957309.27	4300	36	0.0	2055469	13381	4929.44122377	4.3
1575957312.89	4300	40	0.0	2169201	3503	4604.88309645	4.3
1575957320.63	4300	44	0.0	2173522	7630	3754.19794753	4.3
1575957323.08	4300	48	0.0	2102452	2334	3917.02141642	4.3
1575957327.97	4300	52	0.0	2209463	4782	4533.87424926	4.3
1575957330.83	4300	56	0.0	2275376	2747	4952.01851418	4.3
