1576492476.24	750	4	3.271	2354772	3123	6032.07684918	-14.065299999999999
1576492479.28	4300	8	0.0	2123065	2906	5938.35776389	0.75
1576492481.88	4300	12	0.0	2177073	2432	6346.04662329	4.3
1576492484.83	4300	16.0	0.0	2160877	2805	6300.26723129	4.3
1576492487.49	4300	20	0.0	2233056	2515	6568.03807863	4.3
1576492489.63	4300	24	0.0	1941625	1997	7051.4202217	4.3
1576492503.15	4300	28	0.0	2157535	13381	5583.54152949	4.3
1576492504.97	1850	32	0.0	1060487	1569	5394.60913821	-0.6000000000000001
1576492506.24	1850	36	0.0	852833	1132	5125.59116337	1.85
1576492512.15	1850	40	0.0	913888	5773	3497.65700699	1.85
1576492513.5	1850	44	0.0	939819	1203	4737.63846653	1.85
1576492514.54	1850	48	0.0	917428	902	5420.04701973	1.85
1576492515.81	1850	52	0.0	946851	1118	5607.10498859	1.85
1576492520.55	4300	56	0.0	2275376	4594	6281.08331397	1.8499999999999996
