1576492226.3	750	4	3.282	2354772	3127	6024.36072913	-14.112599999999999
1576492229.35	4300	8	0.0	2123065	2906	5934.49970386	0.75
1576492231.92	4300	12	0.0	2177073	2410	6365.26591599	4.3
1576492235.07	4300	16.0	0.0	2160877	2978	6225.17643498	4.3
1576492237.71	4300	20	0.0	2233056	2490	6512.7055298	4.3
1576492239.85	4300	24	0.0	1941625	1997	6996.08767287	4.3
1576492253.42	4300	28	0.0	2157535	13430	5510.68890687	4.3
1576492255.21	1850	32	0.0	1060487	1540	5436.71775305	-0.6000000000000001
1576492256.47	1850	36	0.0	852833	1131	5151.20280839	1.85
1576492262.29	1850	40	0.0	913888	5673	3528.84960839	1.85
1576492263.48	1850	44	0.0	939819	1047	5002.80953432	1.85
1576492264.56	1850	48	0.0	917428	933	5592.17319713	1.85
1576492266.53	2850	52	0.0	1422919	1710	5748.30161322	1.85
1576492271.76	4300	56	0.0	2275376	5082	6321.57777814	2.8499999999999996
