1576492809.48	750	4	3.257	2354772	3118	6041.74983964	-14.005099999999999
1576492812.51	4300	8	0.0	2123065	2893	5956.32600866	0.75
1576492815.09	4300	12	0.0	2177073	2411	6378.81764327	4.3
1576492817.99	4300	16.0	0.0	2160877	2745	6358.52270422	4.3
1576492820.68	4300	20	0.0	2233056	2551	6598.81515414	4.3
1576492822.86	4300	24	0.0	1941625	2000	7072.71460973	4.3
1576492836.39	4300	28	0.0	2157535	13390	5589.02502388	4.3
1576492838.21	1850	32	0.0	1060487	1577	5359.55784761	-0.6000000000000001
1576492839.49	1850	36	0.0	852833	1147	5095.89506942	1.85
1576492845.41	1850	40	0.0	913888	5774	3470.82289242	1.85
1576492846.72	1850	44	0.0	939819	1170	4755.09045527	1.85
1576492847.78	1850	48	0.0	917428	916	5413.26606371	1.85
1576492849.03	1850	52	0.0	946851	1118	5620.02898573	1.85
1576492853.78	4300	56	0.0	2275376	4594	6294.06214444	1.8499999999999996
