1576492642.86	750	4	3.265	2354772	3119	6039.8127605	-14.0395
1576492645.89	4300	8	0.0	2123065	2895	5953.3295236	0.75
1576492648.47	4300	12	0.0	2177073	2420	6367.86486146	4.3
1576492651.34	4300	16.0	0.0	2160877	2719	6365.36315511	4.3
1576492654.04	4300	20	0.0	2233056	2549	6607.51353501	4.3
1576492656.18	4300	24	0.0	1941625	2003	7079.51888795	4.3
1576492669.76	4300	28	0.0	2157535	13433	5601.51406641	4.3
1576492671.57	1850	32	0.0	1060487	1574	5359.55527531	-0.6000000000000001
1576492672.84	1850	36	0.0	852833	1129	5118.22761317	1.85
1576492678.75	1850	40	0.0	913888	5772	3496.17319722	1.85
1576492680.12	1850	44	0.0	939819	1220	4715.63101971	1.85
1576492681.16	1850	48	0.0	917428	901	5404.59145052	1.85
1576492682.42	1850	52	0.0	946851	1119	5586.13189652	1.85
1576492687.15	4300	56	0.0	2275376	4593	6260.27104255	1.8499999999999996
