1576492057.07	750	4	0.659	450283	519	6940.77842004	-2.8337
1576492060.15	4300	8	0.0	2123065	2840	6460.62160439	0.75
1576492063.21	4300	12	0.0	2177073	2927	6290.52076894	4.3
1576492065.87	4300	16.0	0.0	2160877	2517	6434.9164011	4.3
1576492068.94	4300	20	0.0	2233056	2930	6223.99210326	4.3
1576492071.19	4300	24	0.0	1941625	2111	6568.40693402	4.3
1576492073.56	4300	28	0.0	2157535	2236	7010.64379636	4.3
1576492087.58	4300	32	0.0	2290172	13871	5623.82805055	4.3
1576492089.01	1850	36	0.0	852833	1216	5502.24359864	-0.6000000000000001
1576492090.99	1850	40	0.0	913888	1839	4656.60925368	1.85
1576492096.46	1850	44	0.0	939819	5323	3079.90890463	1.85
1576492097.47	1850	48	0.0	917428	880	4834.76246241	1.85
1576492098.66	1850	52	0.0	946851	1014	5299.63282017	1.85
1576492101.86	4300	56	0.0	2275376	3064	5790.96851317	1.8499999999999996
