1576492309.59	750	4	3.269	2354772	3123	6032.07684918	-14.0567
1576492312.65	4300	8	0.0	2123065	2893	5951.48951343	0.75
1576492315.22	4300	12	0.0	2177073	2410	6376.5924557	4.3
1576492318.37	4300	16.0	0.0	2160877	2990	6227.84701736	4.3
1576492321.01	4300	20	0.0	2233056	2490	6513.44708217	4.3
1576492323.15	4300	24	0.0	1941625	2011	6976.72601314	4.3
1576492336.72	4300	28	0.0	2157535	13443	5491.01653445	4.3
1576492338.49	1850	32	0.0	1060487	1540	5422.86970302	-0.6000000000000001
1576492339.76	1850	36	0.0	852833	1131	5137.35475837	1.85
1576492345.58	1850	40	0.0	913888	5677	3528.31188242	1.85
1576492346.95	1850	44	0.0	939819	1222	4745.48707882	1.85
1576492348.0	1850	48	0.0	917428	922	5358.31366417	1.85
1576492350.04	2850	52	0.0	1422919	1814	5419.02851584	1.85
1576492355.18	4300	56	0.0	2275376	4963	6014.00264077	2.8499999999999996
