1576492143.02	750	4	3.265	2354772	3122	6034.00896861	-14.0395
1576492146.07	4300	8	0.0	2123065	2908	5937.31397536	0.75
1576492148.64	4300	12	0.0	2177073	2410	6367.14209699	4.3
1576492151.78	4300	16.0	0.0	2160877	2969	6230.98270949	4.3
1576492154.42	4300	20	0.0	2233056	2507	6503.93718852	4.3
1576492156.56	4300	24	0.0	1941625	1999	6986.37874114	4.3
1576492170.14	4300	28	0.0	2157535	13458	5500.31149372	4.3
1576492171.92	1850	32	0.0	1060487	1540	5421.94120113	-0.6000000000000001
1576492173.18	1850	36	0.0	852833	1131	5148.5888124	1.85
1576492179.01	1850	40	0.0	913888	5676	3528.01083701	1.85
1576492180.37	1850	44	0.0	939819	1221	4746.80356079	1.85
1576492181.42	1850	48	0.0	917428	914	5377.04881073	1.85
1576492183.47	2850	52	0.0	1422919	1815	5436.89929922	1.85
1576492188.58	4300	56	0.0	2275376	4936	6036.83235409	2.8499999999999996
