1576492392.96	750	4	3.265	2354772	3118	6041.74983964	-14.0395
1576492396.03	4300	8	0.0	2123065	2890	5959.37318972	0.75
1576492398.6	4300	12	0.0	2177073	2421	6370.90306824	4.3
1576492401.8	4300	16.0	0.0	2160877	3060	6190.51520967	4.3
1576492404.41	4300	20	0.0	2233056	2445	6506.70842461	4.3
1576492406.53	4300	24	0.0	1941625	1980	6998.6966634	4.3
1576492420.31	4300	28	0.0	2157535	13643	5516.4904986	4.3
1576492422.16	1850	32	0.0	1060487	1561	5462.88032874	-0.6000000000000001
1576492423.9	1850	36	0.0	852833	1599	4702.95759635	1.85
1576492429.54	1850	40	0.0	913888	5480	3075.25598904	1.85
1576492430.64	1850	44	0.0	939819	917	4808.74025886	1.85
1576492431.77	1850	48	0.0	917428	985	5312.81048977	1.85
1576492434.86	4300	52	0.0	2209463	2945	5746.58675783	1.8499999999999996
1576492439.68	4300	56	0.0	2275376	4684	6384.60351063	4.3
