1576492726.14	750	4	3.272	2354772	3117	6043.68816169	-14.069599999999998
1576492729.22	4300	8	0.0	2123065	2891	5959.32592104	0.75
1576492731.78	4300	12	0.0	2177073	2417	6374.84009134	4.3
1576492734.91	4300	16.0	0.0	2160877	3001	6221.23470029	4.3
1576492737.56	4300	20	0.0	2233056	2476	6514.07356456	4.3
1576492739.67	4300	24	0.0	1941625	1976	7010.54013434	4.3
1576492753.45	4300	28	0.0	2157535	13639	5525.45032674	4.3
1576492755.26	1850	32	0.0	1060487	1573	5433.70805986	-0.6000000000000001
1576492756.97	1850	36	0.0	852833	1559	4724.02412759	1.85
1576492762.3	1850	40	0.0	913888	5155	3113.38036225	1.85
1576492763.42	1850	44	0.0	939819	954	4767.27350212	1.85
1576492764.47	1850	48	0.0	917428	913	5428.61102768	1.85
1576492767.47	4300	52	0.0	2209463	2838	5891.59043299	1.8499999999999996
1576492772.39	4300	56	0.0	2275376	4752	6494.6765401	4.3
