1576492559.55	750	4	3.287	2354772	3123	6032.07684918	-14.134099999999998
1576492562.59	4300	8	0.0	2123065	2893	5951.48951343	0.75
1576492565.19	4300	12	0.0	2177073	2433	6353.81997155	4.3
1576492568.33	4300	16.0	0.0	2160877	3002	6204.98989538	4.3
1576492570.99	4300	20	0.0	2233056	2476	6500.73158777	4.3
1576492573.1	4300	24	0.0	1941625	1974	7000.20462492	4.3
1576492586.87	4300	28	0.0	2157535	13635	5527.05451665	4.3
1576492588.69	1850	32	0.0	1060487	1574	5434.93531784	-0.6000000000000001
1576492590.37	1850	36	0.0	852833	1538	4740.19001784	1.85
1576492596.03	1850	40	0.0	913888	5525	3103.8106218	1.85
1576492597.13	1850	44	0.0	939819	963	4739.19720594	1.85
1576492598.27	1850	48	0.0	917428	995	5235.76786993	1.85
1576492601.33	4300	52	0.0	2209463	2912	5644.24058943	1.8499999999999996
1576492606.18	4300	56	0.0	2275376	4681	6285.59658015	4.3
