1575955264.11	750	4	3.243	2354772	3126	6026.28790787	-13.9449
1575955267.16	4300	8	0.0	2123065	2919	5924.18470789	0.75
1575955269.72	4300	12	0.0	2177073	2410	6245.03932321	4.3
1575955272.64	4300	16.0	0.0	2160877	2745	6257.84921975	4.3
1575955275.33	4300	20	0.0	2233056	2549	6384.61499444	4.3
1575955277.5	4300	24	0.0	1941625	1997	6672.04180704	4.3
1575955291.04	4300	28	0.0	2157535	13400	1958.8931087	4.3
1575955292.84	1850	32	0.0	1060487	1572	1894.61330965	-0.6000000000000001
1575955294.11	1850	36	0.0	852833	1132	1795.24257948	1.85
1575955300.02	1850	40	0.0	913888	5772	1520.97819098	1.85
1575955301.3	1850	44	0.0	939819	1132	1473.97317025	1.85
1575955302.36	1850	48	0.0	917428	933	1979.51582328	1.85
1575955303.6	1850	52	0.0	946851	1108	1939.43911157	1.85
1575955308.14	4300	56	0.0	2275376	4390	2198.04854209	1.8499999999999996
