1575955597.54	750	4	3.597	2354772	3458	5447.70850202	-15.467099999999999
1575955600.58	4300	8	0.0	2123065	2890	5635.10268739	0.75
1575955603.26	4300	12	0.0	2177073	2537	5938.91655614	4.3
1575955605.93	4300	16.0	0.0	2160877	2533	6114.98983728	4.3
1575955608.64	4300	20	0.0	2233056	2562	6256.04171083	4.3
1575955610.79	4300	24	0.0	1941625	1996	6743.28684896	4.3
1575955624.82	4300	28	0.0	2157535	13905	1872.66537834	4.3
1575955626.59	1850	32	0.0	1060487	1495	1804.98815634	-0.6000000000000001
1575955628.32	1850	36	0.0	852833	1599	1729.53137287	1.85
1575955633.99	1850	40	0.0	913888	5502	1508.69638956	1.85
1575955635.08	1850	44	0.0	939819	918	1455.24748313	1.85
1575955636.19	1850	48	0.0	917428	990	2090.60991633	1.85
1575955639.28	4300	52	0.0	2209463	2943	2276.16537837	1.8499999999999996
1575955644.13	4300	56	0.0	2275376	4713	2471.27686337	4.3
