1575955682.36	750	4	4.919	2354772	4770	3949.30314465	-21.1517
1575955684.78	2850	8	0.0	1431809	2166	4288.38809111	0.75
1575955688.07	4300	12	0.0	2177073	3130	4617.65352927	2.8499999999999996
1575955691.09	4300	16.0	0.0	2160877	2889	4865.35547863	4.3
1575955693.88	4300	20	0.0	2233056	2655	5105.83290425	4.3
1575955707.78	4300	24	0.0	1941625	13718	1758.59476767	4.3
1575955709.32	1850	28	0.0	905515	1280	1717.7091696	-0.6000000000000001
1575955711.08	1850	32	0.0	1060487	1600	1637.67470642	1.85
1575955717.0	1850	36	0.0	852833	5774	1396.27654383	1.85
1575955718.22	1850	40	0.0	913888	1059	1325.06471383	1.85
1575955719.37	1850	44	0.0	939819	1009	1879.98400782	1.85
1575955720.59	1850	48	0.0	917428	1085	1867.32772894	1.85
1575955722.83	2850	52	0.0	1422919	2045	1923.86580772	1.85
1575955727.68	4300	56	0.0	2275376	4705	4871.84360111	2.8499999999999996
