1575954930.82	750	4	3.35	2354772	3125	6028.21632	-14.405
1575954933.9	4300	8	0.0	2123065	2940	5903.79147544	0.75
1575954936.5	4300	12	0.0	2177073	2418	6223.75010478	4.3
1575954939.35	4300	16.0	0.0	2160877	2696	6268.15358479	4.3
1575954942.06	4300	20	0.0	2233056	2575	6383.48341342	4.3
1575954944.19	4300	24	0.0	1941625	1999	6669.17945446	4.3
1575954957.89	4300	28	0.0	2157535	13513	1939.2592951	4.3
1575954959.71	1850	32	0.0	1060487	1570	1875.45837982	-0.6000000000000001
1575954961.02	1850	36	0.0	852833	1133	1778.99374453	1.85
1575954966.85	1850	40	0.0	913888	5676	1519.60970208	1.85
1575954968.16	1850	44	0.0	939819	1162	1473.65181424	1.85
1575954969.19	1850	48	0.0	917428	901	2017.59550772	1.85
1575954971.16	2850	52	0.0	1422919	1739	2060.15210986	1.85
1575954976.33	4300	56	0.0	2275376	5014	2284.52845103	2.8499999999999996
