1575955347.63	750	4	3.611	2354772	3449	5461.92403595	-15.527299999999999
1575955350.67	4300	8	0.0	2123065	2887	5646.10350395	0.75
1575955353.34	4300	12	0.0	2177073	2523	5954.92368556	4.3
1575955356.02	4300	16.0	0.0	2160877	2531	6129.4512936	4.3
1575955358.73	4300	20	0.0	2233056	2564	6267.96693158	4.3
1575955360.87	4300	24	0.0	1941625	1996	6752.6800494	4.3
1575955374.92	4300	28	0.0	2157535	13906	1871.99855431	4.3
1575955376.68	1850	32	0.0	1060487	1496	1804.86594713	-0.6000000000000001
1575955378.41	1850	36	0.0	852833	1599	1729.50016708	1.85
1575955384.08	1850	40	0.0	913888	5500	1508.79357177	1.85
1575955385.16	1850	44	0.0	939819	918	1455.34206362	1.85
1575955386.28	1850	48	0.0	917428	990	2091.51697672	1.85
1575955389.37	4300	52	0.0	2209463	2945	2277.18166302	1.8499999999999996
1575955394.22	4300	56	0.0	2275376	4708	2472.45659775	4.3
