1575955099.05	750	4	4.864	2354772	4691	4015.81240674	-20.915200000000002
1575955101.52	2850	8	0.0	1431809	2202	4331.28858327	0.75
1575955104.81	4300	12	0.0	2177073	3109	4659.8420105	2.8499999999999996
1575955107.84	4300	16.0	0.0	2160877	2896	4901.24573141	4.3
1575955110.63	4300	20	0.0	2233056	2656	5139.34255649	4.3
1575955124.55	4300	24	0.0	1941625	13788	1748.62518154	4.3
1575955126.12	1850	28	0.0	905515	1282	1707.15237036	-0.6000000000000001
1575955127.88	1850	32	0.0	1060487	1610	1628.54172375	1.85
1575955133.76	1850	36	0.0	852833	5753	1392.48997652	1.85
1575955134.95	1850	40	0.0	913888	1064	1321.73956256	1.85
1575955136.09	1850	44	0.0	939819	994	1887.75189644	1.85
1575955138.28	2850	48	0.0	1519951	2034	1980.78266707	1.85
1575955142.08	2850	52	0.0	1422919	3638	2030.51038229	2.85
1575955144.29	2850	56	0.0	1578343	2069	4604.3890288	2.85
