1575955515.67	750	4	4.919	2354772	4748	3967.60235889	-21.1517
1575955518.1	2850	8	0.0	1431809	2185	4296.88987284	0.75
1575955521.36	4300	12	0.0	2177073	3093	4635.70787961	2.8499999999999996
1575955524.42	4300	16.0	0.0	2160877	2899	4879.32251492	4.3
1575955527.22	4300	20	0.0	2233056	2661	5118.04614783	4.3
1575955541.12	4300	24	0.0	1941625	13770	1750.74740457	4.3
1575955542.71	1850	28	0.0	905515	1302	1710.16601026	-0.6000000000000001
1575955544.44	1850	32	0.0	1060487	1601	1631.68835009	1.85
1575955550.33	1850	36	0.0	852833	5753	1394.44687678	1.85
1575955551.53	1850	40	0.0	913888	1070	1323.65314135	1.85
1575955552.64	1850	44	0.0	939819	978	1887.50132156	1.85
1575955554.8	2850	48	0.0	1519951	2014	1978.31825645	1.85
1575955558.42	2850	52	0.0	1422919	3481	2035.2328767	2.85
1575955560.79	2850	56	0.0	1578343	2219	4711.7601697	2.85
