1575955182.45	750	4	4.915	2354772	4767	3951.78854626	-21.1345
1575955184.87	2850	8	0.0	1431809	2153	4295.54758321	0.75
1575955188.13	4300	12	0.0	2177073	3120	4626.97125141	2.8499999999999996
1575955191.14	4300	16.0	0.0	2160877	2866	4879.32549228	4.3
1575955193.93	4300	20	0.0	2233056	2652	5119.90123187	4.3
1575955207.76	4300	24	0.0	1941625	13699	1760.09978732	4.3
1575955209.35	1850	28	0.0	905515	1314	1720.36710889	-0.6000000000000001
1575955210.98	1850	32	0.0	1060487	1484	1637.00838152	1.85
1575955216.71	1850	36	0.0	852833	5602	1408.47640323	1.85
1575955218.18	1850	40	0.0	913888	1332	1344.91862943	1.85
1575955219.3	1850	44	0.0	939819	989	1959.81167251	1.85
1575955221.44	2850	48	0.0	1519951	2009	2051.759713	1.85
1575955224.75	2850	52	0.0	1422919	3161	2117.85798982	2.85
1575955227.42	2850	56	0.0	1578343	2541	4791.26425461	2.85
