1575955432.41	750	4	4.93	2354772	4776	3944.34170854	-21.199
1575955434.84	2850	8	0.0	1431809	2175	4280.58845678	0.75
1575955438.07	4300	12	0.0	2177073	3087	4623.68202363	2.8499999999999996
1575955441.08	4300	16.0	0.0	2160877	2885	4872.06325076	4.3
1575955443.89	4300	20	0.0	2233056	2663	5111.1105128	4.3
1575955457.65	4300	24	0.0	1941625	13635	1770.41384782	4.3
1575955459.24	1850	28	0.0	905515	1354	1731.0017424	-0.6000000000000001
1575955460.88	1850	32	0.0	1060487	1495	1648.62335574	1.85
1575955466.64	1850	36	0.0	852833	5609	1415.14322161	1.85
1575955468.11	1850	40	0.0	913888	1319	1350.59114025	1.85
1575955469.21	1850	44	0.0	939819	977	1957.8824774	1.85
1575955471.36	2850	48	0.0	1519951	2000	2047.21144417	1.85
1575955474.6	2850	52	0.0	1422919	3107	2114.69289796	2.85
1575955477.35	2850	56	0.0	1578343	2614	4808.78911838	2.85
