1575955015.83	750	4	4.915	2354772	4745	3970.11085353	-21.1345
1575955018.24	2850	8	0.0	1431809	2175	4303.01575045	0.75
1575955021.54	4300	12	0.0	2177073	3123	4632.02673494	2.8499999999999996
1575955024.56	4300	16.0	0.0	2160877	2876	4881.28583205	4.3
1575955027.35	4300	20	0.0	2233056	2657	5120.6229818	4.3
1575955041.28	4300	24	0.0	1941625	13789	1747.65508916	4.3
1575955042.82	1850	28	0.0	905515	1273	1706.55722681	-0.6000000000000001
1575955044.58	1850	32	0.0	1060487	1597	1627.12457949	1.85
1575955050.5	1850	36	0.0	852833	5773	1390.34691293	1.85
1575955051.74	1850	40	0.0	913888	1067	1319.74751946	1.85
1575955052.9	1850	44	0.0	939819	1007	1880.26115662	1.85
1575955055.07	2850	48	0.0	1519951	2029	1973.13509682	1.85
1575955058.96	2850	52	0.0	1422919	3744	2019.15575898	2.85
1575955061.06	2850	56	0.0	1578343	1963	4529.62487349	2.85
