1577030535.37	750	3.999844	4.438	181801	3531	411.896913056	-19.083399999999997
1577030537.66	300	5.712947	0.0	155580	1586	483.031315392	-0.15000000000000002
1577030539.37	300	7.999	0.0	139857	1573	522.452279017	0.3
1577030541.32	300	10.054247	0.0	155432	1650	556.205442622	0.3
1577030545.41	750	9.963238	0.0	411561	3476	633.083662214	0.3
1577030548.19	750	11.183628	0.0	318564	2647	851.338173513	0.75
1577030552.09	300	11.499759	0.0	153295	1263	875.278571611	-0.15000000000000002
1577030556.04	300	11.499805	0.0	173849	1818	883.468704157	0.3
1577030559.42	750	11.947103	0.0	374758	3249	914.509126923	0.3
1577030564.02	300	11.499799	0.0	139105	1438	882.210740711	-0.15000000000000002
1577030568.11	300	11.499752	0.0	141840	1460	843.911162638	0.3
1577030571.79	300	11.749788	0.0	156148	1549	823.377891611	0.3
1577030575.77	300	11.749756	0.0	160746	1354	853.448439578	0.3
1577030579.97	300	11.499779	0.0	179801	1574	837.547302144	0.3
1577030583.98	300	11.499757	0.0	140051	1367	847.80690593	0.3
1577030587.95	300	11.499771	0.0	138313	1335	860.03597939	0.3
1577030592.4	750	10.973013	0.0	360831	4315	772.326996806	0.3
1577030595.68	300	11.749752	0.0	150616	2132	704.376132283	-0.15000000000000002
1577030599.75	300	11.749769	0.0	165384	1434	702.943909739	0.3
1577030603.9	300	11.49979	0.0	140881	1508	696.132755078	0.3
1577030608.08	300	11.499801	0.0	157671	1541	697.1974936	0.3
1577030611.64	300	11.749759	0.0	157812	1427	741.890859521	0.3
1577030615.63	300	11.749766	0.0	163927	1348	858.618651979	0.3
1577030620.0	300	11.499785	0.0	137654	1236	852.024684959	0.3
1577030624.28	750	11.092567	0.0	359903	4150	791.995198526	0.3
1577030627.91	300	11.499763	0.0	153938	1499	792.319596779	-0.15000000000000002
1577030631.71	300	11.749739	0.0	181901	1664	792.910662475	0.3
1577030635.62	750	11.749762	0.0	277716	3273	742.682828629	0.3
1577030640.05	300	11.499768	0.0	153605	1288	747.699412012	-0.15000000000000002
1577030643.77	300	11.749768	0.0	149029	1585	775.347591316	0.3
1577030647.97	300	11.499778	0.0	157421	1568	772.876173859	0.3
1577030652.05	300	11.499774	0.0	157488	1435	771.053888208	0.3
1577030655.76	300	11.74976	0.0	143881	1560	811.957507023	0.3
1577030660.03	300	11.499776	0.0	163444	1647	788.753878683	0.3
1577030663.67	300	11.749771	0.0	179328	1494	825.604057524	0.3
1577030667.62	300	11.749781	0.0	159914	1330	852.110183936	0.3
1577030671.83	300	11.749758	0.0	131610	1054	865.875590126	0.3
1577030676.0	300	11.499788	0.0	124011	1537	835.795951387	0.3
1577030680.02	300	11.499787	0.0	144254	1391	845.309702444	0.3
1577030684.1	300	11.499856	0.0	149991	1439	821.153893893	0.3
1577030687.62	300	11.749774	0.0	147968	1388	804.260532457	0.3
1577030691.74	300	11.749768	0.0	161857	1481	794.73303526	0.3
1577030695.96	300	11.499773	0.0	145210	1577	820.798465942	0.3
1577030700.11	300	11.499774	0.0	172312	2520	712.60989721	0.3
1577030704.86	300	10.51265	0.0	167025	4574	448.566259271	0.3
1577030707.91	300	11.499775	0.0	160064	1420	450.735505061	0.3
1577030711.72	750	11.749769	0.0	331053	3188	477.366587135	0.3
1577030718.68	1200	8.692196	0.0	550906	6742	512.475890436	0.75
1577030722.81	1200	6.247647	0.0	391450	4005	545.921981212	1.2

