1577028509.43	750	4	7.663	450283	6495	554.621093149	-32.950900000000004
1577028511.37	300	6.058026	0.0	155580	1664	585.489257027	-0.15000000000000002
1577028513.12	300	8.301972	0.0	139857	1474	606.718049792	0.3
1577028516.81	750	8.621512	0.0	382355	3484	660.956507002	0.3
1577028520.37	750	9.058593	0.0	411561	3429	706.591150254	0.75
1577028521.82	300	11.605656	0.0	126289	1317	846.920905225	-0.15000000000000002
1577028525.55	300	11.961278	0.0	153295	1590	851.763357494	0.3
1577028529.69	300	11.96124	0.0	173849	1505	874.769669372	0.3
1577028533.7	750	11.725765	0.0	374758	3871	838.001046499	0.3
1577028537.82	300	11.71122	0.0	139105	1481	788.952577669	-0.15000000000000002
1577028541.88	300	11.711233	0.0	141840	1419	793.493955449	0.3
1577028545.81	300	11.711238	0.0	156148	1304	816.474579629	0.3
1577028549.86	300	11.71124	0.0	160746	1409	814.175905474	0.3
1577028553.73	300	11.711242	0.0	179801	1736	840.304101836	0.3
1577028557.74	300	11.711238	0.0	140051	1367	856.968567235	0.3
1577028561.69	300	11.943224	0.0	138313	1314	866.50519189	0.3
1577028565.87	300	11.711283	0.0	143509	2031	751.134227419	0.3
1577028569.81	300	11.711246	0.0	150616	1307	750.428414149	0.3
1577028573.63	300	11.961229	0.0	165384	1686	741.76278042	0.3
1577028577.78	300	11.711251	0.0	140881	1508	730.725762606	0.3
1577028581.84	300	11.711227	0.0	157671	1416	738.219036666	0.3
1577028585.77	300	11.711222	0.0	157812	1300	847.849482936	0.3
1577028589.88	300	11.71125	0.0	163927	1469	844.286406772	0.3
1577028593.53	300	11.961254	0.0	137654	1505	832.306782758	0.3
1577028597.82	750	11.711228	0.0	359903	3654	829.26581678	0.3
1577028601.87	300	11.711244	0.0	153938	1411	826.835687103	-0.15000000000000002
1577028605.73	300	11.711246	0.0	181901	2234	767.453198643	0.3
1577028609.8	300	11.711246	0.0	111155	924	765.958228119	0.3
1577028613.96	300	11.711223	0.0	153605	1527	777.442176024	0.3
1577028617.64	300	11.961252	0.0	149029	1551	770.743198723	0.3
1577028621.72	300	11.711241	0.0	157421	1435	771.72571434	0.3
1577028625.53	300	11.96123	0.0	157488	1682	813.043864674	0.3
1577028629.43	750	11.997432	0.0	369834	3752	792.342493983	0.3
1577028633.57	300	11.961259	0.0	163444	1506	801.066774647	-0.15000000000000002
1577028637.7	300	11.961234	0.0	179328	1495	827.245285044	0.3
1577028641.63	300	11.961246	0.0	159914	1289	838.651761542	0.3
1577028645.89	300	11.711246	0.0	131610	1627	815.022767252	0.3
1577028649.72	300	11.711247	0.0	124011	1194	832.432959673	0.3
1577028653.76	300	11.711245	0.0	144254	1397	823.863069484	0.3
1577028657.83	300	11.711247	0.0	149991	1438	801.558106859	0.3
1577028661.84	300	11.711236	0.0	147968	1362	785.651608249	0.3
1577028665.73	300	11.711246	0.0	161857	1751	812.850364765	0.3
1577028669.48	300	11.96126	0.0	145210	2118	719.475628195	0.3
1577028673.81	300	11.617323	0.0	172312	4195	487.482552948	0.3
1577028677.93	300	11.711245	0.0	167025	2459	473.734341424	0.3
1577028681.48	300	11.961242	0.0	160064	1419	475.904551775	0.3
1577028685.65	750	11.961222	0.0	331053	3537	500.1249834	0.3
1577028692.46	1200	8.969657	0.0	550906	6584	544.348985371	0.75
1577028696.43	1200	6.677483	0.0	391450	3863	702.605186973	1.2

