1577029182.48	750	4	4.479	181801	3558	408.771219786	-19.259700000000002
1577029184.64	300	5.83965	0.0	155580	1502	481.139026183	-0.15000000000000002
1577029186.36	300	8.112014	0.0	139857	1586	520.646604545	0.3
1577029188.31	300	10.1645	0.0	155432	1637	555.161080115	0.3
1577029192.5	750	9.976588	0.0	411561	3585	630.488704573	0.3
1577029195.18	300	11.499658	0.0	126289	1047	835.119954169	-0.15000000000000002
1577029199.08	300	11.499637	0.0	153295	1263	852.744254121	0.3
1577029203.03	300	11.499638	0.0	173849	1817	864.194115102	0.3
1577029206.89	750	11.749666	0.0	374758	3237	900.555436764	0.3
1577029211.03	300	11.499674	0.0	139105	1480	865.120774992	-0.15000000000000002
1577029215.13	300	11.499648	0.0	141840	1460	840.296092658	0.3
1577029218.81	300	11.749671	0.0	156148	1549	820.099358166	0.3
1577029222.79	300	11.749673	0.0	160746	1355	849.46060944	0.3
1577029227.01	300	11.499653	0.0	179801	1574	831.828047693	0.3
1577029231.01	300	11.499651	0.0	140051	1367	847.715696512	0.3
1577029234.98	300	11.499653	0.0	138313	1334	860.067458388	0.3
1577029239.44	750	11.036742	0.0	360831	4321	771.735457877	0.3
1577029243.22	300	11.499657	0.0	150616	2132	703.98603373	-0.15000000000000002
1577029246.78	300	11.749669	0.0	165384	1434	702.55093548	0.3
1577029250.93	300	11.749666	0.0	140881	1510	695.643658882	0.3
1577029255.1	300	11.499646	0.0	157671	1541	696.672107035	0.3
1577029259.16	300	11.499642	0.0	157812	1428	741.646474269	0.3
1577029263.15	300	11.499673	0.0	163927	1349	858.109850778	0.3
1577029267.02	300	11.499128	0.0	137654	1236	851.513332314	0.3
1577029271.3	750	11.176784	0.0	359903	4151	791.774662462	0.3
1577029274.93	300	11.749668	0.0	153938	1498	792.173877563	-0.15000000000000002
1577029278.73	300	11.74968	0.0	181901	1664	792.83159994	0.3
1577029283.14	750	11.499651	0.0	277716	3271	742.811109495	0.3
1577029287.07	300	11.499654	0.0	153605	1290	747.758063385	-0.15000000000000002
1577029290.79	300	11.749644	0.0	149029	1584	775.619443699	0.3
1577029294.99	300	11.499654	0.0	157421	1569	772.994805483	0.3
1577029299.06	300	11.499645	0.0	157488	1435	771.174916863	0.3
1577029303.22	300	11.499642	0.0	143881	1515	817.635452469	0.3
1577029306.99	300	11.499644	0.0	163444	1648	793.768354613	0.3
1577029311.13	300	11.499655	0.0	179328	1495	831.179327685	0.3
1577029315.08	300	11.499646	0.0	159914	1315	859.880375205	0.3
1577029318.77	300	11.749657	0.0	131610	1055	874.363601221	0.3
1577029322.95	300	11.749654	0.0	124011	1536	836.981846035	0.3
1577029326.97	300	11.749657	0.0	144254	1392	846.598461347	0.3
1577029330.88	750	11.599827	0.0	390680	3768	823.536324066	0.3
1577029334.92	300	11.749654	0.0	147968	1398	809.075057125	-0.15000000000000002
1577029339.03	300	11.499627	0.0	161857	1481	801.607165557	0.3
1577029342.73	300	11.749661	0.0	145210	1578	821.252542523	0.3
1577029346.89	300	11.749651	0.0	172312	2520	734.054230294	0.3
1577029351.72	300	10.758706	0.0	167025	4699	438.61525459	0.3
1577029354.77	300	11.749651	0.0	160064	1420	440.705753878	0.3
1577029359.06	750	11.499651	0.0	331053	3156	467.411914816	0.3
1577029366.1	1200	8.380447	0.0	550906	6828	502.704670423	0.75
1577029370.1	1200	6.059025	0.0	391450	3882	536.494798431	1.2

