1577029633.53	750	3.999564	4.465	181801	3543	410.501834603	-19.1995
1577029635.85	300	5.6699	0.0	155580	1587	481.489795285	-0.15000000000000002
1577029637.64	300	7.888661	0.0	139857	1642	518.363871146	0.3
1577029639.59	300	9.932232	0.0	155432	1645	552.282273637	0.3
1577029643.58	750	9.939843	0.0	411561	3461	629.18029179	0.3
1577029646.38	750	11.148258	0.0	318564	2648	844.910884384	0.75
1577029649.85	750	11.676816	0.0	352642	3338	853.197542909	0.75
1577029653.82	300	11.74952	0.0	173849	1816	867.095058746	-0.15000000000000002
1577029657.76	300	11.999479	0.0	150710	1304	889.975551886	0.3
1577029661.87	300	11.749515	0.0	139105	1480	850.22831006	0.3
1577029665.98	300	11.74952	0.0	141840	1472	810.582646278	0.3
1577029669.67	300	11.999495	0.0	156148	1548	795.600634096	0.3
1577029673.65	300	11.999495	0.0	160746	1353	829.317444902	0.3
1577029677.86	300	11.749519	0.0	179801	1573	830.663957614	0.3
1577029681.87	300	11.749519	0.0	140051	1367	846.470432535	0.3
1577029685.85	300	11.749521	0.0	138313	1338	859.987035429	0.3
1577029689.85	300	11.749521	0.0	143509	1368	868.409383394	0.3
1577029693.63	300	11.999493	0.0	150616	2133	747.123166226	0.3
1577029697.7	300	11.999491	0.0	165384	1433	745.718378322	0.3
1577029701.84	300	11.74952	0.0	140881	1508	734.401113834	0.3
1577029706.06	300	11.499498	0.0	157671	1573	732.809307272	0.3
1577029709.62	300	11.999481	0.0	157812	1427	739.360903499	0.3
1577029714.1	300	11.499502	0.0	163927	1349	854.430179228	0.3
1577029717.96	300	11.749523	0.0	137654	1236	847.71474476	0.3
1577029721.79	300	11.749516	0.0	146754	1690	828.379012123	0.3
1577029725.54	300	11.999479	0.0	153938	1612	818.977730712	0.3
1577029729.85	300	11.749523	0.0	181901	1664	818.939966514	0.3
1577029733.85	300	11.749509	0.0	111155	1359	762.988588619	0.3
1577029737.77	300	11.999498	0.0	153605	1289	771.072321178	0.3
1577029741.99	300	11.749516	0.0	149029	1585	786.365578078	0.3
1577029746.17	300	11.499492	0.0	157421	1549	796.85976724	0.3
1577029750.25	300	11.499503	0.0	157488	1436	795.096954925	0.3
1577029753.9	300	11.749518	0.0	143881	1514	819.894850135	0.3
1577029757.69	300	11.999492	0.0	163444	1662	794.213726534	0.3
1577029761.83	300	11.749516	0.0	179328	1510	830.624741455	0.3
1577029765.96	750	11.749517	0.0	365161	2991	876.894961561	0.3
1577029770.15	300	11.499533	0.0	131610	1055	889.86121166	-0.15000000000000002
1577029773.82	300	11.749515	0.0	124011	1537	858.116603259	0.3
1577029777.85	300	11.749517	0.0	144254	1391	868.668460345	0.3
1577029781.74	750	11.78208	0.0	390680	3755	845.554922464	0.3
1577029785.79	300	11.749508	0.0	147968	1407	809.385476556	-0.15000000000000002
1577029789.91	300	11.749514	0.0	161857	1480	801.965084041	0.3
1577029793.63	300	11.999483	0.0	145210	1578	821.769164879	0.3
1577029797.79	300	11.749518	0.0	172312	2521	734.212064177	0.3
1577029802.64	300	10.881043	0.0	167025	4700	438.501170512	0.3
1577029806.27	300	11.499491	0.0	160064	1461	440.617301229	0.3
1577029809.65	750	11.876934	0.0	331053	3247	466.826172506	0.3
1577029816.57	1200	8.955323	0.0	550906	6703	503.774795496	0.75
1577029820.75	1200	6.456776	0.0	391450	4060	535.921164525	1.2

