1577028956.92	750	3.999571	4.451	181801	3531	411.896913056	-19.1393
1577028959.18	300	5.740853	0.0	155580	1586	483.031315392	-0.15000000000000002
1577028960.93	300	7.98426	0.0	139857	1584	522.04593475	0.3
1577028962.87	300	10.046137	0.0	155432	1644	555.977393898	0.3
1577028966.97	750	9.94392	0.0	411561	3561	631.249233208	0.3
1577028969.75	750	11.163632	0.0	318564	2647	845.389723405	0.75
1577028973.66	300	11.499504	0.0	153295	1265	868.471454507	-0.15000000000000002
1577028977.12	300	11.999492	0.0	173849	1818	877.921019198	0.3
1577028981.56	300	11.499521	0.0	150710	1305	906.067252507	0.3
1577028985.18	300	11.749509	0.0	139105	1480	867.869445661	0.3
1577028989.29	300	11.749502	0.0	141840	1482	816.879584533	0.3
1577028993.47	300	11.499503	0.0	156148	1549	794.085745305	0.3
1577028997.46	300	11.499513	0.0	160746	1354	827.679876652	0.3
1577029001.17	300	11.74883	0.0	179801	1574	829.075810054	0.3
1577029005.18	300	11.749502	0.0	140051	1377	843.538356831	0.3
1577029009.66	300	11.499507	0.0	138313	1344	857.55747288	0.3
1577029014.2	750	10.714115	0.0	360831	4408	761.664113497	0.3
1577029018.35	750	10.567834	0.0	372963	4002	740.981463743	0.75
1577029020.92	300	11.999491	0.0	165384	1434	740.073969775	-0.15000000000000002
1577029025.51	300	11.499481	0.0	140881	1455	736.597400606	0.3
1577029029.18	300	11.749502	0.0	157671	1526	738.013232405	0.3
1577029033.24	300	11.749496	0.0	157812	1427	802.967487268	0.3
1577029037.23	300	11.749502	0.0	163927	1349	868.545383059	0.3
1577029041.1	300	11.9995	0.0	137654	1236	862.014495419	0.3
1577029045.42	300	11.499513	0.0	146754	1678	835.928748347	0.3
1577029049.64	300	11.49951	0.0	153938	1574	825.650473577	0.3
1577029052.99	300	11.999488	0.0	181901	1715	820.321704567	0.3
1577029057.06	750	11.999496	0.0	277716	3437	733.888981435	0.3
1577029060.98	300	11.999495	0.0	153605	1289	739.904111778	-0.15000000000000002
1577029065.64	300	11.499516	0.0	149029	1532	753.474156201	0.3
1577029069.3	300	11.749537	0.0	157421	1521	759.770557333	0.3
1577029073.36	300	11.74952	0.0	157488	1436	760.852466541	0.3
1577029077.5	300	11.499514	0.0	143881	1514	829.976056387	0.3
1577029081.28	300	11.749521	0.0	163444	1647	804.563523895	0.3
1577029085.42	300	11.499519	0.0	179328	1495	836.815831228	0.3
1577029089.04	750	11.999496	0.0	365161	2985	880.347850477	0.3
1577029093.23	300	11.749524	0.0	131610	1055	893.628554139	-0.15000000000000002
1577029097.41	300	11.749533	0.0	124011	1535	861.812469278	0.3
1577029101.44	300	11.499516	0.0	144254	1392	870.64804011	0.3
1577029105.52	300	11.499514	0.0	149991	1437	850.418693817	0.3
1577029109.55	300	11.499517	0.0	147968	1392	804.228703008	0.3
1577029113.17	300	11.749535	0.0	161857	1480	794.861182228	0.3
1577029117.38	300	11.749525	0.0	145210	1578	820.44819895	0.3
1577029121.04	300	11.999498	0.0	172312	2520	712.475653155	0.3
1577029125.73	300	11.191998	0.0	167025	4562	449.517272986	0.3
1577029129.59	300	11.499516	0.0	160064	1742	450.295833921	0.3
1577029132.94	750	11.976648	0.0	331053	3220	476.120359978	0.3
1577029139.82	1200	9.096846	0.0	550906	6660	512.001645171	0.75
1577029144.06	1200	6.535287	0.0	391450	4122	543.668052685	1.2

