1577030084.57	750	3.999774	4.493	181801	3544	410.386004515	-19.319899999999997
1577030086.75	300	5.826064	0.0	155580	1502	482.947178932	-0.15000000000000002
1577030088.48	300	8.098109	0.0	139857	1587	522.309407984	0.3
1577030090.49	300	10.081877	0.0	155432	1694	554.86848615	0.3
1577030094.58	750	9.991987	0.0	411561	3475	631.975015621	0.3
1577030097.27	300	11.499708	0.0	126289	1046	836.542789863	-0.15000000000000002
1577030101.17	300	11.499731	0.0	153295	1263	854.372623367	0.3
1577030105.12	300	11.499734	0.0	173849	1818	865.909254429	0.3
1577030109.0	750	11.749692	0.0	374758	3236	909.185104485	0.3
1577030113.11	300	11.499745	0.0	139105	1480	865.159808272	-0.15000000000000002
1577030117.21	300	11.499703	0.0	141840	1457	840.577535228	0.3
1577030120.89	300	11.749688	0.0	156148	1552	820.085982844	0.3
1577030124.88	300	11.749703	0.0	160746	1353	849.707392471	0.3
1577030129.09	300	11.499731	0.0	179801	1575	831.929279515	0.3
1577030133.09	300	11.499699	0.0	140051	1367	847.824676567	0.3
1577030137.06	300	11.749705	0.0	138313	1334	859.74829941	0.3
1577030141.06	300	11.749698	0.0	143509	1369	868.59765212	0.3
1577030144.83	300	11.749694	0.0	150616	2132	747.393201027	0.3
1577030148.9	300	11.749698	0.0	165384	1432	746.175784685	0.3
1577030153.03	300	11.749704	0.0	140881	1508	734.829512041	0.3
1577030157.21	300	11.499705	0.0	157671	1534	735.83854812	0.3
1577030161.27	300	11.499731	0.0	157812	1428	742.463523203	0.3
1577030165.25	300	11.499734	0.0	163927	1349	859.527197291	0.3
1577030169.11	300	11.499731	0.0	137654	1235	852.843488789	0.3
1577030173.4	750	11.172031	0.0	359903	4150	792.475176309	0.3
1577030177.03	300	11.749698	0.0	153938	1493	792.72244671	-0.15000000000000002
1577030180.84	300	11.749701	0.0	181901	1664	793.368427683	0.3
1577030185.24	750	11.499732	0.0	277716	3262	743.850063966	0.3
1577030189.16	300	11.499699	0.0	153605	1289	748.805986884	-0.15000000000000002
1577030192.87	300	11.749701	0.0	149029	1584	777.00530126	0.3
1577030197.07	300	11.499731	0.0	157421	1567	774.146104497	0.3
1577030201.14	300	11.499732	0.0	157488	1434	772.411317975	0.3
1577030205.28	300	11.499734	0.0	143881	1514	818.167189003	0.3
1577030209.08	300	11.499719	0.0	163444	1647	794.265648549	0.3
1577030213.2	300	11.499724	0.0	179328	1493	831.915756449	0.3
1577030217.16	300	11.499719	0.0	159914	1312	860.725605748	0.3
1577030220.85	300	11.749709	0.0	131610	1054	875.271824156	0.3
1577030225.02	300	11.749701	0.0	124011	1535	837.817065473	0.3
1577030229.04	300	11.749704	0.0	144254	1390	847.615509944	0.3
1577030232.93	750	11.641226	0.0	390680	3755	825.27081467	0.3
1577030236.97	300	11.749701	0.0	147968	1399	810.444394668	-0.15000000000000002
1577030241.08	300	11.499715	0.0	161857	1482	802.757535742	0.3
1577030245.3	300	11.499716	0.0	145210	1578	822.351794987	0.3
1577030248.95	300	11.749707	0.0	172312	2520	734.639759708	0.3
1577030253.79	300	10.786844	0.0	167025	4700	438.535450427	0.3
1577030256.88	300	11.749704	0.0	160064	1459	440.640009386	0.3
1577030261.17	750	11.499734	0.0	331053	3163	467.235077967	0.3
1577030268.22	1200	8.350678	0.0	550906	6840	502.282033859	0.75
1577030272.3	1200	5.952082	0.0	391450	3960	535.230475293	1.2

