1577030310.02	750	3.999695	4.465	181801	3558	408.771219786	-19.1995
1577030312.18	300	5.840346	0.0	155580	1503	481.12365995	-0.15000000000000002
1577030313.85	300	8.168654	0.0	139857	1545	522.107091624	0.3
1577030315.77	300	10.252828	0.0	155432	1634	556.764938599	0.3
1577030320.03	750	9.990173	0.0	411561	3805	627.439413479	0.3
1577030322.81	750	11.20968	0.0	318564	2648	840.738455107	0.75
1577030326.72	300	11.499626	0.0	153295	1264	855.788720871	-0.15000000000000002
1577030330.68	300	11.499652	0.0	173849	1818	860.802877763	0.3
1577030334.62	300	11.499627	0.0	150710	1305	885.592564888	0.3
1577030338.74	300	11.499646	0.0	139105	1481	867.734676858	0.3
1577030342.33	300	11.749641	0.0	141840	1449	820.934496196	0.3
1577030346.52	300	11.749645	0.0	156148	1548	797.711005109	0.3
1577030350.5	300	11.749637	0.0	160746	1354	832.040105576	0.3
1577030354.71	300	11.499626	0.0	179801	1575	833.204654304	0.3
1577030358.71	300	11.499628	0.0	140051	1368	849.213845623	0.3
1577030362.67	300	11.499638	0.0	138313	1328	860.832703366	0.3
1577030367.21	750	10.80569	0.0	360831	4401	763.936715845	0.3
1577030371.49	750	10.525841	0.0	372963	4136	734.74908178	0.75
1577030374.57	300	11.499632	0.0	165384	1433	733.865226186	-0.15000000000000002
1577030378.71	300	11.499627	0.0	140881	1508	727.336292735	0.3
1577030382.34	300	11.74961	0.0	157671	1502	729.155544809	0.3
1577030386.4	300	11.749627	0.0	157812	1428	787.529533172	0.3
1577030390.39	300	11.74963	0.0	163927	1348	863.607554102	0.3
1577030394.76	300	11.499624	0.0	137654	1236	856.935010992	0.3
1577030398.59	300	11.499625	0.0	146754	1689	836.930177929	0.3
1577030402.76	300	11.499629	0.0	153938	1549	827.034058683	0.3
1577030406.65	300	11.499626	0.0	181901	1747	818.41485652	0.3
1577030410.65	300	11.499615	0.0	111155	1358	762.733703351	0.3
1577030414.58	300	11.499629	0.0	153605	1289	770.794560414	0.3
1577030418.3	300	11.749608	0.0	149029	1585	785.903614744	0.3
1577030422.5	300	11.749621	0.0	157421	1573	787.062552549	0.3
1577030426.56	300	11.499624	0.0	157488	1435	792.790382058	0.3
1577030430.71	300	11.499615	0.0	143881	1514	817.252531009	0.3
1577030434.49	300	11.749627	0.0	163444	1648	793.365017025	0.3
1577030438.63	300	11.499624	0.0	179328	1495	830.84248325	0.3
1577030442.58	300	11.499625	0.0	159914	1315	860.026997564	0.3
1577030446.76	300	11.499649	0.0	131610	1055	874.525501176	0.3
1577030450.43	300	11.749628	0.0	124011	1536	836.981846035	0.3
1577030454.46	300	11.749614	0.0	144254	1391	846.728314242	0.3
1577030458.35	750	11.671068	0.0	390680	3755	824.789681441	0.3
1577030462.39	300	11.749607	0.0	147968	1402	809.926995256	-0.15000000000000002
1577030466.5	300	11.749629	0.0	161857	1482	802.328280116	0.3
1577030470.71	300	11.499619	0.0	145210	1578	822.025028783	0.3
1577030474.37	300	11.749633	0.0	172312	2520	734.488240452	0.3
1577030479.21	300	10.813764	0.0	167025	4700	438.531207933	0.3
1577030482.28	300	11.749626	0.0	160064	1420	440.626349222	0.3
1577030486.55	750	11.499618	0.0	331053	3150	467.355618199	0.3
1577030493.58	1200	8.436023	0.0	550906	6819	502.803432912	0.75
1577030497.6	1200	6.101132	0.0	391450	3894	536.517783288	1.2

