1577028731.51	750	3.999534	4.478	181801	3556	409.001124859	-19.255399999999998
1577028733.67	300	5.840203	0.0	155580	1502	481.396649194	-0.15000000000000002
1577028735.47	300	8.042064	0.0	139857	1642	518.709189602	0.3
1577028737.46	300	10.045002	0.0	155432	1632	553.303928313	0.3
1577028741.52	750	9.98948	0.0	411561	3464	630.69832834	0.3
1577028743.69	300	11.99945	0.0	126289	1047	837.138359589	-0.15000000000000002
1577028747.59	300	11.99947	0.0	153295	1264	854.972564846	0.3
1577028751.54	300	11.999444	0.0	173849	1818	874.353905834	0.3
1577028755.98	300	11.749465	0.0	150710	1304	906.097404206	0.3
1577028759.59	300	11.999457	0.0	139105	1481	848.807605526	0.3
1577028763.71	300	11.999454	0.0	141840	1486	816.405720299	0.3
1577028767.89	300	11.749474	0.0	156148	1550	793.496504285	0.3
1577028771.88	300	11.749464	0.0	160746	1354	826.974022317	0.3
1577028775.59	300	11.999441	0.0	179801	1574	828.304028861	0.3
1577028779.58	300	11.999442	0.0	140051	1366	844.206191657	0.3
1577028783.57	300	11.999442	0.0	138313	1346	858.608021136	0.3
1577028787.56	300	11.999437	0.0	143509	1368	867.238540444	0.3
1577028791.84	300	11.749484	0.0	150616	2131	746.833219059	0.3
1577028795.91	300	11.749448	0.0	165384	1434	745.426851895	0.3
1577028799.56	300	11.999458	0.0	140881	1508	734.057525415	0.3
1577028803.79	300	11.749454	0.0	157671	1600	730.975444101	0.3
1577028807.85	300	11.749463	0.0	157812	1428	737.425812581	0.3
1577028811.83	300	11.749458	0.0	163927	1349	850.616313549	0.3
1577028815.7	300	11.999455	0.0	137654	1236	843.982182551	0.3
1577028819.52	300	11.999457	0.0	146754	1690	824.974727725	0.3
1577028823.81	300	11.749467	0.0	153938	1660	812.653778111	0.3
1577028827.61	300	11.999465	0.0	181901	1663	812.994065058	0.3
1577028831.61	300	11.999465	0.0	111155	1359	758.149411236	0.3
1577028835.53	300	11.999453	0.0	153605	1288	766.175559736	0.3
1577028839.72	300	11.99946	0.0	149029	1547	785.285396274	0.3
1577028843.93	300	11.74947	0.0	157421	1579	798.326682694	0.3
1577028848.0	300	11.749459	0.0	157488	1435	796.600552397	0.3
1577028851.64	300	11.999457	0.0	143881	1514	821.494934163	0.3
1577028855.92	300	11.749466	0.0	163444	1649	796.902187675	0.3
1577028859.55	300	11.999462	0.0	179328	1493	830.181058913	0.3
1577028863.52	300	11.999469	0.0	159914	1335	858.268423336	0.3
1577028867.71	300	11.999469	0.0	131610	1054	872.66240183	0.3
1577028871.88	300	11.749471	0.0	124011	1537	835.183990873	0.3
1577028875.92	300	11.749468	0.0	144254	1392	844.803262108	0.3
1577028879.81	750	11.697027	0.0	390680	3754	823.420951553	0.3
1577028883.85	300	11.749468	0.0	147968	1402	809.847800445	-0.15000000000000002
1577028887.96	300	11.749462	0.0	161857	1482	802.203137319	0.3
1577028891.67	300	11.999457	0.0	145210	1578	822.024395594	0.3
1577028895.84	300	11.749463	0.0	172312	2523	734.194509786	0.3
1577028900.68	300	10.826232	0.0	167025	4700	438.463182086	0.3
1577028903.74	300	11.999476	0.0	160064	1435	440.56724481	0.3
1577028907.51	750	11.999434	0.0	331053	3147	467.270924298	0.3
1577028914.41	1200	9.101645	0.0	550906	6677	504.794255329	0.75
1577028918.62	1200	6.564807	0.0	391450	4097	536.899640897	1.2

