1577029408.15	750	3.999695	4.648	181801	3712	391.8125	-19.986399999999996
1577029410.32	300	5.824763	0.0	155580	1503	461.957831813	-0.15000000000000002
1577029412.05	300	8.097011	0.0	139857	1587	502.365937466	0.3
1577029413.97	300	10.170802	0.0	155432	1620	538.129772442	0.3
1577029418.05	750	10.092378	0.0	411561	3487	615.658902559	0.3
1577029420.83	750	11.311792	0.0	318564	2648	859.285159883	0.75
1577029424.73	300	11.499616	0.0	153295	1264	875.894722733	-0.15000000000000002
1577029428.67	300	11.499606	0.0	173849	1817	885.905062109	0.3
1577029432.61	300	11.749627	0.0	150710	1305	912.212934112	0.3
1577029436.72	300	11.499587	0.0	139105	1481	867.863906287	0.3
1577029440.81	300	11.499595	0.0	141840	1449	821.063066161	0.3
1577029444.47	300	11.749617	0.0	156148	1527	799.961492607	0.3
1577029448.46	300	11.749625	0.0	160746	1353	834.710562076	0.3
1577029452.67	300	11.499622	0.0	179801	1572	836.069413362	0.3
1577029456.68	300	11.499622	0.0	140051	1367	852.4196236	0.3
1577029460.65	300	11.499624	0.0	138313	1331	863.835864922	0.3
1577029465.18	750	10.96512	0.0	360831	4395	764.619559178	0.3
1577029468.45	300	11.749596	0.0	150616	2132	698.799855369	-0.15000000000000002
1577029472.52	300	11.749616	0.0	165384	1433	697.292309189	0.3
1577029476.66	300	11.499607	0.0	140881	1507	690.761865374	0.3
1577029480.81	300	11.499615	0.0	157671	1504	693.301881091	0.3
1577029484.88	300	11.499629	0.0	157812	1433	744.379299229	0.3
1577029488.86	300	11.4996	0.0	163927	1349	862.847246642	0.3
1577029492.73	300	11.499579	0.0	137654	1235	856.284250077	0.3
1577029496.55	300	11.749612	0.0	146754	1689	836.197745491	0.3
1577029500.73	300	11.499619	0.0	153938	1553	826.061224082	0.3
1577029504.61	300	11.749553	0.0	181901	1742	818.492563217	0.3
1577029508.6	300	11.749581	0.0	111155	1359	762.717570554	0.3
1577029512.51	300	11.749601	0.0	153605	1289	770.705597924	0.3
1577029516.74	300	11.499614	0.0	149029	1584	785.923529953	0.3
1577029520.88	300	11.499606	0.0	157421	1509	793.787509914	0.3
1577029524.47	300	11.749603	0.0	157488	1456	797.516890119	0.3
1577029528.62	300	11.749596	0.0	143881	1515	822.357181594	0.3
1577029532.4	300	11.749593	0.0	163444	1649	797.714142335	0.3
1577029536.53	300	11.749592	0.0	179328	1495	835.754978032	0.3
1577029540.48	300	11.7496	0.0	159914	1318	857.122947466	0.3
1577029544.67	300	11.499608	0.0	131610	1055	873.915782208	0.3
1577029548.84	300	11.499607	0.0	124011	1536	836.592986776	0.3
1577029552.86	300	11.499607	0.0	144254	1391	846.450766849	0.3
1577029556.43	300	11.749564	0.0	149991	1436	822.643494343	0.3
1577029560.47	300	11.749624	0.0	147968	1397	803.745320395	0.3
1577029564.58	300	11.749617	0.0	161857	1481	794.332219354	0.3
1577029568.79	300	11.499591	0.0	145210	1579	819.904738146	0.3
1577029572.44	300	11.749628	0.0	172312	2521	711.979932953	0.3
1577029577.27	300	10.871054	0.0	167025	4699	438.586697236	0.3
1577029580.82	300	11.499589	0.0	160064	1420	440.675272755	0.3
1577029584.22	750	11.922679	0.0	331053	3266	466.869974068	0.3
1577029591.15	1200	8.989982	0.0	550906	6729	503.492621379	0.75
1577029595.3	1200	6.527609	0.0	391450	4022	536.007844	1.2

