1577029859.05	750	3.999535	4.507	181801	3543	410.501834603	-19.3801
1577029861.17	300	5.881578	0.0	155580	1502	483.076761469	-0.15000000000000002
1577029863.06	300	7.98572	0.0	139857	1755	515.295603662	0.3
1577029865.08	300	9.968898	0.0	155432	1671	548.57389438	0.3
1577029869.06	750	9.989316	0.0	411561	3462	625.350560653	0.3
1577029871.84	750	11.209935	0.0	318564	2647	836.105218803	0.75
1577029875.24	300	11.999491	0.0	153295	1264	850.937321525	-0.15000000000000002
1577029879.19	300	11.999493	0.0	173849	1817	882.169232204	0.3
1577029883.13	300	11.999496	0.0	150710	1304	914.391414348	0.3
1577029887.23	300	11.999496	0.0	139105	1464	870.294197836	0.3
1577029891.35	300	11.749477	0.0	141840	1480	819.499273052	0.3
1577029895.54	300	11.749487	0.0	156148	1548	796.441698376	0.3
1577029899.52	300	11.749474	0.0	160746	1353	830.460879449	0.3
1577029903.23	300	11.999482	0.0	179801	1574	831.679016335	0.3
1577029907.24	300	11.999488	0.0	140051	1377	844.029996819	0.3
1577029911.22	300	11.999489	0.0	138313	1344	857.78768513	0.3
1577029915.23	300	11.999486	0.0	143509	1368	866.088918756	0.3
1577029919.5	300	11.749473	0.0	150616	2133	745.803190004	0.3
1577029923.05	300	11.999493	0.0	165384	1434	744.383968719	0.3
1577029927.15	300	11.99945	0.0	140881	1471	737.212134195	0.3
1577029931.37	300	11.749467	0.0	157671	1593	734.396967061	0.3
1577029935.43	300	11.749478	0.0	157812	1428	740.916316784	0.3
1577029939.42	300	11.749472	0.0	163927	1347	857.187956256	0.3
1577029943.29	300	11.999489	0.0	137654	1235	850.699592741	0.3
1577029947.12	300	11.999496	0.0	146754	1691	825.935589571	0.3
1577029951.41	300	11.749478	0.0	153938	1649	814.187298159	0.3
1577029955.21	300	11.999483	0.0	181901	1663	814.481817822	0.3
1577029959.2	300	11.999481	0.0	111155	1359	759.241363193	0.3
1577029963.12	300	11.999473	0.0	153605	1288	767.222497831	0.3
1577029967.32	300	11.749483	0.0	149029	1558	785.359941843	0.3
1577029971.53	300	11.749468	0.0	157421	1573	797.696125998	0.3
1577029975.09	300	11.999482	0.0	157488	1434	796.043764298	0.3
1577029979.24	300	11.999482	0.0	143881	1514	820.90134517	0.3
1577029983.53	300	11.749476	0.0	163444	1649	796.38200272	0.3
1577029987.15	300	11.99949	0.0	179328	1495	830.820478173	0.3
1577029991.11	300	11.999485	0.0	159914	1334	858.288052944	0.3
1577029995.3	300	11.749446	0.0	131610	1056	872.376208201	0.3
1577029999.47	300	11.749475	0.0	124011	1536	835.125278126	0.3
1577030003.5	300	11.749506	0.0	144254	1393	844.609332279	0.3
1577030007.39	750	11.655894	0.0	390680	3754	823.419225204	0.3
1577030011.43	300	11.749474	0.0	147968	1401	809.867812791	-0.15000000000000002
1577030015.55	300	11.749475	0.0	161857	1480	802.464797284	0.3
1577030019.26	300	11.999487	0.0	145210	1578	822.171908093	0.3
1577030023.41	300	11.749481	0.0	172312	2521	734.568869597	0.3
1577030028.28	300	10.772546	0.0	167025	4699	438.58850424	0.3
1577030031.33	300	11.749479	0.0	160064	1420	440.683006603	0.3
1577030035.62	750	11.499479	0.0	331053	3156	467.387127601	0.3
1577030042.66	1200	8.394347	0.0	550906	6828	502.682042911	0.75
1577030046.66	1200	6.073479	0.0	391450	3881	536.503655953	1.2

