1576478318.93	750	4	1.18	2354772	1074	17540.2011173	-5.074
1576478320.0	4300	8	0.0	2123065	930	17901.5629243	0.75
1576478321.19	4300	12	0.0	2177073	1059	17416.4602687	4.3
1576478322.7	4300	16.0	0.0	2160877	1376	16203.1547945	4.3
1576478324.01	4300	20	0.0	2233056	1183	15593.3471187	4.3
1576478325.03	4300	24	0.0	1941625	874	15470.6937392	4.3
1576478326.09	4300	28	0.0	2157535	932	15989.0334333	4.3
1576478327.07	4300	32	0.0	2290172	848	18249.5728968	4.3
1576478327.89	4300	36	0.0	2055469	686	20466.9512845	4.3
1576478328.87	4300	40	0.0	2169201	858	21080.2860687	4.3
1576478329.92	4300	44	0.0	2173522	907	21243.1544104	4.3
1576478330.88	4300	48	0.0	2102452	828	20920.1918272	4.3
1576478331.85	4300	52	0.0	2209463	843	20169.4759368	4.3
1576478332.88	4300	56	0.0	2275376	892	20214.8032597	4.3
