1576477902.26	750	4	1.175	2354772	1063	17721.7083725	-5.0525
1576477903.33	4300	8	0.0	2123065	940	17895.1733352	0.75
1576477904.52	4300	12	0.0	2177073	1059	17412.2005426	4.3
1576477906.04	4300	16.0	0.0	2160877	1386	16177.2990361	4.3
1576477907.35	4300	20	0.0	2233056	1184	15518.925997	4.3
1576477908.31	4300	24	0.0	1941625	825	15708.7361195	4.3
1576477909.32	4300	28	0.0	2157535	887	16461.963812	4.3
1576477910.3	4300	32	0.0	2290172	836	18822.6955656	4.3
1576477911.13	4300	36	0.0	2055469	702	20906.6785486	4.3
1576477912.07	4300	40	0.0	2169201	814	21529.4410383	4.3
1576477913.11	4300	44	0.0	2173522	909	21446.8762292	4.3
1576477914.11	4300	48	0.0	2102452	852	20903.3291798	4.3
1576477915.06	4300	52	0.0	2209463	822	20423.1145272	4.3
1576477916.03	4300	56	0.0	2275376	838	20523.8739872	4.3
