1576478402.25	750	4	1.179	2354772	1076	17507.598513	-5.0697
1576478403.32	4300	8	0.0	2123065	933	17855.9000068	0.75
1576478404.51	4300	12	0.0	2177073	1056	17401.5924288	4.3
1576478406.02	4300	16.0	0.0	2160877	1374	16196.5756898	4.3
1576478407.33	4300	20	0.0	2233056	1184	15591.7301156	4.3
1576478408.32	4300	24	0.0	1941625	853	15593.1416397	4.3
1576478409.39	4300	28	0.0	2157535	919	16165.2944923	4.3
1576478410.39	4300	32	0.0	2290172	871	18278.6318382	4.3
1576478411.21	4300	36	0.0	2055469	690	20464.4589436	4.3
1576478412.21	4300	40	0.0	2169201	868	20910.1560306	4.3
1576478413.26	4300	44	0.0	2173522	905	21018.1223956	4.3
1576478414.22	4300	48	0.0	2102452	834	20801.2550005	4.3
1576478415.2	4300	52	0.0	2209463	843	20085.2789419	4.3
1576478416.23	4300	56	0.0	2275376	891	20194.5857245	4.3
