1576478235.56	750	4	1.171	2354772	1063	17721.7083725	-5.0353
1576478236.63	4300	8	0.0	2123065	940	17895.1733352	0.75
1576478237.84	4300	12	0.0	2177073	1061	17401.8667349	4.3
1576478239.35	4300	16.0	0.0	2160877	1375	16194.4938694	4.3
1576478240.67	4300	20	0.0	2233056	1179	15552.1176668	4.3
1576478241.67	4300	24	0.0	1941625	873	15483.1253318	4.3
1576478242.72	4300	28	0.0	2157535	914	16100.3950992	4.3
1576478243.69	4300	32	0.0	2290172	834	18449.3204656	4.3
1576478244.5	4300	36	0.0	2055469	685	20662.6389181	4.3
1576478245.48	4300	40	0.0	2169201	849	21324.485813	4.3
1576478246.53	4300	44	0.0	2173522	913	21364.6775798	4.3
1576478247.51	4300	48	0.0	2102452	839	20884.4629244	4.3
1576478248.49	4300	52	0.0	2209463	847	20100.2435223	4.3
1576478249.52	4300	56	0.0	2275376	893	20086.2562637	4.3
