1576478068.93	750	4	1.171	2354772	1073	17556.5479963	-5.0353
1576478070.01	4300	8	0.0	2123065	939	17822.2143602	0.75
1576478071.19	4300	12	0.0	2177073	1059	17363.561226	4.3
1576478072.71	4300	16.0	0.0	2160877	1387	16138.5714242	4.3
1576478074.03	4300	20	0.0	2233056	1189	15505.6261829	4.3
1576478075.02	4300	24	0.0	1941625	848	15562.9602471	4.3
1576478076.06	4300	28	0.0	2157535	905	16219.4296569	4.3
1576478077.02	4300	32	0.0	2290172	835	18588.9710684	4.3
1576478077.84	4300	36	0.0	2055469	695	20747.7980157	4.3
1576478079.05	4300	40	0.0	2169201	1073	20211.7388776	4.3
1576478080.08	4300	44	0.0	2173522	906	20241.7675385	4.3
1576478081.02	4300	48	0.0	2102452	807	19966.8634167	4.3
1576478082.0	4300	52	0.0	2209463	855	19220.1792146	4.3
1576478083.02	4300	56	0.0	2275376	884	20324.8436096	4.3
