1576477985.58	750	4	1.169	2354772	1063	17721.7083725	-5.0267
1576477986.66	4300	8	0.0	2123065	942	17875.9921905	0.75
1576477987.85	4300	12	0.0	2177073	1059	17399.4131128	4.3
1576477989.36	4300	16.0	0.0	2160877	1387	16165.4603393	4.3
1576477990.69	4300	20	0.0	2233056	1187	15497.5538865	4.3
1576477991.67	4300	24	0.0	1941625	851	15553.1458714	4.3
1576477992.71	4300	28	0.0	2157535	908	16193.8618677	4.3
1576477993.69	4300	32	0.0	2290172	841	18524.2681407	4.3
1576477994.52	4300	36	0.0	2055469	681	20798.3671773	4.3
1576477995.51	4300	40	0.0	2169201	850	21339.2085432	4.3
1576477996.55	4300	44	0.0	2173522	913	21348.2037254	4.3
1576477997.53	4300	48	0.0	2102452	839	20913.7014769	4.3
1576477998.52	4300	52	0.0	2209463	854	20051.4682169	4.3
1576477999.54	4300	56	0.0	2275376	894	20037.7924858	4.3
