1576478568.96	750	4	1.193	2354772	1082	17410.5138632	-5.1299
1576478570.03	4300	8	0.0	2123065	935	17787.8879477	0.75
1576478571.22	4300	12	0.0	2177073	1053	17371.9139024	4.3
1576478572.74	4300	16.0	0.0	2160877	1383	16153.8479359	4.3
1576478574.06	4300	20	0.0	2233056	1184	15573.2735241	4.3
1576478575.03	4300	24	0.0	1941625	844	15632.9651251	4.3
1576478576.08	4300	28	0.0	2157535	919	16193.3708429	4.3
1576478577.04	4300	32	0.0	2290172	832	18573.6794877	4.3
1576478577.86	4300	36	0.0	2055469	694	20725.1672204	4.3
1576478578.85	4300	40	0.0	2169201	852	21216.1812382	4.3
1576478579.9	4300	44	0.0	2173522	914	21276.8497129	4.3
1576478580.87	4300	48	0.0	2102452	838	20789.4137619	4.3
1576478581.84	4300	52	0.0	2209463	841	20120.2429621	4.3
1576478582.89	4300	56	0.0	2275376	899	20090.2374082	4.3
