1576477818.98	750	4	1.168	2354772	1063	17721.7083725	-5.0224
1576477820.05	4300	8	0.0	2123065	942	17875.9921905	0.75
1576477821.24	4300	12	0.0	2177073	1061	17389.0793051	4.3
1576477822.76	4300	16.0	0.0	2160877	1384	16164.4641031	4.3
1576477824.08	4300	20	0.0	2233056	1187	15496.5576503	4.3
1576477825.08	4300	24	0.0	1941625	854	15536.1197957	4.3
1576477826.13	4300	28	0.0	2157535	924	16102.2955896	4.3
1576477827.1	4300	32	0.0	2290172	838	18445.4452612	4.3
1576477827.93	4300	36	0.0	2055469	685	20684.293964	4.3
1576477828.9	4300	40	0.0	2169201	848	21253.2029108	4.3
1576477830.25	4300	44	0.0	2173522	1211	20172.8454427	4.3
1576477831.15	4300	48	0.0	2102452	774	20139.7336532	4.3
1576477832.15	4300	52	0.0	2209463	871	19211.7581104	4.3
1576477833.19	4300	56	0.0	2275376	909	19102.0458488	4.3
