1576478485.58	750	4	1.179	2354772	1072	17572.9253731	-5.0697
1576478486.65	4300	8	0.0	2123065	931	17908.1168219	0.75
1576478487.85	4300	12	0.0	2177073	1061	17410.4957261	4.3
1576478489.36	4300	16.0	0.0	2160877	1375	16200.9656127	4.3
1576478490.67	4300	20	0.0	2233056	1184	15579.7883235	4.3
1576478491.66	4300	24	0.0	1941625	855	15560.7741213	4.3
1576478492.7	4300	28	0.0	2157535	907	16214.4800321	4.3
1576478493.68	4300	32	0.0	2290172	851	18453.694087	4.3
1576478494.5	4300	36	0.0	2055469	681	20718.2597099	4.3
1576478495.47	4300	40	0.0	2169201	835	21372.1378624	4.3
1576478496.52	4300	44	0.0	2173522	915	21365.4863276	4.3
1576478497.5	4300	48	0.0	2102452	848	20941.791662	4.3
1576478498.48	4300	52	0.0	2209463	851	20097.7994821	4.3
1576478499.48	4300	56	0.0	2275376	858	20206.0152241	4.3
