1576478152.26	750	4	1.184	2354772	1078	17475.1168831	-5.0912
1576478153.32	4300	8	0.0	2123065	931	17859.2125769	0.75
1576478154.52	4300	12	0.0	2177073	1061	17377.8928961	4.3
1576478156.03	4300	16.0	0.0	2160877	1375	16176.5134902	4.3
1576478157.34	4300	20	0.0	2233056	1182	15586.1708177	4.3
1576478158.33	4300	24	0.0	1941625	853	15577.8056492	4.3
1576478159.37	4300	28	0.0	2157535	910	16215.8274304	4.3
1576478160.35	4300	32	0.0	2290172	852	18448.7242226	4.3
1576478161.17	4300	36	0.0	2055469	692	20610.9495241	4.3
1576478162.14	4300	40	0.0	2169201	836	21247.9637014	4.3
1576478163.19	4300	44	0.0	2173522	913	21267.4034544	4.3
1576478164.17	4300	48	0.0	2102452	847	20855.8803766	4.3
1576478165.15	4300	52	0.0	2209463	851	20107.8460239	4.3
1576478166.15	4300	56	0.0	2275376	861	20203.7961959	4.3
