1575882297.68	750	4	3.778	2354772	3645	5168.22386831	-16.2454
1575882301.94	4300	8	0.0	2123065	4118	4646.34117165	0.75
1575882310.63	4300	12	0.0	2177073	8552	3776.41110851	4.3
1575882312.02	1850	16.0	0.0	933276	1162	4438.63535376	-0.6000000000000001
1575882313.61	1850	20	0.0	996749	1444	4527.11816784	1.85
1575882315.36	2850	24	0.0	1224260	1523	5103.69888724	1.85
1575882317.51	2850	28	0.0	1388403	2016	5971.94507026	2.85
1575882319.58	2850	32	0.0	1638769	1936	6058.5612297	2.85
1575882322.21	4300	36	0.0	2055469	2495	6325.69298962	2.8499999999999996
1575882325.31	4300	40	0.0	2169201	2961	6183.17900912	4.3
1575882329.03	4300	44	0.0	2173522	3573	6022.43208027	4.3
1575882335.12	4300	48	0.0	2102452	5965	5034.41832008	4.3
1575882338.87	4300	52	0.0	2209463	3608	4611.50553953	4.3
1575882342.85	4300	56	0.0	2275376	3845	4329.87476705	4.3
