1575882399.42	750	4	2.38	2354772	2271	8295.10171731	-10.234
1575882402.82	4300	8	0.0	2123065	3245	6764.58013446	0.75
1575882409.45	4300	12	0.0	2177073	6471	5406.88096122	4.3
1575882415.06	4300	16.0	0.0	2160877	5468	4845.53270336	4.3
1575882418.27	4300	20	0.0	2233056	3058	4232.22555395	4.3
1575882420.99	4300	24	0.0	1941625	2580	4428.84657497	4.3
1575882423.62	4300	28	0.0	2157535	2479	5496.62537671	4.3
1575882426.64	4300	32	0.0	2290172	2885	6293.89429547	4.3
1575882429.64	4300	36	0.0	2055469	2864	6268.80939544	4.3
1575882434.1	4300	40	0.0	2169201	4325	5766.77246485	4.3
1575882440.08	4300	44	0.0	2173522	5842	4770.22502928	4.3
1575882443.25	4300	48	0.0	2102452	3031	4569.88336924	4.3
1575882447.65	4300	52	0.0	2209463	4269	4169.61968952	4.3
1575882454.23	4300	56	0.0	2275376	6442	3872.94008569	4.3
