1575881777.69	750	4	0.553	450283	459	7848.06971678	-2.3779
1575881780.09	4300	8	0.0	2123065	2159	7857.45773935	0.75
1575881783.97	4300	12	0.0	2177073	3745	6788.51290323	4.3
1575881792.74	4300	16.0	0.0	2160877	8620	5592.74825051	4.3
1575881795.05	2850	20	0.0	1472558	2068	5054.86815207	1.4000000000000001
1575881796.89	2850	24	0.0	1224260	1712	4518.36699196	2.85
1575881798.76	2850	28	0.0	1388403	1738	4953.41314049	2.85
1575881801.23	2850	32	0.0	1638769	2338	5853.90499939	2.85
1575881802.97	2850	36	0.0	1348011	1595	6120.0635934	2.85
1575881805.77	4300	40	0.0	2169201	2666	6317.16088992	2.8499999999999996
1575881808.86	4300	44	0.0	2173522	2949	6193.53285702	4.3
1575881812.56	4300	48	0.0	2102452	3570	5969.52168273	4.3
1575881818.96	4300	52	0.0	2209463	6257	4985.46293233	4.3
1575881822.64	4300	56	0.0	2275376	3528	4648.05104704	4.3
