1575881686.04	750	4	2.973	450283	2136	1686.45318352	-12.7839
1575881689.3	750	8	0.0	398865	3118	1354.91998496	0.75
1575881689.96	300	12	0.0	139857	387	1866.98024837	-0.15000000000000002
1575881690.23	300	16.0	0.0	155432	144	3559.01296406	0.3
1575881691.54	1200	20	0.0	652874	972	4480.76180809	0.29999999999999993
1575881692.83	1850	24	0.0	801058	1057	5740.63507365	1.2000000000000002
1575881694.85	2850	28	0.0	1388403	1797	6563.10528887	1.85
1575881698.09	4300	32	0.0	2290172	3009	5926.54220036	2.8499999999999996
1575881700.64	4300	36	0.0	2055469	2396	6298.9304778	4.3
1575881703.49	4300	40	0.0	2169201	2704	6387.64912511	4.3
1575881706.89	4300	44	0.0	2173522	3228	6189.07162192	4.3
1575881711.39	4300	48	0.0	2102452	4348	5633.94616908	4.3
1575881717.19	4300	52	0.0	2209463	5639	4701.83221209	4.3
1575881720.63	4300	56	0.0	2275376	3316	4469.75548441	4.3
