1575882502.71	750	4	2.404	2354772	2290	8226.27772926	-10.3372
1575882506.09	4300	8	0.0	2123065	3245	6730.16814044	0.75
1575882512.7	4300	12	0.0	2177073	6470	5384.07829661	4.3
1575882518.36	4300	16.0	0.0	2160877	5521	4820.84336292	4.3
1575882521.56	4300	20	0.0	2233056	3051	4228.09300632	4.3
1575882524.28	4300	24	0.0	1941625	2593	4417.1680329	4.3
1575882526.94	4300	28	0.0	2157535	2516	5459.24504997	4.3
1575882529.95	4300	32	0.0	2290172	2876	6269.06958893	4.3
1575882533.09	4300	36	0.0	2055469	2978	6185.68637621	4.3
1575882537.52	4300	40	0.0	2169201	4296	5697.96682346	4.3
1575882543.47	4300	44	0.0	2173522	5816	4730.34362732	4.3
1575882546.7	4300	48	0.0	2102452	3076	4504.73834907	4.3
1575882551.21	4300	52	0.0	2209463	4380	4133.18970069	4.3
1575882558.49	4300	56	0.0	2275376	7136	3761.03707775	4.3
