1575882606.04	750	4	2.396	2354772	2286	8240.67191601	-10.3028
1575882609.42	4300	8	0.0	2123065	3241	6740.59513727	0.75
1575882616.03	4300	12	0.0	2177073	6471	5390.89096309	4.3
1575882621.71	4300	16.0	0.0	2160877	5528	4824.96163766	4.3
1575882624.1	2850	20	0.0	1472558	2128	4148.77674137	1.4000000000000001
1575882625.59	2850	24	0.0	1224260	1353	4648.34412143	2.85
1575882627.74	2850	28	0.0	1388403	2002	5362.48945176	2.85
1575882629.81	2850	32	0.0	1638769	1934	6275.38993508	2.85
1575882632.55	4300	36	0.0	2055469	2576	6487.26787721	2.8499999999999996
1575882635.61	4300	40	0.0	2169201	2922	6162.30807384	4.3
1575882639.83	4300	44	0.0	2173522	4076	5841.78963644	4.3
1575882645.83	4300	48	0.0	2102452	5840	4867.113546	4.3
1575882649.37	4300	52	0.0	2209463	3406	4568.64711893	4.3
1575882653.8	4300	56	0.0	2275376	4287	4145.43362883	4.3
