1575881882.82	750	4	2.393	2354772	2287	8237.06864889	-10.2899
1575881886.19	4300	8	0.0	2123065	3245	6735.56360025	0.75
1575881892.77	4300	12	0.0	2177073	6441	5391.71527705	4.3
1575881898.48	4300	16.0	0.0	2160877	5584	4817.73953802	4.3
1575881901.66	4300	20	0.0	2233056	3039	4228.07158606	4.3
1575881904.39	4300	24	0.0	1941625	2585	4421.78131953	4.3
1575881907.01	4300	28	0.0	2157535	2487	5480.82692323	4.3
1575881910.03	4300	32	0.0	2290172	2885	6294.51474421	4.3
1575881913.04	4300	36	0.0	2055469	2876	6254.30983158	4.3
1575881917.49	4300	40	0.0	2169201	4307	5759.37638196	4.3
1575881923.46	4300	44	0.0	2173522	5846	4767.91900463	4.3
1575881926.67	4300	48	0.0	2102452	3061	4553.98081495	4.3
1575881931.08	4300	52	0.0	2209463	4283	4156.32268355	4.3
1575881938.05	4300	56	0.0	2275376	6840	3814.34638168	4.3
