1575881986.18	750	4	2.395	2354772	2285	8244.27833698	-10.2985
1575881989.56	4300	8	0.0	2123065	3245	6739.1684443	0.75
1575881996.19	4300	12	0.0	2177073	6469	5390.2172068	4.3
1575882001.85	4300	16.0	0.0	2160877	5522	4825.30578811	4.3
1575882004.21	2850	20	0.0	1472558	2133	4144.97506932	1.4000000000000001
1575882005.71	2850	24	0.0	1224260	1365	4630.2479772	2.85
1575882007.88	2850	28	0.0	1388403	2032	5323.70768008	2.85
1575882009.95	2850	32	0.0	1638769	1936	6234.00797888	2.85
1575882012.66	4300	36	0.0	2055469	2577	6448.51086741	2.8499999999999996
1575882015.75	4300	40	0.0	2169201	2942	6129.36710136	4.3
1575882019.91	4300	44	0.0	2173522	4029	5841.76741	4.3
1575882025.95	4300	48	0.0	2102452	5916	4859.59231473	4.3
1575882029.5	4300	52	0.0	2209463	3405	4562.12618483	4.3
1575882033.92	4300	56	0.0	2275376	4288	4148.7585245	4.3
