1575882091.05	750	4	3.793	2354772	3662	5144.23156745	-16.3099
1575882095.34	4300	8	0.0	2123065	4146	4620.41776153	0.75
1575882104.11	4300	12	0.0	2177073	8624	3753.46125352	4.3
1575882105.46	1850	16.0	0.0	933276	1123	4477.2081396	-0.6000000000000001
1575882107.03	1850	20	0.0	996749	1437	4578.41399165	1.85
1575882108.71	2850	24	0.0	1224260	1454	5238.25199862	1.85
1575882110.86	2850	28	0.0	1388403	2022	6106.66167516	2.85
1575882112.94	2850	32	0.0	1638769	1946	6128.79305226	2.85
1575882115.56	4300	36	0.0	2055469	2483	6397.1628162	2.8499999999999996
1575882118.66	4300	40	0.0	2169201	2965	6176.37854208	4.3
1575882122.37	4300	44	0.0	2173522	3573	6019.71880589	4.3
1575882128.45	4300	48	0.0	2102452	5955	5041.58841153	4.3
1575882132.21	4300	52	0.0	2209463	3610	4610.03412805	4.3
1575882136.19	4300	56	0.0	2275376	3843	4330.99594286	4.3
