1575882192.89	750	4	2.398	2354772	2288	8233.46853147	-10.311399999999999
1575882196.27	4300	8	0.0	2123065	3245	6733.76354154	0.75
1575882202.89	4300	12	0.0	2177073	6470	5386.47523068	4.3
1575882208.54	4300	16.0	0.0	2160877	5521	4822.64106348	4.3
1575882211.74	4300	20	0.0	2233056	3052	4227.61338015	4.3
1575882214.46	4300	24	0.0	1941625	2593	4416.68840673	4.3
1575882217.09	4300	28	0.0	2157535	2498	5471.12368243	4.3
1575882220.11	4300	32	0.0	2290172	2886	6275.42982506	4.3
1575882223.15	4300	36	0.0	2055469	2903	6228.19027217	4.3
1575882227.56	4300	40	0.0	2169201	4276	5745.19415306	4.3
1575882233.54	4300	44	0.0	2173522	5836	4762.65125733	4.3
1575882236.74	4300	48	0.0	2102452	3062	4548.81455654	4.3
1575882241.17	4300	52	0.0	2209463	4291	4162.52729097	4.3
1575882248.21	4300	56	0.0	2275376	6895	3807.9412873	4.3
