1575951686.86	750	4	2.004	2354772	1886	9988.42841994	-8.617199999999999
1575951688.52	4300	8	0.0	2123065	1525	10471.3923433	0.75
1575951690.17	4300	12	0.0	2177073	1523	10751.2360269	4.3
1575951691.66	4300	16.0	0.0	2160877	1357	11125.7295963	4.3
1575951693.12	4300	20	0.0	2233056	1317	11483.1196429	4.3
1575951694.37	4300	24	0.0	1941625	1118	12342.3781681	4.3
1575951695.73	4300	28	0.0	2157535	1228	12965.9530398	4.3
1575951697.11	4300	32	0.0	2290172	1244	13739.3691503	4.3
1575951698.33	4300	36	0.0	2055469	1083	14237.4509913	4.3
1575951699.56	4300	40	0.0	2169201	1093	14691.5220917	4.3
1575951700.8	4300	44	0.0	2173522	1101	15060.9192623	4.3
1575951702.02	4300	48	0.0	2102452	1084	15389.416129	4.3
1575951703.22	4300	52	0.0	2209463	1066	15774.5874258	4.3
1575951705.03	4300	56	0.0	2275376	1675	14101.4094424	4.3
