1575951369.58	750	4	1.175	2354772	1076	17507.598513	-5.0525
1575951370.67	4300	8	0.0	2123065	942	17747.7607571	0.75
1575951371.87	4300	12	0.0	2177073	1060	17271.0108282	4.3
1575951373.39	4300	16.0	0.0	2160877	1377	15473.9690612	4.3
1575951374.7	4300	20	0.0	2233056	1181	15399.8521359	4.3
1575951375.66	4300	24	0.0	1941625	827	15455.4929137	4.3
1575951376.66	4300	28	0.0	2157535	869	15626.8774733	4.3
1575951377.63	4300	32	0.0	2290172	819	16251.6585007	4.3
1575951378.44	4300	36	0.0	2055469	687	18960.1030663	4.3
1575951379.39	4300	40	0.0	2169201	809	21020.9815992	4.3
1575951380.45	4300	44	0.0	2173522	910	21059.3495094	4.3
1575951381.44	4300	48	0.0	2102452	854	21024.4047471	4.3
1575951382.4	4300	52	0.0	2209463	821	20870.8859448	4.3
1575951383.38	4300	56	0.0	2275376	837	20606.8618603	4.3
