1575951432.9	750	4	1.18	2354772	1074	17540.2011173	-5.074
1575951433.98	4300	8	0.0	2123065	931	17859.8184055	0.75
1575951435.19	4300	12	0.0	2177073	1060	17338.2868064	4.3
1575951436.7	4300	16.0	0.0	2160877	1378	15501.3106135	4.3
1575951438.02	4300	20	0.0	2233056	1183	15415.3769139	4.3
1575951438.98	4300	24	0.0	1941625	825	15471.2667971	4.3
1575951440.0	4300	28	0.0	2157535	881	15599.5995289	4.3
1575951440.97	4300	32	0.0	2290172	834	16197.040371	4.3
1575951441.8	4300	36	0.0	2055469	693	18848.0238956	4.3
1575951442.76	4300	40	0.0	2169201	826	20786.4039129	4.3
1575951443.81	4300	44	0.0	2173522	912	20804.087958	4.3
1575951444.8	4300	48	0.0	2102452	861	20796.9473938	4.3
1575951445.75	4300	52	0.0	2209463	823	20704.3924264	4.3
1575951446.74	4300	56	0.0	2275376	850	20417.1582718	4.3
