1575951243.98	750	4	2.13	2354772	2003	9404.98052921	-9.159
1575951245.7	4300	8	0.0	2123065	1583	9946.96852483	0.75
1575951247.4	4300	12	0.0	2177073	1564	10280.2984767	4.3
1575951248.97	4300	16.0	0.0	2160877	1431	10624.5441667	4.3
1575951250.46	4300	20	0.0	2233056	1369	10975.7374251	4.3
1575951251.76	4300	24	0.0	1941625	1163	11881.0934224	4.3
1575951253.15	4300	28	0.0	2157535	1257	12506.62119	4.3
1575951254.6	4300	32	0.0	2290172	1312	13170.9726733	4.3
1575951255.84	4300	36	0.0	2055469	1088	13769.5524457	4.3
1575951257.15	4300	40	0.0	2169201	1167	14152.3738218	4.3
1575951258.44	4300	44	0.0	2173522	1162	14472.4153076	4.3
1575951259.64	4300	48	0.0	2102452	1067	14870.6849936	4.3
1575951261.23	4300	52	0.0	2209463	1452	14300.7095169	4.3
1575951262.79	4300	56	0.0	2275376	1422	13805.0387132	4.3
