1575951307.08	750	4	1.979	2354772	1859	10133.499731	-8.509699999999999
1575951308.71	4300	8	0.0	2123065	1495	10646.171851	0.75
1575951310.36	4300	12	0.0	2177073	1516	10894.8368321	4.3
1575951311.86	4300	16.0	0.0	2160877	1355	11252.527359	4.3
1575951313.3	4300	20	0.0	2233056	1308	11607.4766761	4.3
1575951314.51	4300	24	0.0	1941625	1087	12483.4832993	4.3
1575951315.87	4300	28	0.0	2157535	1201	13102.4611524	4.3
1575951317.25	4300	32	0.0	2290172	1243	13889.6399179	4.3
1575951318.45	4300	36	0.0	2055469	1067	14441.1246964	4.3
1575951319.67	4300	40	0.0	2169201	1087	14909.930217	4.3
1575951320.91	4300	44	0.0	2173522	1109	15180.1259346	4.3
1575951322.12	4300	48	0.0	2102452	1068	15474.7559774	4.3
1575951323.32	4300	52	0.0	2209463	1071	15852.6697335	4.3
1575951325.12	4300	56	0.0	2275376	1654	14198.1114192	4.3
