1575951749.33	750	4	1.189	2354772	1088	17314.5	-5.1127
1575951750.41	4300	8	0.0	2123065	939	17664.3773555	0.75
1575951751.62	4300	12	0.0	2177073	1060	17220.4177571	4.3
1575951753.13	4300	16.0	0.0	2160877	1377	15449.0879043	4.3
1575951754.44	4300	20	0.0	2233056	1181	15380.4750691	4.3
1575951755.41	4300	24	0.0	1941625	828	15459.7655178	4.3
1575951756.44	4300	28	0.0	2157535	898	15574.2482516	4.3
1575951757.37	4300	32	0.0	2290172	800	16214.3625172	4.3
1575951758.21	4300	36	0.0	2055469	713	18826.1627555	4.3
1575951759.16	4300	40	0.0	2169201	815	20791.7821828	4.3
1575951760.19	4300	44	0.0	2173522	901	20892.9675575	4.3
1575951761.19	4300	48	0.0	2102452	854	21027.8133452	4.3
1575951762.14	4300	52	0.0	2209463	815	20821.2720235	4.3
1575951763.11	4300	56	0.0	2275376	838	20652.3085107	4.3
