1575951622.77	750	4	1.176	2354772	1075	17523.8846512	-5.0568
1575951623.85	4300	8	0.0	2123065	938	17790.9293698	0.75
1575951625.06	4300	12	0.0	2177073	1060	17297.0092626	4.3
1575951626.57	4300	16.0	0.0	2160877	1377	15486.5603621	4.3
1575951627.88	4300	20	0.0	2233056	1180	15412.4779246	4.3
1575951628.84	4300	24	0.0	1941625	828	15464.7979356	4.3
1575951629.84	4300	28	0.0	2157535	870	15626.3654454	4.3
1575951630.79	4300	32	0.0	2290172	818	16252.3984672	4.3
1575951631.62	4300	36	0.0	2055469	689	18956.1965448	4.3
1575951632.56	4300	40	0.0	2169201	802	21040.2141238	4.3
1575951633.61	4300	44	0.0	2173522	915	21053.5331677	4.3
1575951634.61	4300	48	0.0	2102452	873	20911.9745127	4.3
1575951635.55	4300	52	0.0	2209463	811	20803.0885242	4.3
1575951636.51	4300	56	0.0	2275376	839	20541.9763765	4.3
