1575951179.71	750	4	1.188	2354772	1074	17540.2011173	-5.1084
1575951180.79	4300	8	0.0	2123065	942	17765.835926	0.75
1575951181.97	4300	12	0.0	2177073	1056	17306.7032803	4.3
1575951183.49	4300	16.0	0.0	2160877	1388	15435.3009508	4.3
1575951184.81	4300	20	0.0	2233056	1183	15363.9910343	4.3
1575951185.77	4300	24	0.0	1941625	827	15413.2974989	4.3
1575951186.78	4300	28	0.0	2157535	876	15571.0939953	4.3
1575951187.73	4300	32	0.0	2290172	807	16190.8338565	4.3
1575951188.55	4300	36	0.0	2055469	683	18964.7614665	4.3
1575951189.49	4300	40	0.0	2169201	803	21080.2342171	4.3
1575951190.55	4300	44	0.0	2173522	915	21086.3441947	4.3
1575951191.55	4300	48	0.0	2102452	874	20972.4214183	4.3
1575951192.5	4300	52	0.0	2209463	810	20819.5880946	4.3
1575951193.47	4300	56	0.0	2275376	839	20536.4093394	4.3
