1575951559.48	750	4	1.192	2354772	1089	17298.600551	-5.1255999999999995
1575951560.56	4300	8	0.0	2123065	942	17630.4339489	0.75
1575951561.75	4300	12	0.0	2177073	1059	17205.8496427	4.3
1575951563.28	4300	16.0	0.0	2160877	1392	15366.2648685	4.3
1575951564.6	4300	20	0.0	2233056	1183	15310.0972391	4.3
1575951565.55	4300	24	0.0	1941625	826	15390.8191472	4.3
1575951566.6	4300	28	0.0	2157535	913	15482.4958847	4.3
1575951567.55	4300	32	0.0	2290172	812	16087.4635653	4.3
1575951568.4	4300	36	0.0	2055469	715	18722.0138295	4.3
1575951569.37	4300	40	0.0	2169201	832	20573.8695892	4.3
1575951570.41	4300	44	0.0	2173522	908	20624.0892035	4.3
1575951571.4	4300	48	0.0	2102452	841	20913.0345078	4.3
1575951572.38	4300	52	0.0	2209463	841	20637.6231307	4.3
1575951573.37	4300	56	0.0	2275376	857	20403.6394532	4.3
