1575951496.99	750	4	2.006	2354772	1887	9983.13513514	-8.6258
1575951498.65	4300	8	0.0	2123065	1514	10497.6676122	0.75
1575951500.3	4300	12	0.0	2177073	1515	10786.3644385	4.3
1575951501.79	4300	16.0	0.0	2160877	1358	11154.9726658	4.3
1575951503.26	4300	20	0.0	2233056	1329	11496.8983328	4.3
1575951504.49	4300	24	0.0	1941625	1097	12392.5820737	4.3
1575951505.85	4300	28	0.0	2157535	1218	13014.3071701	4.3
1575951507.23	4300	32	0.0	2290172	1249	13765.1082918	4.3
1575951508.45	4300	36	0.0	2055469	1078	14280.9203158	4.3
1575951509.68	4300	40	0.0	2169201	1085	14795.4394223	4.3
1575951510.92	4300	44	0.0	2173522	1108	15091.7483142	4.3
1575951512.15	4300	48	0.0	2102452	1087	15382.4178813	4.3
1575951513.36	4300	52	0.0	2209463	1073	15765.022458	4.3
1575951515.17	4300	56	0.0	2275376	1679	14070.6643088	4.3
