1575625721.12	750	4	2.408	2354772	2303	7138.51498046	-10.3544
1575625722.62	1850	8	0.0	957685	1284	6068.5809869	0.75
1575625724.24	1850	12	0.0	877771	1506	4488.51364618	1.85
1575625726.34	1850	16.0	0.0	933276	2007	3556.05633803	1.85
1575625729.86	1850	20	0.0	996749	3419	1905.12406122	1.85
1575625734.36	1850	24	0.0	801058	4400	4242.23208624	1.85
1575625735.78	1850	28	0.0	905515	1322	6562.35182551	1.85
1575625737.14	1850	32	0.0	1060487	1261	6218.06753163	1.85
1575625740.07	4300	36	0.0	2055469	2830	6711.00362757	1.8499999999999996
1575625743.12	4300	40	0.0	2169201	2931	6629.00188324	4.3
1575625745.78	4300	44	0.0	2173522	2561	6475.92847318	4.3
1575625748.45	4300	48	0.0	2102452	2574	6208.76861068	4.3
1575625751.85	4300	52	0.0	2209463	3295	5073.63822141	4.3
1575625756.72	4300	56	0.0	2275376	4747	3389.62006456	4.3
