1575625617.72	750	4	2.374	2354772	2271	7297.22589168	-10.2082
1575625619.24	1850	8	0.0	957685	1308	6055.32271584	0.75
1575625620.67	1850	12	0.0	877771	1341	4778.04878049	1.85
1575625622.79	1850	16.0	0.0	933276	2011	3393.44971866	1.85
1575625626.28	1850	20	0.0	996749	3375	1828.0613235	1.85
1575625630.92	1850	24	0.0	801058	4476	4234.67348733	1.85
1575625632.38	1850	28	0.0	905515	1354	6507.92386717	1.85
1575625633.77	1850	32	0.0	1060487	1292	6226.41509434	1.85
1575625636.74	4300	36	0.0	2055469	2850	6779.05147224	1.8499999999999996
1575625639.74	4300	40	0.0	2169201	2892	6581.15671642	4.3
1575625642.42	4300	44	0.0	2173522	2587	6483.82687927	4.3
1575625645.1	4300	48	0.0	2102452	2578	6216.90302484	4.3
1575625648.51	4300	52	0.0	2209463	3303	5020.40816327	4.3
1575625653.32	4300	56	0.0	2275376	4710	3382.70068451	4.3
