1575625204.36	750	4	2.409	2354772	2306	7181.26626193	-10.358699999999999
1575625205.88	1850	8	0.0	957685	1303	6051.53782211	0.75
1575625207.36	1850	12	0.0	877771	1378	4656.10587528	1.85
1575625209.4	1850	16.0	0.0	933276	1943	3497.83549784	1.85
1575625212.87	1850	20	0.0	996749	3374	1793.47826087	1.85
1575625217.55	1850	24	0.0	801058	4532	4237.8292099	1.85
1575625218.9	1850	28	0.0	905515	1250	6338.06203414	1.85
1575625222.16	4300	32	0.0	2290172	3154	6415.49147548	1.8499999999999996
1575625224.77	4300	36	0.0	2055469	2492	6254.56019457	4.3
1575625227.66	4300	40	0.0	2169201	2784	6970.16605685	4.3
1575625230.4	4300	44	0.0	2173522	2642	6758.64307742	4.3
1575625233.35	4300	48	0.0	2102452	2850	5434.56399943	4.3
1575625236.99	4300	52	0.0	2209463	3520	3645.01679731	4.3
1575625243.58	4300	56	0.0	2275376	6493	3877.74071846	4.3
