1575625824.31	750	4	2.373	2354772	2271	7397.62219287	-10.203899999999999
1575625825.83	1850	8	0.0	957685	1309	6120.67039106	0.75
1575625827.26	1850	12	0.0	877771	1342	4827.30597318	1.85
1575625829.39	1850	16.0	0.0	933276	2014	3501.73010381	1.85
1575625832.87	1850	20	0.0	996749	3372	1798.60302678	1.85
1575625837.51	1850	24	0.0	801058	4486	4211.45093029	1.85
1575625838.97	1850	28	0.0	905515	1351	6441.70314365	1.85
1575625840.36	1850	32	0.0	1060487	1293	6203.25982742	1.85
1575625843.32	4300	36	0.0	2055469	2852	6667.66511907	1.8499999999999996
1575625846.32	4300	40	0.0	2169201	2892	6613.32919062	4.3
1575625849.01	4300	44	0.0	2173522	2586	6478.95024604	4.3
1575625851.7	4300	48	0.0	2102452	2581	6204.52310718	4.3
1575625855.1	4300	52	0.0	2209463	3303	5086.5344027	4.3
1575625859.91	4300	56	0.0	2275376	4700	3361.97235712	4.3
