1575625514.66	750	4	2.488	2354772	2368	6836.14864865	-10.6984
1575625516.19	1850	8	0.0	957685	1303	5713.9743939	0.75
1575625517.92	1850	12	0.0	877771	1612	4722.31686542	1.85
1575625520.09	1850	16.0	0.0	933276	2073	4091.35399674	1.85
1575625523.87	1850	20	0.0	996749	3676	2061.27628716	1.85
1575625528.1	1850	24	0.0	801058	4139	4658.28321487	1.85
1575625529.45	1850	28	0.0	905515	1234	6733.15533218	1.85
1575625532.68	4300	32	0.0	2290172	3104	6735.5546183	1.8499999999999996
1575625535.54	4300	36	0.0	2055469	2756	6052.71983366	4.3
1575625538.19	4300	40	0.0	2169201	2550	6843.21265327	4.3
1575625541.02	4300	44	0.0	2173522	2725	6980.35411108	4.3
1575625543.97	4300	48	0.0	2102452	2837	5647.00830232	4.3
1575625548.13	4300	52	0.0	2209463	4056	3582.14955776	4.3
1575625554.41	4300	56	0.0	2275376	6174	4789.00883219	4.3
