1575625411.31	750	4	2.486	2354772	2372	6844.85666105	-10.6898
1575625412.86	1850	8	0.0	957685	1330	5666.12641815	0.75
1575625414.59	1850	12	0.0	877771	1612	4708.31765149	1.85
1575625416.77	1850	16.0	0.0	933276	2069	4102.39739943	1.85
1575625420.54	1850	20	0.0	996749	3676	2056.24378334	1.85
1575625424.78	1850	24	0.0	801058	4138	4692.39766082	1.85
1575625426.13	1850	28	0.0	905515	1235	6735.27101335	1.85
1575625429.35	4300	32	0.0	2290172	3103	6733.70367766	1.8499999999999996
1575625432.21	4300	36	0.0	2055469	2758	6064.38631791	4.3
1575625434.87	4300	40	0.0	2169201	2551	6829.16213275	4.3
1575625437.7	4300	44	0.0	2173522	2726	6992.645276	4.3
1575625440.65	4300	48	0.0	2102452	2836	5620.4379562	4.3
1575625444.82	4300	52	0.0	2209463	4069	3538.15261044	4.3
1575625451.11	4300	56	0.0	2275376	6183	4832.01742445	4.3
