1575625927.68	750	4	2.39	2354772	2287	7330.12680367	-10.277
1575625929.2	1850	8	0.0	957685	1307	6036.7278798	0.75
1575625930.66	1850	12	0.0	877771	1361	4751.56407669	1.85
1575625932.73	1850	16.0	0.0	933276	1960	3477.65726681	1.85
1575625936.21	1850	20	0.0	996749	3374	1784.42997376	1.85
1575625940.86	1850	24	0.0	801058	4492	4206.81927325	1.85
1575625942.28	1850	28	0.0	905515	1329	6385.42665388	1.85
1575625943.69	1850	32	0.0	1060487	1299	6176.32889032	1.85
1575625946.66	4300	36	0.0	2055469	2855	6706.12030864	1.8499999999999996
1575625949.66	4300	40	0.0	2169201	2901	6602.98229264	4.3
1575625952.36	4300	44	0.0	2173522	2599	6479.10406993	4.3
1575625955.04	4300	48	0.0	2102452	2577	6210.44885946	4.3
1575625958.49	4300	52	0.0	2209463	3309	5093.74341689	4.3
1575625963.36	4300	56	0.0	2275376	4745	3414.5434257	4.3
