1575626031.02	750	4	2.396	2354772	2294	7176.98343505	-10.3028
1575626032.52	1850	8	0.0	957685	1285	6048.6169321	0.75
1575626034.11	1850	12	0.0	877771	1489	4517.75848461	1.85
1575626036.21	1850	16.0	0.0	933276	1999	3511.53247488	1.85
1575626039.76	1850	20	0.0	996749	3440	1901.58941658	1.85
1575626044.28	1850	24	0.0	801058	4426	4244.0066461	1.85
1575626045.7	1850	28	0.0	905515	1313	6560.3536749	1.85
1575626047.06	1850	32	0.0	1060487	1260	6218.04148577	1.85
1575626049.99	4300	36	0.0	2055469	2826	6707.8778741	1.8499999999999996
1575626053.03	4300	40	0.0	2169201	2930	6613.87691102	4.3
1575626055.71	4300	44	0.0	2173522	2571	6473.39449541	4.3
1575626058.36	4300	48	0.0	2102452	2546	6216.10483805	4.3
1575626061.76	4300	52	0.0	2209463	3296	5073.04679229	4.3
1575626066.63	4300	56	0.0	2275376	4745	3393.83391348	4.3
