1575625307.73	750	4	2.395	2354772	2288	7332.16783217	-10.2985
1575625309.25	1850	8	0.0	957685	1304	6040.08908686	0.75
1575625310.71	1850	12	0.0	877771	1361	4760.75105996	1.85
1575625312.78	1850	16.0	0.0	933276	1959	3479.16666667	1.85
1575625316.25	1850	20	0.0	996749	3373	1785.12396694	1.85
1575625320.9	1850	24	0.0	801058	4486	4181.68709445	1.85
1575625322.35	1850	28	0.0	905515	1349	6374.5210728	1.85
1575625323.75	1850	32	0.0	1060487	1294	6196.93443544	1.85
1575625326.71	4300	36	0.0	2055469	2853	6689.6293523	1.8499999999999996
1575625329.71	4300	40	0.0	2169201	2891	6604.52109065	4.3
1575625332.41	4300	44	0.0	2173522	2588	6483.82687927	4.3
1575625335.09	4300	48	0.0	2102452	2578	6219.27236971	4.3
1575625338.54	4300	52	0.0	2209463	3310	5097.0464135	4.3
1575625343.41	4300	56	0.0	2275376	4746	3418.3578477	4.3
