1575626134.51	750	4	2.476	2354772	2371	6827.49894559	-10.646799999999999
1575626136.06	1850	8	0.0	957685	1330	5706.56579303	0.75
1575626137.79	1850	12	0.0	877771	1612	4709.20383964	1.85
1575626139.96	1850	16.0	0.0	933276	2069	4096.45082633	1.85
1575626143.75	1850	20	0.0	996749	3677	2061.66922868	1.85
1575626147.99	1850	24	0.0	801058	4152	4728.97196262	1.85
1575626149.33	1850	28	0.0	905515	1226	6732.09798995	1.85
1575626152.54	4300	32	0.0	2290172	3103	6743.51585014	1.8499999999999996
1575626155.41	4300	36	0.0	2055469	2757	6062.35333557	4.3
1575626158.06	4300	40	0.0	2169201	2554	6838.74709977	4.3
1575626160.89	4300	44	0.0	2173522	2726	6977.19553615	4.3
1575626163.84	4300	48	0.0	2102452	2854	5629.5555238	4.3
1575626168.01	4300	52	0.0	2209463	4055	3592.93456443	4.3
1575626174.28	4300	56	0.0	2275376	6174	4793.33442248	4.3
