1577031088.11	750	3.999757	4.492	181801	3554	155.172219543	-19.3156
1577031090.24	300	5.868169	0.0	155580	1503	460.129691861	-0.15000000000000002
1577031091.91	300	8.19714	0.0	139857	1545	779.918359292	0.3
1577031093.88	300	10.230229	0.0	155432	1672	730.487712488	0.3
1577031098.07	750	10.042349	0.0	411561	3657	469.17722366	0.3
1577031100.74	300	11.499678	0.0	126289	1046	948.247600925	-0.15000000000000002
1577031104.63	300	11.499649	0.0	153295	1262	971.127888922	0.3
1577031108.58	300	11.749689	0.0	173849	1817	765.463733787	0.3
1577031112.45	750	11.749667	0.0	374758	3236	896.533356549	0.3
1577031116.56	300	11.749679	0.0	139105	1481	751.435162143	-0.15000000000000002
1577031120.66	300	11.499676	0.0	141840	1458	777.295287856	0.3
1577031124.84	300	11.499675	0.0	156148	1551	804.577761235	0.3
1577031128.83	300	11.499687	0.0	160746	1354	942.914680774	0.3
1577031132.53	300	11.749673	0.0	179801	1574	913.872457806	0.3
1577031136.53	300	11.749665	0.0	140051	1365	820.8372781	0.3
1577031140.5	300	11.749675	0.0	138313	1333	829.661432983	0.3
1577031144.51	300	11.74965	0.0	143509	1368	838.810751319	0.3
1577031148.77	300	11.499654	0.0	150616	2131	565.437288055	0.3
1577031152.84	300	11.499674	0.0	165384	1433	909.117802573	0.3
1577031156.48	300	11.749675	0.0	140881	1508	747.496156483	0.3
1577031160.64	300	11.499636	0.0	157671	1533	820.46218488	0.3
1577031164.71	300	11.499671	0.0	157812	1428	881.633118123	0.3
1577031168.69	300	11.49971	0.0	163927	1349	967.902639111	0.3
1577031172.55	300	11.74969	0.0	137654	1235	891.734082357	0.3
1577031176.38	300	11.749677	0.0	146754	1690	694.747599577	0.3
1577031180.59	300	11.749688	0.0	153938	1589	772.799343912	0.3
1577031184.42	300	11.749678	0.0	181901	1698	853.272899573	0.3
1577031188.41	300	11.749679	0.0	111155	1358	654.873828914	0.3
1577031192.84	300	11.499696	0.0	153605	1288	944.71550375	0.3
1577031196.55	300	11.749649	0.0	149029	1584	752.764236219	0.3
1577031200.71	300	11.499682	0.0	157421	1535	818.33521534	0.3
1577031204.78	300	11.499687	0.0	157488	1435	875.700267941	0.3
1577031208.42	300	11.749666	0.0	143881	1514	760.34543103	0.3
1577031212.7	300	11.499671	0.0	163444	1647	793.093482793	0.3
1577031216.82	300	11.49968	0.0	179328	1495	953.900601905	0.3
1577031220.43	750	11.749681	0.0	365161	2972	977.940021304	0.3
1577031224.62	300	11.499689	0.0	131610	1056	996.204804787	-0.15000000000000002
1577031228.8	300	11.499674	0.0	124011	1537	645.5047604	0.3
1577031232.81	300	11.499671	0.0	144254	1390	822.236871608	0.3
1577031236.38	300	11.749671	0.0	149991	1436	835.114647818	0.3
1577031240.41	300	11.749679	0.0	147968	1399	845.682364351	0.3
1577031244.52	300	11.749662	0.0	161857	1481	873.307445079	0.3
1577031248.73	300	11.499657	0.0	145210	1577	736.649770404	0.3
1577031252.38	300	11.749652	0.0	172312	2518	547.771175942	0.3
1577031257.22	300	10.88512	0.0	167025	4700	373.137003473	0.3
1577031260.86	300	11.499677	0.0	160064	1511	811.448925073	0.3
1577031264.26	750	11.848514	0.0	331053	3274	827.011087825	0.3
1577031271.38	1200	8.725825	0.0	550906	6904	550.089234551	0.75
1577031275.51	1200	6.282146	0.0	391450	3925	684.342237714	1.2

