1577031313.54	750	3.999669	4.538	181801	3615	154.492126917	-19.513399999999997
1577031315.79	300	5.74223	0.0	155580	1545	452.73663775	-0.15000000000000002
1577031317.47	300	8.071647	0.0	139857	1544	759.211002727	0.3
1577031319.43	300	10.107622	0.0	155432	1655	730.274832732	0.3
1577031323.52	750	10.018114	0.0	411561	3487	468.962286038	0.3
1577031326.2	300	11.499587	0.0	126289	1046	957.830994143	-0.15000000000000002
1577031330.09	300	11.499585	0.0	153295	1263	970.561238045	0.3
1577031334.04	300	11.499582	0.0	173849	1818	765.042503918	0.3
1577031337.91	750	11.749587	0.0	374758	3236	896.455023208	0.3
1577031342.03	300	11.74959	0.0	139105	1480	751.942946859	-0.15000000000000002
1577031346.11	300	11.499586	0.0	141840	1463	774.763724327	0.3
1577031349.8	300	11.749582	0.0	156148	1548	805.085247117	0.3
1577031354.27	300	11.499591	0.0	160746	1354	945.986565997	0.3
1577031357.98	300	11.749585	0.0	179801	1574	913.867179871	0.3
1577031361.98	300	11.749627	0.0	140051	1367	819.636403811	0.3
1577031365.96	300	11.749579	0.0	138313	1336	827.837771763	0.3
1577031369.95	300	11.749595	0.0	143509	1369	838.14175143	0.3
1577031374.21	300	11.499597	0.0	150616	2132	565.17202369	0.3
1577031378.28	300	11.499596	0.0	165384	1433	909.109604791	0.3
1577031381.91	300	11.749587	0.0	140881	1508	747.496156544	0.3
1577031386.09	300	11.499596	0.0	157671	1548	812.811140135	0.3
1577031390.15	300	11.499594	0.0	157812	1428	881.313944531	0.3
1577031394.13	300	11.499597	0.0	163927	1349	967.902682837	0.3
1577031398.0	300	11.749587	0.0	137654	1236	891.012794787	0.3
1577031401.82	300	11.749612	0.0	146754	1689	695.158854719	0.3
1577031406.07	300	11.499578	0.0	153938	1601	767.218308226	0.3
1577031409.88	300	11.74961	0.0	181901	1679	862.731789853	0.3
1577031413.89	300	11.749608	0.0	111155	1358	654.876607143	0.3
1577031417.8	300	11.749611	0.0	153605	1288	937.732380585	0.3
1577031422.04	300	11.499576	0.0	149029	1600	745.158986292	0.3
1577031426.21	300	11.499586	0.0	157421	1539	816.03599286	0.3
1577031430.28	300	11.499576	0.0	157488	1435	875.615308416	0.3
1577031433.93	300	11.749612	0.0	143881	1514	760.345431029	0.3
1577031438.2	300	11.49958	0.0	163444	1648	792.625321654	0.3
1577031441.83	300	11.749615	0.0	179328	1494	949.243042061	0.3
1577031446.28	300	11.499576	0.0	159914	1325	965.317489086	0.3
1577031449.97	300	11.749623	0.0	131610	1055	994.970359311	0.3
1577031454.14	300	11.499598	0.0	124011	1537	645.504852695	0.3
1577031458.17	300	11.499592	0.0	144254	1391	821.684103823	0.3
1577031462.25	300	11.499598	0.0	149991	1438	834.208835569	0.3
1577031466.27	300	11.499588	0.0	147968	1383	854.970340096	0.3
1577031469.89	300	11.749623	0.0	161857	1497	864.365693547	0.3
1577031474.12	300	11.499596	0.0	145210	1576	737.116486076	0.3
1577031478.26	300	11.499579	0.0	172312	2521	546.822296577	0.3
1577031482.94	300	10.601178	0.0	167025	4518	384.143263181	0.3
1577031485.99	300	11.749607	0.0	160064	1419	817.606330129	0.3
1577031489.79	750	11.749605	0.0	331053	3189	831.351995463	0.3
1577031496.81	1200	8.727999	0.0	550906	6758	499.180776251	0.75
1577031500.91	1200	6.308069	0.0	391450	3979	691.484221716	1.2

