1577032440.81	750	3.997941	4.494	181801	3559	152.87486407	-19.3242
1577032443.04	300	5.768608	0.0	155580	1545	458.20513807	-0.15000000000000002
1577032444.7	300	8.111415	0.0	139857	1517	765.926980421	0.3
1577032446.62	300	10.189539	0.0	155432	1642	742.18856254	0.3
1577032450.78	750	10.02425	0.0	411561	3685	498.935189838	0.3
1577032453.46	300	11.499577	0.0	126289	1047	946.213746603	-0.15000000000000002
1577032457.36	300	11.499582	0.0	153295	1262	971.056317901	0.3
1577032461.31	300	11.499577	0.0	173849	1818	765.042617483	0.3
1577032465.17	750	11.749562	0.0	374758	3237	896.238760966	0.3
1577032469.3	300	11.749563	0.0	139105	1482	750.928023606	-0.15000000000000002
1577032473.4	300	11.49957	0.0	141840	1462	775.234882242	0.3
1577032477.08	300	11.749563	0.0	156148	1550	804.143229946	0.3
1577032481.06	300	11.749565	0.0	160746	1353	943.58651625	0.3
1577032485.27	300	11.74955	0.0	179801	1574	913.858010614	0.3
1577032489.27	300	11.749563	0.0	140051	1366	820.236402019	0.3
1577032493.24	300	11.749536	0.0	138313	1337	827.274483029	0.3
1577032497.23	300	11.749555	0.0	143509	1368	838.697609006	0.3
1577032501.51	300	11.499631	0.0	150616	2132	565.17204341	0.3
1577032505.07	300	11.749551	0.0	165384	1434	896.361652576	0.3
1577032509.21	300	11.749547	0.0	140881	1507	747.895704296	0.3
1577032513.39	300	11.499563	0.0	157671	1547	813.31425724	0.3
1577032517.45	300	11.499576	0.0	157812	1428	881.33491431	0.3
1577032521.43	300	11.49958	0.0	163927	1348	968.579844979	0.3
1577032525.28	300	11.749549	0.0	137654	1235	891.734514806	0.3
1577032529.1	300	11.749549	0.0	146754	1691	694.336631803	0.3
1577032533.35	300	11.499575	0.0	153938	1604	765.809687688	0.3
1577032537.16	300	11.749563	0.0	181901	1675	863.978422817	0.3
1577032541.15	300	11.749538	0.0	111155	1359	654.395133577	0.3
1577032545.06	300	11.74956	0.0	153605	1290	936.382035739	0.3
1577032549.29	300	11.74957	0.0	149029	1584	752.686450795	0.3
1577032553.47	300	11.499547	0.0	157421	1545	813.220900137	0.3
1577032557.53	300	11.499569	0.0	157488	1435	875.493213472	0.3
1577032561.18	300	11.74955	0.0	143881	1514	760.345431018	0.3
1577032565.46	300	11.499564	0.0	163444	1649	792.157667076	0.3
1577032569.08	300	11.749556	0.0	179328	1495	948.631463944	0.3
1577032573.53	300	11.499563	0.0	159914	1328	963.187770505	0.3
1577032577.22	300	11.749566	0.0	131610	1055	994.769026789	0.3
1577032581.39	300	11.499562	0.0	124011	1536	645.914903716	0.3
1577032585.41	300	11.499566	0.0	144254	1392	821.142184541	0.3
1577032589.49	300	11.499572	0.0	149991	1438	834.210801081	0.3
1577032593.5	300	11.499561	0.0	147968	1388	852.032970187	0.3
1577032597.11	300	11.749555	0.0	161857	1482	872.305854101	0.3
1577032601.32	300	11.499588	0.0	145210	1579	735.716624876	0.3
1577032605.48	300	11.499555	0.0	172312	2520	547.039200426	0.3
1577032610.21	300	10.597697	0.0	167025	4574	380.719928563	0.3
1577032613.26	300	11.749562	0.0	160064	1419	817.117546174	0.3
1577032617.07	750	11.749536	0.0	331053	3188	831.610562668	0.3
1577032624.03	1200	8.778118	0.0	550906	6741	564.850843111	0.75
1577032628.15	1200	6.331906	0.0	391450	4004	691.413011727	1.2

