1577032891.76	750	3.999837	4.523	181801	3616	153.86094991	-19.4489
1577032894.07	300	5.6854	0.0	155580	1559	452.152482471	-0.15000000000000002
1577032895.78	300	7.972361	0.0	139857	1587	756.007328397	0.3
1577032897.81	300	9.944185	0.0	155432	1705	711.160615058	0.3
1577032901.79	750	9.963458	0.0	411561	3463	444.728685804	0.3
1577032904.57	750	11.184343	0.0	318564	2648	953.063377719	0.75
1577032908.47	300	11.499758	0.0	153295	1264	969.747740463	-0.15000000000000002
1577032912.43	300	11.499744	0.0	173849	1818	765.042390531	0.3
1577032915.8	750	11.957995	0.0	374758	3236	804.52075128	0.3
1577032920.37	300	11.499759	0.0	139105	1448	768.540857773	-0.15000000000000002
1577032924.46	300	11.499755	0.0	141840	1454	779.979990235	0.3
1577032928.14	300	11.749751	0.0	156148	1544	807.328237246	0.3
1577032932.12	300	11.749745	0.0	160746	1354	943.081793033	0.3
1577032936.32	300	11.499767	0.0	179801	1574	913.857955678	0.3
1577032940.32	300	11.499757	0.0	140051	1367	819.629476816	0.3
1577032944.28	300	11.499761	0.0	138313	1334	829.011637729	0.3
1577032948.74	750	11.018031	0.0	360831	4327	726.860612471	0.3
1577032952.01	300	11.749753	0.0	150616	2132	565.615274144	-0.15000000000000002
1577032956.08	300	11.749707	0.0	165384	1434	908.536637039	0.3
1577032960.22	300	11.749764	0.0	140881	1506	748.392366301	0.3
1577032964.39	300	11.499743	0.0	157671	1538	817.912800571	0.3
1577032968.45	300	11.499749	0.0	157812	1426	882.705010132	0.3
1577032972.44	300	11.499751	0.0	163927	1348	968.640281058	0.3
1577032976.3	300	11.499751	0.0	137654	1235	891.73451481	0.3
1577032980.58	750	11.177504	0.0	359903	4151	769.528544036	0.3
1577032984.21	300	11.749757	0.0	153938	1497	814.209452928	-0.15000000000000002
1577032988.01	300	11.74975	0.0	181901	1664	871.972183006	0.3
1577032992.42	750	11.499742	0.0	277716	3273	678.852516186	0.3
1577032996.34	300	11.49973	0.0	153605	1287	939.620721155	-0.15000000000000002
1577033000.06	300	11.749736	0.0	149029	1584	752.7645765	0.3
1577033004.26	300	11.499737	0.0	157421	1571	800.244215275	0.3
1577033008.32	300	11.499734	0.0	157488	1434	875.544843559	0.3
1577033012.46	300	11.499761	0.0	143881	1514	760.282763647	0.3
1577033016.24	300	11.749745	0.0	163444	1648	791.78305405	0.3
1577033020.37	300	11.499736	0.0	179328	1495	953.881095294	0.3
1577033024.32	300	11.499761	0.0	159914	1315	972.133570118	0.3
1577033028.5	300	11.499745	0.0	131610	1055	996.500772043	0.3
1577033032.16	300	11.749754	0.0	124011	1535	646.51631814	0.3
1577033036.18	300	11.749755	0.0	144254	1392	821.230620855	0.3
1577033040.08	750	11.670004	0.0	390680	3769	829.051487141	0.3
1577033044.13	300	11.749751	0.0	147968	1402	843.684517056	-0.15000000000000002
1577033048.24	300	11.749745	0.0	161857	1482	872.675491551	0.3
1577033052.44	300	11.499763	0.0	145210	1577	736.649725058	0.3
1577033056.1	300	11.749714	0.0	172312	2520	547.335810656	0.3
1577033060.95	300	10.799757	0.0	167025	4700	372.99032527	0.3
1577033064.03	300	11.749777	0.0	160064	1420	815.568587691	0.3
1577033068.3	750	11.49973	0.0	331053	3151	840.523078341	0.3
1577033075.33	1200	8.422035	0.0	550906	6819	562.207139167	0.75
1577033079.35	1200	6.087403	0.0	391450	3895	691.485053294	1.2

