1577031989.82	750	3.999593	4.494	181801	3543	153.047612647	-19.3242
1577031991.98	300	5.838548	0.0	155580	1531	460.23942603	-0.15000000000000002
1577031993.76	300	8.054776	0.0	139857	1530	774.45439216	0.3
1577031995.82	300	10.000849	0.0	155432	1758	723.301096717	0.3
1577031999.86	750	9.960222	0.0	411561	3473	432.745740067	0.3
1577032002.64	750	11.179255	0.0	318564	2648	950.887595816	0.75
1577032006.54	300	11.499499	0.0	153295	1264	969.742658739	-0.15000000000000002
1577032010.49	300	11.499511	0.0	173849	1817	765.463505731	0.3
1577032014.43	300	11.499532	0.0	150710	1305	915.551467405	0.3
1577032018.05	300	11.999495	0.0	139105	1480	752.049773903	0.3
1577032022.16	300	11.749515	0.0	141840	1482	765.232746593	0.3
1577032026.35	300	11.499529	0.0	156148	1549	805.199552569	0.3
1577032029.83	300	11.999495	0.0	160746	1354	937.541229186	0.3
1577032034.55	300	11.499518	0.0	179801	1574	913.855602084	0.3
1577032038.55	300	11.499524	0.0	140051	1367	819.636403798	0.3
1577032042.51	300	11.499518	0.0	138313	1328	832.564883401	0.3
1577032047.16	750	10.660189	0.0	360831	4518	707.32816385	0.3
1577032049.85	300	11.999473	0.0	150616	2047	591.576056845	-0.15000000000000002
1577032054.41	300	11.499516	0.0	165384	1433	916.181034301	0.3
1577032058.57	300	11.499461	0.0	140881	1508	747.399776031	0.3
1577032062.19	300	11.749492	0.0	157671	1498	835.88171852	0.3
1577032066.26	300	11.749513	0.0	157812	1427	882.974742032	0.3
1577032070.24	300	11.749501	0.0	163927	1348	968.61721693	0.3
1577032074.1	300	11.749496	0.0	137654	1235	891.734514883	0.3
1577032077.92	300	11.999495	0.0	146754	1690	694.747599577	0.3
1577032082.21	300	11.749508	0.0	153938	1654	743.375586287	0.3
1577032086.5	300	11.499512	0.0	181901	1664	871.461019852	0.3
1577032090.49	300	11.499475	0.0	111155	1358	654.878845306	0.3
1577032094.41	300	11.499513	0.0	153605	1290	936.399391579	0.3
1577032098.12	300	11.74948	0.0	149029	1585	752.288457239	0.3
1577032102.32	300	11.499478	0.0	157421	1575	798.265321418	0.3
1577032106.39	300	11.499495	0.0	157488	1435	874.882699928	0.3
1577032110.54	300	11.4995	0.0	143881	1514	760.282694939	0.3
1577032114.32	300	11.499501	0.0	163444	1647	792.237661352	0.3
1577032118.45	300	11.499512	0.0	179328	1495	953.897594715	0.3
1577032122.39	300	11.49952	0.0	159914	1316	971.428361328	0.3
1577032126.07	300	11.74951	0.0	131610	1054	996.4251424	0.3
1577032130.25	300	11.749505	0.0	124011	1536	645.925340225	0.3
1577032134.27	300	11.749496	0.0	144254	1392	821.150523148	0.3
1577032138.16	750	11.654727	0.0	390680	3755	829.909369281	0.3
1577032142.21	300	11.74948	0.0	147968	1403	843.240249105	-0.15000000000000002
1577032146.33	300	11.499521	0.0	161857	1481	873.221502134	0.3
1577032150.03	300	11.999452	0.0	145210	1577	736.704618475	0.3
1577032154.2	300	11.749507	0.0	172312	2521	546.814741184	0.3
1577032159.05	300	10.77019	0.0	167025	4700	372.917073443	0.3
1577032162.1	300	11.749535	0.0	160064	1435	809.205753621	0.3
1577032165.86	750	11.999484	0.0	331053	3146	842.483061228	0.3
1577032172.73	1200	9.085664	0.0	550906	6669	575.350980586	0.75
1577032176.96	1200	6.538444	0.0	391450	4108	691.241507772	1.2

