1577030862.44	750	3.999599	4.479	181801	3544	154.03953875	-19.259700000000002
1577030864.59	300	5.853007	0.0	155580	1502	461.169625805	-0.15000000000000002
1577030866.3	300	8.139792	0.0	139857	1573	778.616818607	0.3
1577030868.23	300	10.212196	0.0	155432	1632	722.351533724	0.3
1577030872.46	750	9.976931	0.0	411561	3510	421.195954554	0.3
1577030875.15	300	11.49952	0.0	126289	1047	955.50326785	-0.15000000000000002
1577030879.03	300	11.499548	0.0	153295	1263	970.524037115	0.3
1577030882.99	300	11.499545	0.0	173849	1818	765.042503918	0.3
1577030886.93	300	11.749528	0.0	150710	1304	916.187818052	0.3
1577030891.04	300	11.499498	0.0	139105	1481	751.434906091	0.3
1577030895.13	300	11.499507	0.0	141840	1456	778.443854971	0.3
1577030898.82	300	11.749539	0.0	156148	1548	805.307020906	0.3
1577030902.81	300	11.74951	0.0	160746	1353	943.63667861	0.3
1577030907.01	300	11.499531	0.0	179801	1574	913.858010614	0.3
1577030911.02	300	11.499537	0.0	140051	1366	820.236402019	0.3
1577030914.98	300	11.499535	0.0	138313	1333	829.63165863	0.3
1577030919.45	750	10.995312	0.0	360831	4334	726.311028975	0.3
1577030922.72	300	11.749534	0.0	150616	2131	565.875666776	-0.15000000000000002
1577030926.78	300	11.749536	0.0	165384	1432	909.720592221	0.3
1577030930.93	300	11.749532	0.0	140881	1508	747.399851011	0.3
1577030935.11	300	11.499559	0.0	157671	1533	820.443836683	0.3
1577030939.17	300	11.499556	0.0	157812	1428	881.633030311	0.3
1577030943.15	300	11.499556	0.0	163927	1349	967.905071247	0.3
1577030947.01	300	11.499556	0.0	137654	1235	891.734082283	0.3
1577030951.3	750	11.143206	0.0	359903	4150	769.649152753	0.3
1577030954.93	300	11.74954	0.0	153938	1493	816.217199461	-0.15000000000000002
1577030958.72	300	11.749532	0.0	181901	1664	872.077746183	0.3
1577030963.12	750	11.499533	0.0	277716	3266	680.307890531	0.3
1577030967.04	300	11.499516	0.0	153605	1288	939.032088755	-0.15000000000000002
1577030970.77	300	11.749538	0.0	149029	1585	752.289133488	0.3
1577030974.96	300	11.499537	0.0	157421	1569	801.215973317	0.3
1577030979.03	300	11.499556	0.0	157488	1436	874.422094287	0.3
1577030983.18	300	11.499557	0.0	143881	1515	759.780775553	0.3
1577030986.96	300	11.499556	0.0	163444	1648	791.757861659	0.3
1577030991.08	300	11.49955	0.0	179328	1494	954.488201416	0.3
1577030995.02	300	11.499559	0.0	159914	1315	972.160547117	0.3
1577030998.7	300	11.749583	0.0	131610	1055	995.640329043	0.3
1577031002.88	300	11.749539	0.0	124011	1536	645.925247125	0.3
1577031006.89	300	11.749543	0.0	144254	1391	821.702590488	0.3
1577031010.8	750	11.641274	0.0	390680	3769	829.413585733	0.3
1577031014.83	300	11.749544	0.0	147968	1401	844.260180936	-0.15000000000000002
1577031018.95	300	11.499558	0.0	161857	1480	873.831112261	0.3
1577031023.16	300	11.499557	0.0	145210	1577	736.649815811	0.3
1577031026.83	300	11.749543	0.0	172312	2519	547.553407101	0.3
1577031031.68	300	10.757515	0.0	167025	4700	373.063635257	0.3
1577031034.73	300	11.74954	0.0	160064	1420	815.58680013	0.3
1577031039.01	750	11.499553	0.0	331053	3154	839.723723906	0.3
1577031046.04	1200	8.401216	0.0	550906	6821	561.275092534	0.75
1577031050.06	1200	6.060024	0.0	391450	3902	691.004374362	1.2

