1577031764.48	750	3.999592	4.634	181801	3655	148.638167843	-19.9262
1577031766.59	300	5.894956	0.0	155580	1488	450.756762786	-0.15000000000000002
1577031768.26	300	8.223445	0.0	139857	1531	785.596698965	0.3
1577031770.23	300	10.254192	0.0	155432	1660	736.590762059	0.3
1577031774.32	750	10.163383	0.0	411561	3488	464.212873561	0.3
1577031777.0	300	11.499526	0.0	126289	1047	955.992491092	-0.15000000000000002
1577031780.9	300	11.749588	0.0	153295	1263	970.492826823	0.3
1577031784.85	300	11.749528	0.0	173849	1818	765.042503918	0.3
1577031788.78	300	11.749552	0.0	150710	1304	916.187818594	0.3
1577031792.89	300	11.749548	0.0	139105	1481	751.434906072	0.3
1577031796.99	300	11.499536	0.0	141840	1459	776.783496866	0.3
1577031801.17	300	11.499526	0.0	156148	1549	805.565996115	0.3
1577031805.16	300	11.499544	0.0	160746	1354	942.96357958	0.3
1577031808.87	300	11.749619	0.0	179801	1574	913.872457807	0.3
1577031812.86	300	11.749557	0.0	140051	1366	820.236402036	0.3
1577031816.83	300	11.749553	0.0	138313	1335	828.451631177	0.3
1577031820.83	300	11.749551	0.0	143509	1368	838.753978763	0.3
1577031825.09	300	11.499552	0.0	150616	2132	565.17204341	0.3
1577031829.15	300	11.499554	0.0	165384	1433	909.107265843	0.3
1577031832.78	300	11.749588	0.0	140881	1509	747.000637123	0.3
1577031836.95	300	11.749525	0.0	157671	1543	815.331561635	0.3
1577031841.01	300	11.499538	0.0	157812	1428	881.420501741	0.3
1577031844.99	300	11.499538	0.0	163927	1350	967.224677625	0.3
1577031848.86	300	11.749553	0.0	137654	1235	891.733650474	0.3
1577031853.19	300	11.499557	0.0	146754	1691	694.290322945	0.3
1577031856.81	300	11.749526	0.0	153938	1495	816.281764588	0.3
1577031861.11	300	11.499526	0.0	181901	1663	873.819438754	0.3
1577031865.09	300	11.499525	0.0	111155	1359	654.396918722	0.3
1577031869.01	300	11.499517	0.0	153605	1289	937.035186975	0.3
1577031873.23	300	11.499508	0.0	149029	1584	752.686505244	0.3
1577031876.85	300	11.749509	0.0	157421	1490	839.103929869	0.3
1577031880.91	300	11.749521	0.0	157488	1435	876.80954342	0.3
1577031885.07	300	11.499515	0.0	143881	1514	760.282694942	0.3
1577031888.84	300	11.749509	0.0	163444	1648	791.782998941	0.3
1577031892.97	300	11.749527	0.0	179328	1495	953.881095101	0.3
1577031896.91	300	11.749535	0.0	159914	1315	972.127696778	0.3
1577031900.6	300	11.999493	0.0	131610	1054	996.492983022	0.3
1577031904.78	300	11.749529	0.0	124011	1536	645.925340227	0.3
1577031908.8	300	11.749531	0.0	144254	1392	821.150525813	0.3
1577031912.69	750	11.795083	0.0	390680	3755	829.909369298	0.3
1577031917.21	300	11.499521	0.0	147968	1401	844.63540649	-0.15000000000000002
1577031920.87	300	11.749492	0.0	161857	1518	852.488718239	0.3
1577031925.08	300	11.499507	0.0	145210	1577	736.648132384	0.3
1577031928.72	300	11.99948	0.0	172312	2520	547.335810655	0.3
1577031933.58	300	10.898147	0.0	167025	4698	373.111471808	0.3
1577031937.14	300	11.49951	0.0	160064	1420	855.1825584	0.3
1577031940.53	750	11.955001	0.0	331053	3258	854.762452623	0.3
1577031947.47	1200	9.014674	0.0	550906	6721	563.417203806	0.75
1577031951.7	1200	6.459848	0.0	391450	4118	687.168884912	1.2

