1577031539.4	750	4	4.743	181801	3545	129.246448302	-20.394899999999996
1577031541.25	300	6.150472	0.0	155580	1572	458.218037135	-0.15000000000000002
1577031543.25	300	8.142175	0.0	139857	1796	734.307701776	0.3
1577031545.39	300	10.003595	0.0	155432	1806	636.560264239	0.3
1577031549.1	750	10.297721	0.0	411561	3472	620.300220176	0.3
1577031551.88	750	11.518311	0.0	318564	2648	951.137161467	0.75
1577031555.79	300	11.749733	0.0	153295	1276	961.097802389	-0.15000000000000002
1577031559.74	300	11.749733	0.0	173849	1817	765.462152412	0.3
1577031564.11	750	11.499759	0.0	374758	3237	918.837379108	0.3
1577031567.73	300	11.749724	0.0	139105	1481	751.543551578	-0.15000000000000002
1577031571.8	300	11.749726	0.0	141840	1444	784.553611295	0.3
1577031575.95	300	11.499754	0.0	156148	1519	821.17414142	0.3
1577031579.94	300	11.499753	0.0	160746	1354	943.715407593	0.3
1577031583.65	300	11.749732	0.0	179801	1574	913.872457818	0.3
1577031587.65	300	11.749729	0.0	140051	1367	819.636403817	0.3
1577031592.12	300	11.499757	0.0	138313	1329	832.279014749	0.3
1577031595.83	300	11.749727	0.0	143509	1579	727.137684016	0.3
1577031600.09	300	11.499751	0.0	150616	2132	565.168435866	0.3
1577031603.65	300	11.749725	0.0	165384	1434	896.348398921	0.3
1577031607.79	300	11.749725	0.0	140881	1508	747.399700932	0.3
1577031611.91	300	11.499717	0.0	157671	1472	852.957824572	0.3
1577031615.96	300	11.499751	0.0	157812	1417	889.543719311	0.3
1577031619.93	300	11.499755	0.0	163927	1349	968.241409223	0.3
1577031623.8	300	11.749739	0.0	137654	1234	892.456534965	0.3
1577031628.12	300	11.499749	0.0	146754	1690	694.69870756	0.3
1577031631.68	300	11.749748	0.0	153938	1410	859.700159393	0.3
1577031636.06	300	11.499718	0.0	181901	1748	832.499981484	0.3
1577031639.69	750	11.749721	0.0	277716	2988	744.96333736	0.3
1577031644.11	300	11.499727	0.0	153605	1288	947.464240905	-0.15000000000000002
1577031647.83	300	11.74977	0.0	149029	1585	752.28913379	0.3
1577031651.94	300	11.499753	0.0	157421	1489	842.555466411	0.3
1577031656.05	300	11.499756	0.0	157488	1477	852.741227707	0.3
1577031659.69	300	11.749706	0.0	143881	1514	760.329323169	0.3
1577031663.96	300	11.499724	0.0	163444	1646	793.558517321	0.3
1577031668.09	300	11.499755	0.0	179328	1495	953.917160026	0.3
1577031671.69	750	11.749714	0.0	365161	2960	981.038375706	0.3
1577031675.88	300	11.749727	0.0	131610	1055	997.323771758	-0.15000000000000002
1577031680.04	300	11.499727	0.0	124011	1536	645.925247186	0.3
1577031684.06	300	11.499727	0.0	144254	1392	821.150420004	0.3
1577031688.13	300	11.499751	0.0	149991	1437	834.74319662	0.3
1577031692.12	300	11.499716	0.0	147968	1363	867.10256464	0.3
1577031695.83	300	11.749716	0.0	161857	1577	821.110667418	0.3
1577031700.05	300	11.499723	0.0	145210	1577	736.645679416	0.3
1577031703.7	300	11.749723	0.0	172312	2519	547.5534071	0.3
1577031708.35	300	11.051133	0.0	167025	4517	384.358997061	0.3
1577031711.9	300	11.49975	0.0	160064	1420	856.059575223	0.3
1577031715.82	750	11.749725	0.0	331053	3295	804.787820405	0.3
1577031722.95	1200	8.443583	0.0	550906	6918	550.155854325	0.75
1577031726.91	1200	6.16817	0.0	391450	3835	687.820500648	1.2

