1577032215.3	750	3.999733	4.494	181801	3543	154.460371937	-19.3242
1577032217.51	300	5.783478	0.0	155580	1572	458.86137724	-0.15000000000000002
1577032219.22	300	8.069605	0.0	139857	1531	755.408492604	0.3
1577032221.23	300	10.061816	0.0	155432	1699	731.173854817	0.3
1577032225.31	750	9.984642	0.0	411561	3475	461.429103759	0.3
1577032227.99	300	11.499654	0.0	126289	1046	958.49022893	-0.15000000000000002
1577032231.88	300	11.499649	0.0	153295	1263	970.605037264	0.3
1577032235.83	300	11.49965	0.0	173849	1817	765.463619669	0.3
1577032239.69	750	11.74965	0.0	374758	3237	896.315873651	0.3
1577032243.81	300	11.499649	0.0	139105	1480	751.942907461	-0.15000000000000002
1577032247.9	300	11.499651	0.0	141840	1464	774.255374556	0.3
1577032251.58	300	11.749642	0.0	156148	1549	804.567336847	0.3
1577032255.56	300	11.749641	0.0	160746	1353	943.608873064	0.3
1577032259.78	300	11.749641	0.0	179801	1575	913.277813106	0.3
1577032263.77	300	11.74964	0.0	140051	1366	820.236243602	0.3
1577032267.74	300	11.749654	0.0	138313	1336	827.86243888	0.3
1577032271.74	300	11.749638	0.0	143509	1368	838.725771681	0.3
1577032276.01	300	11.499653	0.0	150616	2133	564.907047555	0.3
1577032279.56	300	11.749639	0.0	165384	1433	896.890580321	0.3
1577032283.7	300	11.749644	0.0	140881	1507	747.895779654	0.3
1577032287.89	300	11.499656	0.0	157671	1551	811.293787217	0.3
1577032291.96	300	11.499673	0.0	157812	1428	881.251131962	0.3
1577032295.93	300	11.499644	0.0	163927	1347	969.257061809	0.3
1577032299.8	300	11.499648	0.0	137654	1236	891.013655293	0.3
1577032304.08	750	11.215601	0.0	359903	4151	722.606594476	0.3
1577032307.72	300	11.749647	0.0	153938	1512	806.788089593	-0.15000000000000002
1577032312.02	300	11.499652	0.0	181901	1664	873.092881209	0.3
1577032316.02	300	11.499662	0.0	111155	1358	654.878845311	0.3
1577032319.94	300	11.499659	0.0	153605	1289	937.073561916	0.3
1577032323.66	300	11.749649	0.0	149029	1585	752.288795085	0.3
1577032327.86	300	11.49966	0.0	157421	1565	803.193916546	0.3
1577032331.93	300	11.499656	0.0	157488	1435	875.084241037	0.3
1577032335.58	300	11.74963	0.0	143881	1514	760.345431012	0.3
1577032339.85	300	11.499668	0.0	163444	1648	792.625305467	0.3
1577032343.98	300	11.49967	0.0	179328	1494	954.491622792	0.3
1577032347.92	300	11.499667	0.0	159914	1315	972.160575999	0.3
1577032351.62	300	11.749653	0.0	131610	1054	996.493762783	0.3
1577032355.78	300	11.749619	0.0	124011	1536	645.925340207	0.3
1577032359.8	300	11.49966	0.0	144254	1391	821.694585973	0.3
1577032363.86	300	11.499657	0.0	149991	1437	834.760433639	0.3
1577032367.88	300	11.499664	0.0	147968	1393	849.211548107	0.3
1577032371.99	300	11.499664	0.0	161857	1482	872.86941413	0.3
1577032375.72	300	11.749637	0.0	145210	1578	736.237425295	0.3
1577032379.87	300	11.499643	0.0	172312	2518	547.473818752	0.3
1577032384.69	300	10.608669	0.0	167025	4658	375.69291739	0.3
1577032387.73	300	11.749643	0.0	160064	1420	815.94755736	0.3
1577032392.03	750	11.499662	0.0	331053	3177	833.6453932	0.3
1577032399.1	1200	8.194285	0.0	550906	6862	557.381322047	0.75
1577032403.05	1200	5.92319	0.0	391450	3833	691.648456943	1.2

