1577032666.35	750	3.999748	4.52	181801	3555	154.122660626	-19.436
1577032668.46	300	5.895707	0.0	155580	1502	460.061574214	-0.15000000000000002
1577032670.24	300	8.11189	0.0	139857	1643	778.351576646	0.3
1577032672.21	300	10.146549	0.0	155432	1628	697.533712944	0.3
1577032676.3	750	10.05732	0.0	411561	3473	464.20200949	0.3
1577032678.98	300	11.499691	0.0	126289	1047	957.929538299	-0.15000000000000002
1577032682.88	300	11.499717	0.0	153295	1263	970.524444148	0.3
1577032686.83	300	11.749676	0.0	173849	1819	764.621851136	0.3
1577032690.77	300	11.749674	0.0	150710	1305	915.513425902	0.3
1577032694.88	300	11.499697	0.0	139105	1481	751.434809129	0.3
1577032698.96	300	11.499697	0.0	141840	1457	777.806571988	0.3
1577032702.65	300	11.749706	0.0	156148	1552	803.331109994	0.3
1577032706.64	300	11.749669	0.0	160746	1353	943.538688678	0.3
1577032710.84	300	11.749671	0.0	179801	1575	913.277813106	0.3
1577032714.83	300	11.749665	0.0	140051	1366	820.236243602	0.3
1577032718.8	300	11.749695	0.0	138313	1334	829.045553416	0.3
1577032722.8	300	11.749666	0.0	143509	1369	838.198310213	0.3
1577032727.07	300	11.499639	0.0	150616	2132	565.17202369	0.3
1577032730.63	300	11.749672	0.0	165384	1433	896.905714169	0.3
1577032734.77	300	11.749687	0.0	140881	1508	747.399775838	0.3
1577032738.94	300	11.499698	0.0	157671	1538	817.878821348	0.3
1577032743.0	300	11.499704	0.0	157812	1426	882.703312307	0.3
1577032746.98	300	11.49969	0.0	163927	1348	968.640268288	0.3
1577032750.84	300	11.749676	0.0	137654	1236	891.013224723	0.3
1577032754.66	300	11.749672	0.0	146754	1690	694.747401421	0.3
1577032758.88	300	11.499693	0.0	153938	1595	769.993841349	0.3
1577032762.71	300	11.74967	0.0	181901	1689	857.430987208	0.3
1577032766.69	300	11.749666	0.0	111155	1357	655.35790167	0.3
1577032770.62	300	11.749663	0.0	153605	1289	937.082220348	0.3
1577032774.83	300	11.749644	0.0	149029	1584	752.686505244	0.3
1577032779.01	300	11.499684	0.0	157421	1538	816.782064073	0.3
1577032783.08	300	11.499686	0.0	157488	1435	875.637427466	0.3
1577032786.74	300	11.74966	0.0	143881	1515	759.84355759	0.3
1577032791.02	300	11.499691	0.0	163444	1648	792.6130844	0.3
1577032794.64	300	11.749683	0.0	179328	1495	948.66297446	0.3
1577032799.09	300	11.499683	0.0	159914	1326	964.592671864	0.3
1577032802.78	300	11.749683	0.0	131610	1055	994.902824307	0.3
1577032806.95	300	11.499682	0.0	124011	1536	645.925247103	0.3
1577032810.98	300	11.499691	0.0	144254	1392	821.150325042	0.3
1577032815.05	300	11.499672	0.0	149991	1438	834.185896995	0.3
1577032819.06	300	11.499691	0.0	147968	1384	854.381257893	0.3
1577032822.68	300	11.749682	0.0	161857	1496	864.863368029	0.3
1577032826.89	300	11.499689	0.0	145210	1578	736.182254656	0.3
1577032831.05	300	11.499688	0.0	172312	2521	546.822212823	0.3
1577032835.73	300	10.627792	0.0	167025	4518	384.143263181	0.3
1577032838.78	300	11.749674	0.0	160064	1420	817.198698123	0.3
1577032843.09	750	11.499683	0.0	331053	3191	829.988358335	0.3
1577032850.19	1200	8.160079	0.0	550906	6888	557.125669492	0.75
1577032854.11	1200	5.92475	0.0	391450	3796	691.733111195	1.2

