1575896739.18	750	4	2.407	2354772	2303	8179.84194529	-10.350100000000001
1575896740.68	1850	8	0.0	957685	1287	7066.40892913	0.75
1575896742.29	1850	12	0.0	877771	1505	6266.23673902	1.85
1575896744.4	1850	16.0	0.0	933276	2007	5629.69848102	1.85
1575896747.92	1850	20	0.0	996749	3418	4167.97321998	1.85
1575896752.43	1850	24	0.0	801058	4418	3042.36301267	1.85
1575896753.84	1850	28	0.0	905515	1309	3259.41169532	1.85
1575896755.2	1850	32	0.0	1060487	1258	4015.37963978	1.85
1575896758.14	4300	36	0.0	2055469	2830	4884.77268306	1.8499999999999996
1575896761.17	4300	40	0.0	2169201	2932	6001.81217269	4.3
1575896763.84	4300	44	0.0	2173522	2560	6316.35446285	4.3
1575896766.51	4300	48	0.0	2102452	2570	6266.51500797	4.3
1575896769.91	4300	52	0.0	2209463	3296	6154.58030738	4.3
1575896774.78	4300	56	0.0	2275376	4747	5633.56556797	4.3
