1575896633.93	750	4	0.551	450283	457	7882.41575492	-2.3692999999999995
1575896635.02	1850	8	0.0	957685	874	8324.20558913	0.75
1575896636.17	1850	12	0.0	877771	1053	7772.37890811	1.85
1575896637.57	1850	16.0	0.0	933276	1294	7271.75095079	1.85
1575896639.53	1850	20	0.0	996749	1861	6372.34421786	1.85
1575896641.48	1850	24	0.0	801058	1829	5056.7972483	1.85
1575896644.89	1850	28	0.0	905515	3306	3937.41682972	1.85
1575896649.71	1850	32	0.0	1060487	4718	2944.49944535	1.85
1575896650.99	1850	36	0.0	852833	1155	3350.06933911	1.85
1575896654.14	4300	40	0.0	2169201	2958	3940.78479564	1.8499999999999996
1575896657.18	4300	44	0.0	2173522	2928	4877.63000256	4.3
1575896659.76	4300	48	0.0	2102452	2475	6127.03172834	4.3
1575896662.64	4300	52	0.0	2209463	2781	6239.23478339	4.3
1575896665.78	4300	56	0.0	2275376	3035	6271.99149331	4.3
