1575897359.33	750	4	2.485	2354772	2371	7945.24504429	-10.6855
1575897360.88	1850	8	0.0	957685	1320	6874.69827972	0.75
1575897362.59	1850	12	0.0	877771	1610	6036.99719683	1.85
1575897364.77	1850	16.0	0.0	933276	2074	5427.72475394	1.85
1575897368.55	1850	20	0.0	996749	3676	3983.71436338	1.85
1575897372.81	1850	24	0.0	801058	4156	2918.17119104	1.85
1575897374.13	1850	28	0.0	905515	1203	3333.2005297	1.85
1575897377.35	4300	32	0.0	2290172	3103	3909.32551032	1.8499999999999996
1575897380.22	4300	36	0.0	2055469	2758	4857.57503865	4.3
1575897382.88	4300	40	0.0	2169201	2551	6172.74752153	4.3
1575897385.7	4300	44	0.0	2173522	2726	6261.97973325	4.3
1575897388.65	4300	48	0.0	2102452	2835	6269.0891838	4.3
1575897392.84	4300	52	0.0	2209463	4079	5861.87440644	4.3
1575897399.13	4300	56	0.0	2275376	6184	4897.09854957	4.3
