1575897565.69	750	4	2.378	2354772	2270	8298.75594714	-10.2254
1575897567.23	1850	8	0.0	957685	1304	7087.06202265	0.75
1575897568.71	1850	12	0.0	877771	1375	6427.05177267	1.85
1575897570.76	1850	16.0	0.0	933276	1932	5786.41305311	1.85
1575897574.25	1850	20	0.0	996749	3385	4300.64518892	1.85
1575897578.92	1850	24	0.0	801058	4516	3186.56755765	1.85
1575897580.28	1850	28	0.0	905515	1252	3356.31932414	1.85
1575897583.56	4300	32	0.0	2290172	3164	3837.83858979	1.8499999999999996
1575897586.17	4300	36	0.0	2055469	2513	4884.78615004	4.3
1575897589.09	4300	40	0.0	2169201	2809	6074.48669091	4.3
1575897591.84	4300	44	0.0	2173522	2655	6265.28181434	4.3
1575897594.8	4300	48	0.0	2102452	2852	6292.00859157	4.3
1575897598.51	4300	52	0.0	2209463	3593	5886.01076872	4.3
1575897605.11	4300	56	0.0	2275376	6451	5046.97941077	4.3
