1575897049.15	750	4	2.392	2354772	2286	8240.67191601	-10.2856
1575897050.67	1850	8	0.0	957685	1303	7060.27456123	0.75
1575897052.15	1850	12	0.0	877771	1377	6406.72092511	1.85
1575897054.19	1850	16.0	0.0	933276	1931	5771.6652407	1.85
1575897057.67	1850	20	0.0	996749	3372	4302.68883939	1.85
1575897062.33	1850	24	0.0	801058	4483	3190.09540216	1.85
1575897063.79	1850	28	0.0	905515	1360	3246.83169482	1.85
1575897065.18	1850	32	0.0	1060487	1281	3935.92455623	1.85
1575897068.13	4300	36	0.0	2055469	2842	4791.22770056	1.8499999999999996
1575897071.13	4300	40	0.0	2169201	2895	5932.43629214	4.3
1575897073.82	4300	44	0.0	2173522	2582	6284.39224854	4.3
1575897076.49	4300	48	0.0	2102452	2576	6261.01334958	4.3
1575897079.95	4300	52	0.0	2209463	3309	6149.94504037	4.3
1575897084.82	4300	56	0.0	2275376	4744	5610.62533989	4.3
