1575897152.4	750	4	2.381	2354772	2274	8284.15831135	-10.238299999999999
1575897153.94	1850	8	0.0	957685	1304	7079.76320475	0.75
1575897155.41	1850	12	0.0	877771	1362	6438.43440278	1.85
1575897157.47	1850	16.0	0.0	933276	1959	5781.63437789	1.85
1575897160.97	1850	20	0.0	996749	3387	4299.16816881	1.85
1575897165.6	1850	24	0.0	801058	4483	3187.70200865	1.85
1575897167.05	1850	28	0.0	905515	1347	3243.24927145	1.85
1575897168.45	1850	32	0.0	1060487	1293	3930.79181707	1.85
1575897171.41	4300	36	0.0	2055469	2850	4784.65283427	1.8499999999999996
1575897174.41	4300	40	0.0	2169201	2892	5927.41597405	4.3
1575897177.11	4300	44	0.0	2173522	2588	6262.61693812	4.3
1575897179.79	4300	48	0.0	2102452	2581	6251.44210496	4.3
1575897183.24	4300	52	0.0	2209463	3310	6144.03067972	4.3
1575897188.11	4300	56	0.0	2275376	4746	5602.75218969	4.3
