1575896842.57	750	4	2.435	2354772	2333	8074.6575225	-10.4705
1575896844.07	1850	8	0.0	957685	1287	7013.81671774	0.75
1575896845.68	1850	12	0.0	877771	1518	6217.85585311	1.85
1575896847.84	1850	16.0	0.0	933276	2047	5575.23947166	1.85
1575896851.32	1850	20	0.0	996749	3381	4146.19295557	1.85
1575896855.84	1850	24	0.0	801058	4421	3020.33667242	1.85
1575896857.24	1850	28	0.0	905515	1295	3262.33190593	1.85
1575896858.59	1850	32	0.0	1060487	1255	4040.50344761	1.85
1575896861.5	4300	36	0.0	2055469	2809	4914.37365712	1.8499999999999996
1575896864.54	4300	40	0.0	2169201	2916	6039.7781431	4.3
1575896867.21	4300	44	0.0	2173522	2570	6332.75618796	4.3
1575896869.86	4300	48	0.0	2102452	2544	6295.60813364	4.3
1575896873.26	4300	52	0.0	2209463	3299	6171.59444577	4.3
1575896878.11	4300	56	0.0	2275376	4744	5643.06702018	4.3
