1575897462.67	750	4	2.49	2354772	2367	7958.67173638	-10.707
1575897464.21	1850	8	0.0	957685	1302	6921.53248877	0.75
1575897465.93	1850	12	0.0	877771	1611	6067.31754166	1.85
1575897468.1	1850	16.0	0.0	933276	2068	5453.07616398	1.85
1575897471.89	1850	20	0.0	996749	3675	4005.85666526	1.85
1575897476.13	1850	24	0.0	801058	4146	2921.18286051	1.85
1575897477.47	1850	28	0.0	905515	1217	3319.57105548	1.85
1575897480.69	4300	32	0.0	2290172	3104	3892.6093364	1.8499999999999996
1575897483.55	4300	36	0.0	2055469	2757	4841.25194201	4.3
1575897486.21	4300	40	0.0	2169201	2551	6155.4946258	4.3
1575897489.05	4300	44	0.0	2173522	2736	6256.21639033	4.3
1575897492.0	4300	48	0.0	2102452	2845	6258.58799271	4.3
1575897496.22	4300	52	0.0	2209463	4104	5844.2333065	4.3
1575897502.55	4300	56	0.0	2275376	6168	4881.36637656	4.3
