1575897255.73	750	4	2.378	2354772	2271	8295.10171731	-10.2254
1575897257.28	1850	8	0.0	957685	1304	7085.23490773	0.75
1575897258.76	1850	12	0.0	877771	1373	6428.31343934	1.85
1575897260.8	1850	16.0	0.0	933276	1943	5781.88973725	1.85
1575897264.28	1850	20	0.0	996749	3374	4298.95544604	1.85
1575897268.95	1850	24	0.0	801058	4518	3184.72076988	1.85
1575897270.41	1850	28	0.0	905515	1338	3259.6382713	1.85
1575897271.8	1850	32	0.0	1060487	1281	3954.70102183	1.85
1575897274.75	4300	36	0.0	2055469	2842	4810.35460574	1.8499999999999996
1575897277.84	4300	40	0.0	2169201	2967	5917.96565978	4.3
1575897280.51	4300	44	0.0	2173522	2569	6256.54575266	4.3
1575897283.17	4300	48	0.0	2102452	2545	6253.04995539	4.3
1575897286.57	4300	52	0.0	2209463	3296	6147.24880132	4.3
1575897291.44	4300	56	0.0	2275376	4746	5643.89091301	4.3
