1575896945.95	750	4	2.474	2354772	2352	8009.42857143	-10.6382
1575896947.48	1850	8	0.0	957685	1306	6937.89958434	0.75
1575896949.16	1850	12	0.0	877771	1570	6116.17254667	1.85
1575896951.36	1850	16.0	0.0	933276	2106	5473.4314043	1.85
1575896954.95	1850	20	0.0	996749	3483	4043.42510842	1.85
1575896959.37	1850	24	0.0	801058	4317	2947.95036506	1.85
1575896960.71	1850	28	0.0	905515	1234	3297.38014755	1.85
1575896963.94	4300	32	0.0	2290172	3115	3881.49356256	1.8499999999999996
1575896966.76	4300	36	0.0	2055469	2714	4823.85826459	4.3
1575896969.45	4300	40	0.0	2169201	2576	6136.90262572	4.3
1575896972.27	4300	44	0.0	2173522	2718	6268.64716211	4.3
1575896975.22	4300	48	0.0	2102452	2851	6273.11916073	4.3
1575896979.29	4300	52	0.0	2209463	3943	5879.10510805	4.3
1575896985.6	4300	56	0.0	2275376	6203	4928.58011326	4.3
