1576490849.89	750	4	3.282	2354772	3131	2395.3816838	-14.112599999999999
1576490852.93	4300	8	0.0	2123065	2907	5931.53627145	0.75
1576490855.51	4300	12	0.0	2177073	2411	6103.16537133	4.3
1576490858.42	4300	16.0	0.0	2160877	2746	6787.63187194	4.3
1576490861.23	4300	20	0.0	2233056	2672	6376.77808816	4.3
1576490863.37	4300	24	0.0	1941625	2005	6853.45098205	4.3
1576490876.98	4300	28	0.0	2157535	13454	1571.64407046	4.3
1576490878.79	1850	32	0.0	1060487	1540	2106.34816081	-0.6000000000000001
1576490880.05	1850	36	0.0	852833	1131	5013.45884193	1.85
1576490885.88	1850	40	0.0	913888	5677	2565.89637935	1.85
1576490887.29	1850	44	0.0	939819	1276	1772.42030091	1.85
1576490888.38	1850	48	0.0	917428	949	4913.00018167	1.85
1576490890.48	2850	52	0.0	1422919	1851	4571.91765689	1.85
1576490895.55	4300	56	0.0	2275376	4903	3965.51365478	2.8499999999999996
