1576490683.25	750	4	3.277	2354772	3127	2322.65613071	-14.091099999999999
1576490686.29	4300	8	0.0	2123065	2897	5945.52388305	0.75
1576490688.86	4300	12	0.0	2177073	2418	6116.24008229	4.3
1576490691.98	4300	16.0	0.0	2160877	2955	6533.55851517	4.3
1576490694.63	4300	20	0.0	2233056	2506	6100.4723584	4.3
1576490696.76	4300	24	0.0	1941625	1985	7229.66718208	4.3
1576490710.37	4300	28	0.0	2157535	13471	1572.43807931	4.3
1576490712.14	1850	32	0.0	1060487	1539	2156.34743904	-0.6000000000000001
1576490713.4	1850	36	0.0	852833	1131	5048.17480467	1.85
1576490719.23	1850	40	0.0	913888	5678	2565.43539721	1.85
1576490720.67	1850	44	0.0	939819	1304	1768.6804026	1.85
1576490721.77	1850	48	0.0	917428	959	4854.77577709	1.85
1576490723.02	1850	52	0.0	946851	1120	6708.61049082	1.85
1576490728.23	4300	56	0.0	2275376	5026	4605.33802439	1.8499999999999996
