1576490933.24	750	4	3.266	2354772	3119	2269.37441639	-14.0438
1576490936.27	4300	8	0.0	2123065	2896	5954.44451847	0.75
1576490938.85	4300	12	0.0	2177073	2433	6110.86344382	4.3
1576490941.8	4300	16.0	0.0	2160877	2801	6442.17830627	4.3
1576490944.46	4300	20	0.0	2233056	2516	6354.50253861	4.3
1576490946.62	4300	24	0.0	1941625	2006	7197.73096107	4.3
1576490960.15	4300	28	0.0	2157535	13386	1582.26244635	4.3
1576490961.97	1850	32	0.0	1060487	1581	2152.08595519	-0.6000000000000001
1576490963.25	1850	36	0.0	852833	1131	4937.31378667	1.85
1576490969.16	1850	40	0.0	913888	5777	2520.28086857	1.85
1576490970.29	1850	44	0.0	939819	986	1797.07983125	1.85
1576490971.38	1850	48	0.0	917428	951	5535.45235077	1.85
1576490972.59	1850	52	0.0	946851	1061	6926.27400905	1.85
1576490976.87	4300	56	0.0	2275376	4087	5498.38979469	1.8499999999999996
