1576490599.95	750	4	3.296	2354772	3124	2370.08594769	-14.172799999999999
1576490603.01	4300	8	0.0	2123065	2911	5934.4042378	0.75
1576490605.58	4300	12	0.0	2177073	2411	6096.66830594	4.3
1576490608.72	4300	16.0	0.0	2160877	2981	6514.56761046	4.3
1576490611.37	4300	20	0.0	2233056	2490	6067.04795095	4.3
1576490613.5	4300	24	0.0	1941625	1990	7264.37737221	4.3
1576490627.12	4300	28	0.0	2157535	13471	1294.20622353	4.3
1576490628.93	1850	32	0.0	1060487	1567	1783.15023484	-0.6000000000000001
1576490630.28	1850	36	0.0	852833	1223	4871.57454104	1.85
1576490635.99	1850	40	0.0	913888	5570	2490.49822349	1.85
1576490637.28	1850	44	0.0	939819	1129	1815.35222048	1.85
1576490638.33	1850	48	0.0	917428	916	5237.12521529	1.85
1576490640.41	2850	52	0.0	1422919	1813	4824.50068267	1.85
1576490645.54	4300	56	0.0	2275376	4967	4494.43315056	2.8499999999999996
