1576490766.6	750	4	3.29	2354772	3121	2421.08514489	-14.147
1576490769.63	4300	8	0.0	2123065	2894	5954.47904452	0.75
1576490772.22	4300	12	0.0	2177073	2435	6113.20224293	4.3
1576490775.32	4300	16.0	0.0	2160877	2950	6513.81293794	4.3
1576490777.98	4300	20	0.0	2233056	2508	6107.49155543	4.3
1576490780.08	4300	24	0.0	1941625	1982	7226.7380468	4.3
1576490793.68	4300	28	0.0	2157535	13462	1574.39061476	4.3
1576490795.48	1850	32	0.0	1060487	1541	2164.75237764	-0.6000000000000001
1576490796.74	1850	36	0.0	852833	1131	4944.47250878	1.85
1576490802.56	1850	40	0.0	913888	5676	1632.48559696	1.85
1576490804.01	1850	44	0.0	939819	1308	1767.55913857	1.85
1576490805.1	1850	48	0.0	917428	959	4846.95635293	1.85
1576490806.36	1850	52	0.0	946851	1121	6630.73603239	1.85
1576490811.57	4300	56	0.0	2275376	5028	3927.54301653	1.8499999999999996
