1576491016.54	750	4	3.261	2354772	3118	2277.15672384	-14.0223
1576491019.59	4300	8	0.0	2123065	2892	5959.4738101	0.75
1576491022.17	4300	12	0.0	2177073	2433	6117.42920045	4.3
1576491025.13	4300	16.0	0.0	2160877	2808	6680.14128869	4.3
1576491027.8	4300	20	0.0	2233056	2522	6485.48890101	4.3
1576491029.95	4300	24	0.0	1941625	1982	7197.23532271	4.3
1576491043.48	4300	28	0.0	2157535	13387	1586.35624098	4.3
1576491045.27	1850	32	0.0	1060487	1575	1843.27298232	-0.6000000000000001
1576491046.54	1850	36	0.0	852833	1139	4898.67623697	1.85
1576491052.45	1850	40	0.0	913888	5772	2511.37317711	1.85
1576491053.63	1850	44	0.0	939819	1027	1788.5831461	1.85
1576491054.7	1850	48	0.0	917428	946	5440.10229407	1.85
1576491055.91	1850	52	0.0	946851	1060	6913.75264887	1.85
1576491060.19	4300	56	0.0	2275376	4089	4858.93903693	1.8499999999999996
