1576491099.84	750	4	3.266	2354772	3118	2262.10086718	-14.0438
1576491102.87	4300	8	0.0	2123065	2894	5957.45479572	0.75
1576491105.43	4300	12	0.0	2177073	2410	6124.93623173	4.3
1576491108.32	4300	16.0	0.0	2160877	2722	6817.87945732	4.3
1576491111.01	4300	20	0.0	2233056	2547	6483.10555011	4.3
1576491113.16	4300	24	0.0	1941625	2007	7125.38339933	4.3
1576491126.73	4300	28	0.0	2157535	13433	1574.61748545	4.3
1576491128.56	1850	32	0.0	1060487	1576	2120.09545165	-0.6000000000000001
1576491129.81	1850	36	0.0	852833	1130	4942.84877562	1.85
1576491135.73	1850	40	0.0	913888	5772	2523.9454105	1.85
1576491137.09	1850	44	0.0	939819	1216	1762.18457182	1.85
1576491138.14	1850	48	0.0	917428	897	5048.91069533	1.85
1576491139.4	1850	52	0.0	946851	1119	6917.47472027	1.85
1576491144.13	4300	56	0.0	2275376	4594	4933.42080956	1.8499999999999996
