1576491183.12	750	4	3.263	2354772	3124	2275.89868708	-14.030899999999999
1576491186.17	4300	8	0.0	2123065	2906	5939.42883762	0.75
1576491188.76	4300	12	0.0	2177073	2432	6094.99040584	4.3
1576491191.91	4300	16.0	0.0	2160877	3002	6459.63792913	4.3
1576491194.56	4300	20	0.0	2233056	2476	6040.73530746	4.3
1576491196.68	4300	24	0.0	1941625	1983	7385.56879265	4.3
1576491210.44	4300	28	0.0	2157535	13624	1548.89345638	4.3
1576491212.25	1850	32	0.0	1060487	1576	2137.1052213	-0.6000000000000001
1576491213.94	1850	36	0.0	852833	1527	4990.67638504	1.85
1576491219.72	1850	40	0.0	913888	5642	2157.26777579	1.85
1576491220.83	1850	44	0.0	939819	968	1824.71542074	1.85
1576491221.95	1850	48	0.0	917428	989	5570.60336201	1.85
1576491224.1	2850	52	0.0	1422919	1882	5045.09791601	1.85
1576491229.2	4300	56	0.0	2275376	4940	4439.73789639	2.8499999999999996
