1576491266.46	750	4	3.263	2354772	3124	2295.22385042	-14.030899999999999
1576491269.51	4300	8	0.0	2123065	2896	5949.49357277	0.75
1576491272.09	4300	12	0.0	2177073	2417	6118.35475005	4.3
1576491274.96	4300	16.0	0.0	2160877	2715	6815.08800318	4.3
1576491277.65	4300	20	0.0	2233056	2558	6490.70964923	4.3
1576491279.79	4300	24	0.0	1941625	2011	7098.18392463	4.3
1576491293.39	4300	28	0.0	2157535	13422	1575.66767305	4.3
1576491295.2	1850	32	0.0	1060487	1576	1825.4901219	-0.6000000000000001
1576491296.48	1850	36	0.0	852833	1147	4890.79426853	1.85
1576491302.39	1850	40	0.0	913888	5772	2500.36349012	1.85
1576491303.74	1850	44	0.0	939819	1210	1761.35464967	1.85
1576491304.79	1850	48	0.0	917428	904	4914.21978062	1.85
1576491306.04	1850	52	0.0	946851	1120	6942.9102927	1.85
1576491310.82	4300	56	0.0	2275376	4633	4262.15095641	1.8499999999999996
