1576491349.73	750	4	3.282	2354772	3122	2397.52408906	-14.112599999999999
1576491352.77	4300	8	0.0	2123065	2906	5941.40274696	0.75
1576491355.35	4300	12	0.0	2177073	2410	6105.27902591	4.3
1576491358.5	4300	16.0	0.0	2160877	2985	6511.5385871	4.3
1576491361.14	4300	20	0.0	2233056	2492	6059.85784887	4.3
1576491363.25	4300	24	0.0	1941625	1962	7275.64292924	4.3
1576491376.86	4300	28	0.0	2157535	13471	1576.51938044	4.3
1576491378.64	1850	32	0.0	1060487	1541	2167.15582422	-0.6000000000000001
1576491379.89	1850	36	0.0	852833	1122	5024.81364219	1.85
1576491385.72	1850	40	0.0	913888	5676	2579.39489804	1.85
1576491386.82	1850	44	0.0	939819	968	1821.3567814	1.85
1576491387.91	1850	48	0.0	917428	949	5587.63983317	1.85
1576491389.86	2850	52	0.0	1422919	1710	5204.21610943	1.85
1576491395.04	4300	56	0.0	2275376	5024	4573.48826785	2.8499999999999996
