1575961309.62	750	4	4.928	2354772	4756	3960.92851135	-21.190399999999997
1575961312.04	2850	8	0.0	1431809	2186	4600.42582933	0.75
1575961315.33	4300	12	0.0	2177073	3125	4924.71951289	2.8499999999999996
1575961318.34	4300	16.0	0.0	2160877	2875	5196.75841727	4.3
1575961321.16	4300	20	0.0	2233056	2680	5872.98599093	4.3
1575961335.09	4300	24	0.0	1941625	13750	4845.42338592	4.3
1575961336.61	1850	28	0.0	905515	1273	4874.74395579	-0.6000000000000001
1575961338.37	1850	32	0.0	1060487	1597	4699.62410868	1.85
1575961344.27	1850	36	0.0	852833	5757	3329.44128751	1.85
1575961345.47	1850	40	0.0	913888	1064	4764.85769216	1.85
1575961346.63	1850	44	0.0	939819	1004	5214.35980468	1.85
1575961348.81	2850	48	0.0	1519951	2043	5374.22073212	1.85
1575961352.59	2850	52	0.0	1422919	3644	5858.90927442	2.85
1575961354.79	2850	56	0.0	1578343	2048	5682.42527389	2.85
