1575961139.33	750	4	1.262	450283	1098	3280.75045537	-5.4266
1575961141.63	1850	8	0.0	957685	2067	3493.66018173	0.75
1575961143.27	1850	12	0.0	877771	1489	3901.11663783	1.85
1575961146.65	4300	16.0	0.0	2160877	3098	4320.85168108	1.8499999999999996
1575961149.93	4300	20	0.0	2233056	3153	4917.12838694	4.3
1575961152.63	4300	24	0.0	1941625	2556	5509.75429802	4.3
1575961155.26	4300	28	0.0	2157535	2481	6069.99318218	4.3
1575961169.97	4300	32	0.0	2290172	14575	4989.23928821	4.3
1575961171.29	1850	36	0.0	852833	1183	5014.58900064	-0.6000000000000001
1575961177.21	1850	40	0.0	913888	5783	3811.38078891	1.85
1575961178.71	1850	44	0.0	939819	1362	3452.19178597	1.85
1575961179.81	1850	48	0.0	917428	973	5023.70331689	1.85
1575961181.12	1850	52	0.0	946851	1133	5253.29440393	1.85
1575961186.34	4300	56	0.0	2275376	5074	5834.11085348	1.8499999999999996
