1575961807.86	750	4	3.355	2354772	3122	6034.00896861	-14.4265
1575961810.94	4300	8	0.0	2123065	2936	5909.46361237	0.75
1575961813.55	4300	12	0.0	2177073	2433	6325.80270418	4.3
1575961816.41	4300	16.0	0.0	2160877	2718	6334.40132909	4.3
1575961819.1	4300	20	0.0	2233056	2560	6570.47408694	4.3
1575961821.24	4300	24	0.0	1941625	2011	7055.24899829	4.3
1575961834.93	4300	28	0.0	2157535	13513	5584.95609078	4.3
1575961836.76	1850	32	0.0	1060487	1571	5344.98572044	-0.6000000000000001
1575961838.06	1850	36	0.0	852833	1133	5105.85290932	1.85
1575961843.89	1850	40	0.0	913888	5677	3496.81003337	1.85
1575961845.19	1850	44	0.0	939819	1162	4795.07135921	1.85
1575961846.23	1850	48	0.0	917428	900	5483.72131748	1.85
1575961848.22	2850	52	0.0	1422919	1749	5605.40205599	1.85
1575961853.38	4300	56	0.0	2275376	5013	6191.23060217	2.8499999999999996
