1575961557.97	750	4	3.244	2354772	3122	6034.00896861	-13.9492
1575961561.02	4300	8	0.0	2123065	2914	5931.30098396	0.75
1575961563.6	4300	12	0.0	2177073	2414	6359.14183245	4.3
1575961566.5	4300	16.0	0.0	2160877	2745	6343.7658461	4.3
1575961569.19	4300	20	0.0	2233056	2549	6587.36717398	4.3
1575961571.36	4300	24	0.0	1941625	1996	7075.73495621	4.3
1575961584.92	4300	28	0.0	2157535	13409	5593.83308609	4.3
1575961586.75	1850	32	0.0	1060487	1592	5351.69371482	-0.6000000000000001
1575961588.06	1850	36	0.0	852833	1138	5098.41791281	1.85
1575961593.96	1850	40	0.0	913888	5699	3473.62060333	1.85
1575961595.21	1850	44	0.0	939819	1107	4849.77323067	1.85
1575961596.26	1850	48	0.0	917428	909	5536.04658451	1.85
1575961598.21	2850	52	0.0	1422919	1722	5689.85412428	1.85
1575961603.39	4300	56	0.0	2275376	5010	6277.46913423	2.8499999999999996
