1575961726.28	750	4	4.922	2354772	4784	3937.7458194	-21.1646
1575961728.71	2850	8	0.0	1431809	2174	4603.29609277	0.75
1575961731.93	4300	12	0.0	2177073	3079	4954.38793323	2.8499999999999996
1575961734.96	4300	16.0	0.0	2160877	2893	5209.65683309	4.3
1575961737.76	4300	20	0.0	2233056	2664	5901.68884671	4.3
1575961751.67	4300	24	0.0	1941625	13773	4866.42381729	4.3
1575961753.24	1850	28	0.0	905515	1284	4862.74041531	-0.6000000000000001
1575961754.99	1850	32	0.0	1060487	1600	4694.48328214	1.85
1575961760.89	1850	36	0.0	852833	5753	3314.49769217	1.85
1575961762.09	1850	40	0.0	913888	1065	4748.7727263	1.85
1575961763.25	1850	44	0.0	939819	1007	5204.88522077	1.85
1575961765.42	2850	48	0.0	1519951	2039	5370.15533296	1.85
1575961769.31	2850	52	0.0	1422919	3739	5834.79521456	2.85
1575961771.45	2850	56	0.0	1578343	1966	5724.21247894	2.85
