1575961391.25	750	4	3.361	2354772	3127	6024.36072913	-14.4523
1575961394.31	4300	8	0.0	2123065	2911	5929.48026151	0.75
1575961396.87	4300	12	0.0	2177073	2425	6347.01900595	4.3
1575961399.74	4300	16.0	0.0	2160877	2727	6345.06586796	4.3
1575961402.48	4300	20	0.0	2233056	2579	6570.69805869	4.3
1575961404.62	4300	24	0.0	1941625	1999	7054.64440837	4.3
1575961418.32	4300	28	0.0	2157535	13537	5577.88145774	4.3
1575961420.13	1850	32	0.0	1060487	1575	5339.73000297	-0.6000000000000001
1575961421.39	1850	36	0.0	852833	1132	5114.77971477	1.85
1575961427.28	1850	40	0.0	913888	5698	3492.95842539	1.85
1575961428.58	1850	44	0.0	939819	1157	4798.77633615	1.85
1575961429.62	1850	48	0.0	917428	902	5486.33460314	1.85
1575961431.59	2850	52	0.0	1422919	1737	5617.92636404	1.85
1575961436.77	4300	56	0.0	2275376	5019	6203.85627657	2.8499999999999996
