1575961891.18	750	4	3.266	2354772	3120	6037.87692308	-14.0438
1575961894.23	4300	8	0.0	2123065	2918	5929.24003796	0.75
1575961896.8	4300	12	0.0	2177073	2411	6360.76032947	4.3
1575961899.71	4300	16.0	0.0	2160877	2745	6344.97971887	4.3
1575961902.4	4300	20	0.0	2233056	2550	6586.92695869	4.3
1575961904.53	4300	24	0.0	1941625	1999	7074.37246863	4.3
1575961917.97	4300	28	0.0	2157535	13307	5592.69292511	4.3
1575961919.81	1850	32	0.0	1060487	1556	5381.37728367	-0.6000000000000001
1575961921.11	1850	36	0.0	852833	1134	5134.07545153	1.85
1575961927.01	1850	40	0.0	913888	5769	3508.30633314	1.85
1575961928.25	1850	44	0.0	939819	1101	4891.2454578	1.85
1575961929.33	1850	48	0.0	917428	942	5475.98177609	1.85
1575961930.52	1850	52	0.0	946851	1060	5758.37845839	1.85
1575961934.69	4300	56	0.0	2275376	4033	6569.93015293	1.8499999999999996
