1575961641.23	750	4	3.353	2354772	3122	6034.00896861	-14.4179
1575961644.31	4300	8	0.0	2123065	2937	5908.4787778	0.75
1575961646.92	4300	12	0.0	2177073	2432	6326.12729924	4.3
1575961649.79	4300	16.0	0.0	2160877	2719	6334.05998344	4.3
1575961652.48	4300	20	0.0	2233056	2547	6579.0371288	4.3
1575961654.62	4300	24	0.0	1941625	2010	7065.26515618	4.3
1575961668.31	4300	28	0.0	2157535	13518	5594.1182732	4.3
1575961670.13	1850	32	0.0	1060487	1570	5355.59261769	-0.6000000000000001
1575961671.43	1850	36	0.0	852833	1131	5110.21756263	1.85
1575961677.27	1850	40	0.0	913888	5673	3500.44100122	1.85
1575961678.56	1850	44	0.0	939819	1161	4800.21371082	1.85
1575961679.61	1850	48	0.0	917428	900	5488.00374621	1.85
1575961681.59	2850	52	0.0	1422919	1748	5607.9531895	1.85
1575961686.74	4300	56	0.0	2275376	5010	6194.09830931	2.8499999999999996
