1575961224.65	750	4	3.357	2354772	3127	6024.36072913	-14.435099999999998
1575961227.73	4300	8	0.0	2123065	2938	5902.67049391	0.75
1575961230.32	4300	12	0.0	2177073	2413	6341.05149932	4.3
1575961233.23	4300	16.0	0.0	2160877	2745	6330.19809626	4.3
1575961235.92	4300	20	0.0	2233056	2550	6575.52438456	4.3
1575961238.09	4300	24	0.0	1941625	1996	7075.79535196	4.3
1575961251.82	4300	28	0.0	2157535	13584	5589.00024886	4.3
1575961253.6	1850	32	0.0	1060487	1542	5390.0602972	-0.6000000000000001
1575961254.86	1850	36	0.0	852833	1123	5157.4915559	1.85
1575961260.69	1850	40	0.0	913888	5674	3534.10735324	1.85
1575961261.99	1850	44	0.0	939819	1162	4834.03771907	1.85
1575961263.02	1850	48	0.0	917428	898	5501.83768672	1.85
1575961264.99	2850	52	0.0	1422919	1737	5621.35380313	1.85
1575961270.16	4300	56	0.0	2275376	5009	6207.73704661	2.8499999999999996
