1575961474.63	750	4	3.27	2354772	3124	6030.14596671	-14.061
1575961477.69	4300	8	0.0	2123065	2921	5922.38554755	0.75
1575961480.25	4300	12	0.0	2177073	2413	6354.19486841	4.3
1575961483.16	4300	16.0	0.0	2160877	2745	6340.05562308	4.3
1575961485.85	4300	20	0.0	2233056	2550	6583.93560199	4.3
1575961488.02	4300	24	0.0	1941625	1997	7074.82113261	4.3
1575961501.56	4300	28	0.0	2157535	13400	5592.38790433	4.3
1575961503.36	1850	32	0.0	1060487	1570	5368.91728606	-0.6000000000000001
1575961504.62	1850	36	0.0	852833	1136	5118.96736477	1.85
1575961510.54	1850	40	0.0	913888	5770	3491.19782242	1.85
1575961511.82	1850	44	0.0	939819	1131	4831.10340261	1.85
1575961512.88	1850	48	0.0	917428	933	5446.78405607	1.85
1575961514.12	1850	52	0.0	946851	1106	5657.52546337	1.85
1575961518.66	4300	56	0.0	2275376	4388	6377.84343914	1.8499999999999996
