1576998830.31	750	3.999542	4.507	181801	3543	410.501834603	-19.3801
1576998832.58	300	5.727246	0.0	155580	1573	600.877109292	-0.15000000000000002
1576998834.38	300	7.929079	0.0	139857	1644	627.441187216	0.3
1576998836.37	300	9.937742	0.0	155432	1670	656.726998197	0.3
1576998840.33	750	9.983072	0.0	411561	3474	791.03936338	0.3
1576998843.14	750	11.167363	0.0	318564	2648	833.83351814	0.75
1576998846.62	750	11.687239	0.0	352642	3348	874.349485839	0.75
1576998848.58	300	13.734049	0.0	173849	1818	879.456403357	-0.15000000000000002
1576998850.18	300	16.129245	0.0	150710	1454	849.822568518	0.3
1576998851.54	300	18.773941	0.0	139105	1204	840.286746335	0.3
1576998852.89	300	21.418399	0.0	141840	1230	860.262589211	0.3
1576998854.36	300	23.950567	0.0	156148	1342	901.71895288	0.3
1576998858.6	750	23.707098	0.0	386351	4104	882.69517831	0.3
1576998865.59	1200	20.716768	0.0	687371	6742	855.530898952	0.75
1576998866.96	300	23.352519	0.0	140051	1233	852.067879942	-0.6000000000000001
1576998870.21	750	24.095532	0.0	366214	3122	853.960669062	0.3
1576998875.9	1200	22.406788	0.0	617242	5562	887.630113033	0.75
1576998879.72	750	22.59333	0.0	372963	3658	887.63931155	0.3
1576998883.83	750	22.474644	0.0	405596	3967	864.953185479	0.75
1576998888.65	750	21.658416	0.0	350713	4691	779.876908048	0.75
1576998892.48	750	21.825661	0.0	386472	3668	768.653531004	0.75
1576998896.46	750	21.852304	0.0	399894	3834	773.341252131	0.75
1576998900.7	750	21.604995	0.0	401853	4107	764.547996671	0.75
1576998904.04	750	22.264548	0.0	343800	3209	829.294455	0.75
1576998907.18	750	23.128319	0.0	359903	3005	858.104280137	0.75
1576998910.53	750	23.782271	0.0	379700	3214	885.778991615	0.75
1576998917.59	1200	20.721691	0.0	696376	6929	891.090565198	0.75
1576998918.99	300	23.317281	0.0	111155	1272	851.590218786	-0.6000000000000001
1576998922.93	750	23.374714	0.0	400396	3774	824.240651778	0.3
1576998927.49	750	22.82239	0.0	400508	4420	769.187210808	0.75
1576998931.27	750	23.039527	0.0	358218	3640	765.006968349	0.75
1576998934.81	750	23.501948	0.0	400322	3404	825.441771281	0.75
1576998936.47	300	25.841786	0.0	143881	1523	802.199420901	-0.15000000000000002
1576998940.81	750	25.495998	0.0	412837	4206	817.282688287	0.3
1576998944.64	750	25.672922	0.0	401088	3689	837.910411039	0.75
1576998951.06	1200	23.2457	0.0	598727	6273	793.593759723	0.75
1576998954.52	750	23.788027	0.0	321064	3325	797.77077363	0.3
1576998955.68	300	26.625553	0.0	124011	1032	841.793562227	-0.15000000000000002
1576998960.87	1200	25.43917	0.0	605884	5039	864.820635146	0.29999999999999993
1576998966.38	1200	23.927697	0.0	587506	5382	892.253027621	1.2
1576998970.56	750	23.748978	0.0	345516	4034	870.433758178	0.3
1576998974.41	750	23.897207	0.0	384505	3724	836.603436943	0.75
1576998978.14	750	24.172579	0.0	372093	3598	802.958805038	0.75
1576998982.35	750	23.954215	0.0	438281	4091	798.902198013	0.75
1576998988.98	1200	21.330212	0.0	630203	6490	821.807660443	0.75
1576999003.41	1850	10.894701	0.0	982064	14213	753.498945437	1.2000000000000002
1576999012.98	1850	5.327709	0.0	830730	9438	722.705119878	1.85
1576999016.53	750	5.776884	0.0	314107	3434	691.378599469	-0.3500000000000001
1576999019.06	750	4.926475	0.0	255954	2407	709.84590227	0.75

