1576998153.92	750	3.999767	4.619	181801	3667	396.620670848	-19.8617
1576998156.12	300	5.796959	0.0	155580	1517	608.541053947	-0.15000000000000002
1576998157.92	300	7.999433	0.0	139857	1658	630.634928607	0.3
1576998159.91	300	10.013804	0.0	155432	1694	656.485051237	0.3
1576998163.88	750	10.035572	0.0	411561	3473	794.33593017	0.3
1576998166.66	750	11.255752	0.0	318564	2648	829.827821664	0.75
1576998168.06	300	13.860351	0.0	153295	1264	903.677531929	-0.15000000000000002
1576998170.01	300	15.906528	0.0	173849	1818	911.42170245	0.3
1576998171.72	300	18.195355	0.0	150710	1575	865.793433582	0.3
1576998173.28	300	20.641594	0.0	139105	1416	821.662171528	0.3
1576998174.64	300	23.275587	0.0	141840	1228	810.116563768	0.3
1576998176.14	300	25.781507	0.0	156148	1343	851.399651645	0.3
1576998179.99	750	25.932566	0.0	386351	3710	868.297345565	0.3
1576998187.27	1200	22.647202	0.0	687371	7053	866.737279167	0.75
1576998190.35	750	23.573485	0.0	337059	2943	864.785611156	0.3
1576998193.6	750	24.32274	0.0	366214	3116	867.303413252	0.75
1576998199.29	1200	22.632679	0.0	617242	5548	881.537674791	0.75
1576998203.09	750	22.831167	0.0	372963	3660	890.426670522	0.3
1576998207.19	750	22.725144	0.0	405596	3967	865.853567806	0.75
1576998211.94	750	21.975953	0.0	350713	4610	782.952797867	0.75
1576998213.84	300	24.076555	0.0	157671	1756	740.022791281	-0.15000000000000002
1576998215.35	300	26.565937	0.0	157812	1371	766.432315261	0.3
1576998216.93	300	28.994693	0.0	163927	1422	792.505682496	0.3
1576998222.58	1200	27.33679	0.0	536667	5519	834.832334224	0.29999999999999993
1576998226.04	750	27.883114	0.0	359903	3314	872.454176674	0.3
1576998231.22	1200	26.70194	0.0	590335	5037	876.639178774	0.75
1576998241.86	1850	20.06238	0.0	1076599	10388	853.358245782	1.2000000000000002
1576998249.57	1850	16.346114	0.0	758197	7582	858.877657369	1.85
1576998259.21	1850	10.705805	0.0	972798	9497	846.540361196	1.85
1576998268.95	1850	4.973456	0.0	975811	9594	815.562013602	1.85
1576998273.0	750	4.920879	0.0	358218	3900	791.986116561	-0.3500000000000001
1576998277.19	750	4.724596	0.0	400322	4061	789.141303378	0.75
1576998280.64	750	5.278759	0.0	369834	3313	807.539330479	0.75
1576998282.15	300	7.772505	0.0	163444	1373	842.201263822	-0.15000000000000002
1576998283.76	300	10.162584	0.0	179328	1475	901.65633553	0.3
1576998285.18	300	12.743413	0.0	159914	1290	952.430622232	0.3
1576998286.38	300	15.537058	0.0	131610	1054	978.902667553	0.3
1576998287.52	300	18.397956	0.0	124011	997	989.587942606	0.3
1576998292.14	750	17.78057	0.0	378327	4488	915.026252222	0.3
1576998293.92	300	20.001708	0.0	149991	1634	850.685085352	-0.15000000000000002
1576998297.4	750	20.515407	0.0	345516	3345	807.537287086	0.3
1576998301.24	750	20.675867	0.0	384505	3713	765.881828926	0.75
1576998304.89	750	21.027497	0.0	372093	3508	809.426589869	0.75
1576998309.24	750	20.677119	0.0	438281	4217	833.702958848	0.75
1576998313.96	750	19.962596	0.0	398987	4573	801.613240977	0.75
1576998327.83	1850	10.091455	0.0	982064	13742	737.429225543	0.75
1576998337.87	1850	4.498329	0.446	830730	9909	692.961358316	-0.06779999999999986
1576998340.99	750	5.37713	0.0	314107	3003	694.292945233	-0.3500000000000001
1576998343.59	750	4.45698	0.0	255954	2489	725.464255834	0.75

