1576997928.26	750	3.999669	4.465	181801	3544	410.386004515	-19.1995
1576997930.42	300	5.841192	0.0	155580	1502	619.520565506	-0.15000000000000002
1576997932.22	300	8.042645	0.0	139857	1671	636.204613988	0.3
1576997934.3	300	9.956504	0.0	155432	1777	652.090995663	0.3
1576997938.31	750	9.952235	0.0	411561	3463	787.184936347	0.3
1576997941.09	750	11.17257	0.0	318564	2648	820.628405478	0.75
1576997942.48	300	13.77639	0.0	153295	1265	895.598864104	-0.15000000000000002
1576997944.43	300	15.83006	0.0	173849	1818	911.914354235	0.3
1576997946.14	300	18.117756	0.0	150710	1576	865.480257599	0.3
1576997947.71	300	20.551218	0.0	139105	1431	819.289498807	0.3
1576997949.06	300	23.194781	0.0	141840	1230	807.560008785	0.3
1576997950.54	300	25.715573	0.0	156148	1341	849.189906674	0.3
1576997954.35	750	25.904812	0.0	386351	3683	867.73589655	0.3
1576997961.65	1200	22.609795	0.0	687371	7061	868.014490268	0.75
1576997964.75	750	23.50374	0.0	337059	2962	864.969135284	0.3
1576997968.0	750	24.257072	0.0	366214	3112	867.442253223	0.75
1576997973.69	1200	22.566058	0.0	617242	5551	880.029397543	0.75
1576997977.49	750	22.76436	0.0	372963	3660	889.139229894	0.3
1576997981.59	750	22.668407	0.0	405596	3967	866.035439797	0.75
1576997986.29	750	21.972288	0.0	350713	4556	784.635939492	0.75
1576997988.25	300	24.009596	0.0	157671	1819	735.606548079	-0.15000000000000002
1576997989.76	300	26.498867	0.0	157812	1371	762.016072059	0.3
1576997991.32	300	28.94037	0.0	163927	1421	788.251690081	0.3
1576997996.95	1200	27.30933	0.0	536667	5491	829.766648072	0.29999999999999993
1576998000.42	750	27.832973	0.0	359903	3336	872.175744764	0.3
1576998005.6	1200	26.654595	0.0	590335	5046	875.942674134	0.75
1576998016.15	1850	20.113017	0.0	1076599	10313	854.006889526	1.2000000000000002
1576998023.85	1850	16.410404	0.0	758197	7570	858.851639059	1.85
1576998033.52	1850	10.737184	0.0	972798	9530	847.237333735	1.85
1576998043.26	1850	5.003195	0.0	975811	9596	816.63466181	1.85
1576998047.17	750	5.090016	0.0	358218	3778	797.483495743	-0.3500000000000001
1576998051.39	750	4.865464	0.0	400322	4087	793.067418669	0.75
1576998054.89	750	5.366754	0.0	369834	3352	809.577217145	0.75
1576998056.4	300	7.85976	0.0	163444	1361	846.380736643	-0.15000000000000002
1576998058.02	300	10.24087	0.0	179328	1485	898.266259955	0.3
1576998059.44	300	12.823093	0.0	159914	1289	950.48711273	0.3
1576998060.64	300	15.614941	0.0	131610	1055	979.320065257	0.3
1576998061.78	300	18.47721	0.0	124011	997	987.906151215	0.3
1576998066.27	750	17.991838	0.0	378327	4356	920.090816045	0.3
1576998068.13	300	20.128945	0.0	149991	1720	846.377931531	-0.15000000000000002
1576998071.61	750	20.643812	0.0	345516	3345	803.466848284	0.3
1576998075.46	750	20.801368	0.0	384505	3714	761.755624683	0.75
1576998079.12	750	21.141837	0.0	372093	3520	799.468245207	0.75
1576998083.43	750	20.826292	0.0	438281	4168	835.367687246	0.75
1576998088.04	750	20.218569	0.0	398987	4466	807.458703976	0.75
1576998102.09	1850	10.170177	0.0	982064	13899	741.715961823	0.75
1576998112.25	1850	4.498105	0.495	830730	10049	695.635338864	-0.27849999999999975
1576998115.41	750	5.340832	0.0	314107	3040	691.977099396	-0.3500000000000001
1576998118.0	750	4.434455	0.0	255954	2476	720.047516194	0.75

