1576998604.84	750	3.999556	4.507	181801	3542	410.617730096	-19.3801
1576998606.98	300	5.854784	0.0	155580	1529	612.319983426	-0.15000000000000002
1576998608.82	300	8.01378	0.0	139857	1587	643.217733122	0.3
1576998610.76	300	10.071139	0.0	155432	1634	672.660545864	0.3
1576998614.88	750	9.958059	0.0	411561	3584	799.671849947	0.3
1576998617.66	750	11.178531	0.0	318564	2647	836.864439605	0.75
1576998619.05	300	13.782704	0.0	153295	1264	903.166511224	-0.15000000000000002
1576998621.01	300	15.826134	0.0	173849	1818	904.172290504	0.3
1576998622.72	300	18.114832	0.0	150710	1575	865.884331675	0.3
1576998624.28	300	20.55475	0.0	139105	1423	820.695669826	0.3
1576998625.64	300	23.199324	0.0	141840	1229	808.962096426	0.3
1576998627.1	300	25.731205	0.0	156148	1342	850.418460095	0.3
1576998630.94	750	25.898152	0.0	386351	3694	868.218267591	0.3
1576998638.23	1200	22.607084	0.0	687371	7060	867.431443481	0.75
1576998641.33	750	23.509287	0.0	337059	2954	864.8147827	0.3
1576998644.58	750	24.259883	0.0	366214	3114	867.31027491	0.75
1576998650.26	1200	22.578299	0.0	617242	5542	880.883321178	0.75
1576998654.06	750	22.777051	0.0	372963	3660	889.965576321	0.3
1576998658.15	750	22.681327	0.0	405596	3967	866.245432016	0.75
1576998662.86	750	21.973205	0.0	350713	4571	784.491874396	0.75
1576998664.81	300	24.025536	0.0	157671	1804	736.542794961	-0.15000000000000002
1576998666.32	300	26.516532	0.0	157812	1371	762.952318942	0.3
1576998667.87	300	28.96956	0.0	163927	1421	789.187936963	0.3
1576998673.52	1200	27.319853	0.0	536667	5510	830.534072567	0.29999999999999993
1576998676.99	750	27.849102	0.0	359903	3330	871.890478418	0.3
1576998682.16	1200	26.672338	0.0	590335	5046	875.657407789	0.75
1576998692.71	1850	20.121145	0.0	1076599	10323	853.519371089	1.2000000000000002
1576998700.42	1850	16.416245	0.0	758197	7571	859.011701912	1.85
1576998710.09	1850	10.749028	0.0	972798	9524	847.137238284	1.85
1576998719.9	1850	4.937731	0.0	975811	9672	814.936470706	1.85
1576998723.81	750	5.024367	0.0	358218	3778	795.987556731	-0.3500000000000001
1576998728.03	750	4.803629	0.0	400322	4083	791.789855893	0.75
1576998731.51	750	5.322987	0.0	369834	3349	808.368708532	0.75
1576998733.02	300	7.816576	0.0	163444	1373	844.671134589	-0.15000000000000002
1576998734.63	300	10.200829	0.0	179328	1481	897.20897172	0.3
1576998736.05	300	12.782757	0.0	159914	1289	949.23790662	0.3
1576998737.24	300	15.597074	0.0	131610	1056	977.636923287	0.3
1576998738.36	300	18.472208	0.0	124011	996	988.571965715	0.3
1576998742.87	750	17.962471	0.0	378327	4380	919.15251477	0.3
1576998744.72	300	20.114908	0.0	149991	1703	847.180639281	-0.15000000000000002
1576998748.21	750	20.628714	0.0	345516	3345	804.50582273	0.3
1576998752.06	750	20.773264	0.0	384505	3715	762.489096336	0.75
1576998755.72	750	21.116209	0.0	372093	3517	801.333857009	0.75
1576998760.03	750	20.804497	0.0	438281	4178	834.98892099	0.75
1576998764.66	750	20.174326	0.0	398987	4488	806.204067309	0.75
1576998778.69	1850	10.145876	0.0	982064	13857	740.945378555	0.75
1576998788.99	1850	4.497741	0.651	830730	10169	692.733360019	-0.9492999999999996
1576998792.08	750	5.400563	0.0	314107	2979	693.809979971	-0.3500000000000001
1576998794.69	750	4.471102	0.0	255954	2499	720.853424622	0.75

