1576997477.83	750	3.999479	4.81	181801	3630	400.663360882	-20.683
1576997479.68	300	6.148304	0.0	155580	1573	595.957872431	-0.15000000000000002
1576997481.7	300	8.130028	0.0	139857	1779	606.946619844	0.3
1576997483.86	300	9.967847	0.0	155432	1793	628.58642891	0.3
1576997487.57	750	10.265151	0.0	411561	3469	765.699919909	0.3
1576997490.36	750	11.473766	0.0	318564	2646	808.67593956	0.75
1576997491.81	300	14.0255	0.0	153295	1315	884.593199866	-0.15000000000000002
1576997493.76	300	16.071042	0.0	173849	1818	902.469761142	0.3
1576997495.47	300	18.358381	0.0	150710	1576	856.4467751	0.3
1576997496.98	300	20.851493	0.0	139105	1371	818.58253181	0.3
1576997498.35	300	23.483097	0.0	141840	1229	816.256049183	0.3
1576997499.83	300	26.002787	0.0	156148	1341	857.885947072	0.3
1576997506.38	1200	23.451988	0.0	624282	6311	864.468930051	0.29999999999999993
1576997510.86	750	22.967682	0.0	434409	4345	861.502170469	0.3
1576997513.93	750	23.89633	0.0	337059	2926	861.069290985	0.75
1576997517.19	750	24.642384	0.0	366214	3121	862.863714797	0.75
1576997522.89	1200	22.940796	0.0	617242	5562	886.974045036	0.75
1576997526.68	750	23.154859	0.0	372963	3658	890.932279994	0.3
1576997530.8	750	23.034882	0.0	405596	3982	864.258069354	0.75
1576997535.6	750	22.232732	0.0	350713	4664	779.972231784	0.75
1576997537.43	300	24.396564	0.0	157671	1693	744.284829738	-0.15000000000000002
1576997538.94	300	26.887853	0.0	157812	1371	770.58292402	0.3
1576997540.5	300	29.327708	0.0	163927	1422	797.426576292	0.3
1576997549.42	1850	24.407402	0.0	874175	8679	848.481085985	0.30000000000000004
1576997557.22	1850	20.611194	0.0	897976	7652	896.922436535	1.85
1576997566.63	1850	15.197178	0.0	905935	9260	862.374301217	1.85
1576997577.84	1850	7.994375	0.0	1076599	11066	826.393738614	1.85
1576997585.06	1850	4.773351	0.0	758197	7091	838.795413748	1.85
1576997589.12	750	4.712815	0.0	400396	3922	808.271307103	-0.3500000000000001
1576997593.14	750	4.691493	0.0	400508	3876	819.265475123	0.75
1576997597.05	750	4.78166	0.0	358218	3773	814.572641402	0.75
1576997601.25	750	4.585939	0.0	400322	4061	797.879342611	0.75
1576997604.61	750	5.22485	0.0	369834	3228	822.841106297	0.75
1576997606.11	300	7.720179	0.0	163444	1372	854.437191347	-0.15000000000000002
1576997607.71	300	10.126233	0.0	179328	1459	910.375385729	0.3
1576997609.13	300	12.695724	0.0	159914	1290	961.14967243	0.3
1576997610.33	300	15.500611	0.0	131610	1055	981.506038821	0.3
1576997611.46	300	18.374962	0.0	124011	996	992.267551344	0.3
1576997616.32	750	17.513033	0.0	378327	4719	906.786406406	0.3
1576997620.28	750	17.55488	0.0	390680	3815	863.670306149	0.75
1576997623.76	750	18.07433	0.0	345516	3340	821.068484201	0.75
1576997625.44	300	20.386324	0.0	161857	1548	781.167982971	-0.15000000000000002
1576997626.95	300	22.879379	0.0	145210	1380	831.275236718	0.3
1576997628.67	300	25.156569	0.0	172312	1588	843.480287047	0.3
1576997639.52	1850	18.307013	0.0	958994	10713	815.618176041	0.30000000000000004
1576997652.81	1850	9.024577	0.0	982064	13134	756.04590725	1.85
1576997662.76	1850	4.497686	1.424	830730	9825	714.701975399	-4.273199999999999
1576997665.85	750	5.407203	0.0	314107	2968	709.346742079	-0.3500000000000001
1576997668.76	750	4.171001	0.0	255954	2808	712.616463506	0.75

