1576999281.48	750	3.999858	4.616	181801	3637	399.892218862	-19.8488
1576999283.63	300	5.852885	0.0	155580	1503	613.998005638	-0.15000000000000002
1576999285.33	300	8.154463	0.0	139857	1558	648.710694388	0.3
1576999287.31	300	10.168695	0.0	155432	1696	669.825473621	0.3
1576999291.35	750	10.129008	0.0	411561	3474	806.79024274	0.3
1576999292.54	300	12.939177	0.0	126289	1048	840.773836621	-0.15000000000000002
1576999293.94	300	15.54303	0.0	153295	1263	903.987245411	0.3
1576999295.51	300	17.966515	0.0	173849	1443	961.649747536	0.3
1576999297.22	300	20.263501	0.0	150710	1576	915.968268879	0.3
1576999298.81	300	22.674003	0.0	139105	1454	866.299854817	0.3
1576999302.3	750	23.180155	0.0	353220	3342	834.934833801	0.3
1576999306.01	750	23.468757	0.0	405134	3586	819.933029989	0.75
1576999310.27	750	23.209117	0.0	386351	4120	816.225713938	0.75
1576999312.22	300	25.264766	0.0	179801	1806	823.999757665	-0.15000000000000002
1576999315.69	750	25.790458	0.0	337059	3344	814.207662924	0.3
1576999318.91	750	26.569241	0.0	366214	3087	825.516578513	0.75
1576999324.5	1200	24.9761	0.0	617242	5360	868.281728491	0.75
1576999328.21	750	25.265379	0.0	372963	3559	878.755205337	0.3
1576999334.62	1200	22.862744	0.0	639204	6274	880.927725063	0.75
1576999339.35	750	22.127583	0.0	350713	4584	796.681801438	0.3
1576999341.3	300	24.18442	0.0	157671	1779	743.625632451	-0.15000000000000002
1576999342.79	300	26.686549	0.0	157812	1371	764.251425968	0.3
1576999344.34	300	29.139914	0.0	163927	1421	791.20921452	0.3
1576999349.97	1200	27.514296	0.0	536667	5498	833.415697823	0.29999999999999993
1576999353.45	750	28.031234	0.0	359903	3328	872.445548282	0.3
1576999361.4	1850	24.079599	0.0	905935	7728	876.686334012	0.75
1576999372.38	1850	17.100895	0.0	1076599	10835	844.691879935	1.85
1576999380.75	1850	12.72854	0.0	758197	8240	833.497651584	1.85
1576999389.98	1850	7.49638	0.0	972798	9098	831.058548976	1.85
1576999391.59	300	9.891341	0.0	149029	1438	803.875922067	-1.25
1576999393.16	300	12.322227	0.0	157421	1436	824.399060483	0.3
1576999394.73	300	14.753726	0.0	157488	1436	859.713280809	0.3
1576999396.27	300	17.212573	0.0	143881	1408	850.240943295	0.3
1576999398.12	300	19.362071	0.0	163444	1713	833.796129967	0.3
1576999400.14	300	21.342551	0.0	179328	1882	805.118558546	0.3
1576999401.92	300	23.560973	0.0	159914	1644	780.318519237	0.3
1576999403.38	300	26.104069	0.0	131610	1325	774.598702556	0.3
1576999406.95	750	26.526325	0.0	361565	3445	793.678026805	0.3
1576999410.28	750	27.196442	0.0	378327	3184	840.748882545	0.75
1576999415.2	1200	26.28079	0.0	587506	4757	893.213240615	0.75
1576999421.9	1200	23.578477	0.0	566904	6573	867.051388096	1.2
1576999425.77	750	23.7048	0.0	384505	3734	863.092321332	0.3
1576999429.49	750	23.991191	0.0	372093	3587	832.917254998	0.75
1576999433.69	750	23.7897	0.0	438281	4075	801.017557117	0.75
1576999445.13	1850	16.345724	0.0	958994	11310	798.106183404	0.75
1576999452.33	750	13.144972	0.0	393804	7053	703.828066102	-0.3500000000000001
1576999455.47	750	14.007544	0.0	331053	3008	716.475571092	0.75
1576999465.76	1850	7.72171	0.0	846370	10146	668.206494651	0.75
1576999471.77	1850	3.390703	0.0	598850	5900	701.623117109	1.85

