1576997702.77	750	3.999604	4.507	181801	3558	408.771219786	-19.3801
1576997705.02	300	5.75543	0.0	155580	1558	603.820783192	-0.15000000000000002
1576997706.74	300	8.028192	0.0	139857	1587	637.551599633	0.3
1576997708.68	300	10.091924	0.0	155432	1627	669.229464937	0.3
1576997712.76	750	10.014138	0.0	411561	3512	801.410805776	0.3
1576997713.95	300	12.823278	0.0	126289	1047	842.932951696	-0.15000000000000002
1576997715.35	300	15.427551	0.0	153295	1263	909.427070329	0.3
1576997716.92	300	17.850064	0.0	173849	1445	958.982758404	0.3
1576997718.63	300	20.146893	0.0	150710	1571	916.473666724	0.3
1576997720.22	300	22.556284	0.0	139105	1453	866.70674902	0.3
1576997723.72	750	23.057519	0.0	353220	3361	834.146766472	0.3
1576997727.42	750	23.35174	0.0	405134	3567	820.68202751	0.75
1576997731.68	750	23.092927	0.0	386351	4120	816.366002531	0.75
1576997733.63	300	25.142832	0.0	179801	1812	823.349037555	-0.15000000000000002
1576997737.14	750	25.628158	0.0	337059	3369	813.255983368	0.3
1576997740.37	750	26.406736	0.0	366214	3086	823.43821914	0.75
1576997745.97	1200	24.803554	0.0	617242	5358	866.289339323	0.75
1576997749.66	750	25.112228	0.0	372963	3552	877.835178623	0.3
1576997756.07	1200	22.708265	0.0	639204	6276	881.438685345	0.75
1576997760.75	750	22.026081	0.0	350713	4544	798.462851445	0.3
1576997762.74	300	24.03517	0.0	157671	1848	738.702312526	-0.15000000000000002
1576997764.24	300	26.537724	0.0	157812	1370	759.083105088	0.3
1576997765.79	300	28.979074	0.0	163927	1421	786.105827621	0.3
1576997771.44	1200	27.337564	0.0	536667	5490	827.249815249	0.29999999999999993
1576997774.91	750	27.858481	0.0	359903	3339	872.185526812	0.3
1576997780.09	1200	26.680358	0.0	590335	5048	875.69171384	0.75
1576997790.65	1850	20.124871	0.0	1076599	10325	853.513273734	1.2000000000000002
1576997798.39	1850	16.3873	0.0	758197	7588	857.847234748	1.85
1576997808.05	1850	10.721038	0.0	972798	9525	846.53396004	1.85
1576997817.79	1850	4.986497	0.0	975811	9596	816.023990718	1.85
1576997821.72	750	5.056773	0.0	358218	3778	797.115480149	-0.3500000000000001
1576997825.95	750	4.819875	0.0	400322	4085	793.270498541	0.75
1576997829.44	750	5.32993	0.0	369834	3342	810.333406414	0.75
1576997830.95	300	7.823942	0.0	163444	1360	847.313530485	-0.15000000000000002
1576997832.57	300	10.207085	0.0	179328	1483	899.524770846	0.3
1576997833.98	300	12.789685	0.0	159914	1289	951.649711664	0.3
1576997835.18	300	15.594019	0.0	131610	1054	980.059101898	0.3
1576997836.31	300	18.467191	0.0	124011	997	988.468583284	0.3
1576997840.8	750	17.969837	0.0	378327	4368	919.850322667	0.3
1576997842.65	300	20.128257	0.0	149991	1716	846.543983932	-0.15000000000000002
1576997846.13	750	20.642186	0.0	345516	3346	803.334444319	0.3
1576997849.99	750	20.787344	0.0	384505	3714	761.623220718	0.75
1576997853.63	750	21.140443	0.0	372093	3520	799.81304964	0.75
1576997857.95	750	20.823501	0.0	438281	4171	835.154681755	0.75
1576997862.56	750	20.210823	0.0	398987	4470	807.147549395	0.75
1576997876.6	1850	10.169617	0.0	982064	13890	741.496371608	0.75
1576997886.52	1850	4.497811	0.245	830730	9785	699.876521827	0.7965
1576997889.76	750	5.254133	0.0	314107	3108	691.848261025	-0.3500000000000001
1576997892.32	750	4.374918	0.0	255954	2449	722.357945752	0.75

