1576997255.24	750	4	7.831	450283	6824	527.881594373	-33.6733
1576997257.09	300	6.150823	0.0	155580	1529	670.951915564	-0.15000000000000002
1576997258.79	300	8.454985	0.0	139857	1425	709.021978797	0.3
1576997262.73	750	8.518117	0.0	382355	3665	740.418598696	0.3
1576997266.34	750	8.902525	0.0	411561	3473	845.454246748	0.75
1576997267.81	300	11.434313	0.0	126289	1318	833.586016846	-0.15000000000000002
1576997269.53	300	13.707764	0.0	153295	1589	830.240739114	0.3
1576997271.44	300	15.807493	0.0	173849	1748	820.50052383	0.3
1576997272.88	300	18.364018	0.0	150710	1306	814.29080184	0.3
1576997274.21	300	21.034383	0.0	139105	1204	853.724901124	0.3
1576997275.58	300	23.666605	0.0	141840	1230	891.413798882	0.3
1576997279.94	750	23.303922	0.0	405134	4224	884.326710174	0.3
1576997284.01	750	23.233258	0.0	386351	3931	850.096653644	0.75
1576997288.11	750	23.133165	0.0	434409	3973	837.705819082	0.75
1576997291.09	750	24.156042	0.0	337059	2829	845.360113886	0.75
1576997294.44	750	24.805949	0.0	366214	3212	881.56394587	0.75
1576997300.59	1200	22.657075	0.0	617242	5907	893.984303782	0.75
1576997304.35	750	22.897001	0.0	372963	3620	881.36061585	0.3
1576997309.48	750	21.760409	0.0	405596	4998	805.375496033	0.75
1576997311.43	300	23.816661	0.0	140881	1802	733.707563765	-0.15000000000000002
1576997315.0	750	24.244258	0.0	386472	3435	749.741025064	0.3
1576997316.61	300	26.632752	0.0	157812	1475	757.666491868	-0.15000000000000002
1576997318.51	300	28.735626	0.0	163927	1757	781.961918405	0.3
1576997322.14	750	29.098638	0.0	343800	3496	822.28313028	0.3
1576997327.46	1200	27.785249	0.0	587236	5180	823.995089276	0.75
1576997332.58	1200	26.660633	0.0	590335	4992	846.525136266	1.2
1576997339.8	1200	23.444585	0.0	696376	7087	856.448471087	1.2
1576997342.73	750	24.508498	0.0	277716	2787	859.060413261	0.3
1576997346.7	750	24.537999	0.0	400396	3836	841.085405511	0.75
1576997351.57	750	23.6714	0.0	400508	4723	774.171969336	0.75
1576997354.71	750	24.534516	0.0	358218	3002	816.302784717	0.75
1576997356.17	300	27.068981	0.0	157488	1331	853.655051075	-0.15000000000000002
1576997362.33	1200	24.910239	0.0	584349	6019	839.066146735	0.29999999999999993
1576997366.3	750	24.94602	0.0	412837	3816	885.83875633	0.3
1576997373.72	1200	21.525829	0.0	690253	7283	836.737691298	0.75
1576997377.41	750	21.833424	0.0	365161	3559	805.295831431	0.3
1576997378.64	300	24.606475	0.0	131610	1093	851.951118965	-0.15000000000000002
1576997381.78	750	25.465435	0.0	361565	3006	876.141734589	0.3
1576997391.14	1850	20.102213	0.0	908665	9127	885.705711786	0.75
1576997400.3	1850	14.942863	0.0	930577	9018	886.883565563	1.85
1576997408.81	1850	10.430076	0.0	858450	8373	851.112096494	1.85
1576997423.88	1850	4.456142	5.09	1025005	14919	747.959231368	-20.037
1576997427.59	750	4.743332	0.0	372093	3573	757.123857742	-0.3500000000000001
1576997429.57	300	6.756676	0.0	172312	1848	737.226581588	-0.15000000000000002
1576997431.61	300	8.719282	0.0	167025	1899	708.08300171	0.3
1576997433.93	300	10.400282	0.0	160064	2180	717.521364343	0.3
1576997435.93	300	12.398839	0.0	137507	1883	655.291910209	0.3
1576997444.58	1850	7.749818	0.0	846370	8529	667.275815389	0.30000000000000004
1576997450.2	1850	3.80714	0.0	598850	5509	708.775320579	1.85

