1576999055.72	750	3.999757	4.451	181801	3545	410.270239774	-19.1393
1576999058.04	300	5.670533	0.0	155580	1559	604.31408076	-0.15000000000000002
1576999059.74	300	7.971292	0.0	139857	1560	641.947848711	0.3
1576999061.72	300	9.996983	0.0	155432	1664	668.278194226	0.3
1576999065.78	750	9.934287	0.0	411561	3475	802.58027457	0.3
1576999068.56	750	11.153138	0.0	318564	2648	843.598044889	0.75
1576999069.96	300	13.757033	0.0	153295	1264	906.849578482	-0.15000000000000002
1576999071.91	300	15.801908	0.0	173849	1823	910.760740346	0.3
1576999073.62	300	18.090964	0.0	150710	1575	865.268877836	0.3
1576999075.19	300	20.520167	0.0	139105	1433	818.806777115	0.3
1576999076.55	300	23.165288	0.0	141840	1230	806.88554371	0.3
1576999078.02	300	25.696639	0.0	156148	1342	848.866463126	0.3
1576999081.84	750	25.876776	0.0	386351	3681	867.405012433	0.3
1576999089.13	1200	22.579831	0.0	687371	7064	867.872263304	0.75
1576999092.23	750	23.485389	0.0	337059	2966	864.519978055	0.3
1576999095.48	750	24.238881	0.0	366214	3110	867.317984582	0.75
1576999101.15	1200	22.566414	0.0	617242	5532	880.554947446	0.75
1576999104.94	750	22.778366	0.0	372963	3660	889.747464573	0.3
1576999109.06	750	22.652747	0.0	405596	3997	865.41581614	0.75
1576999113.74	750	21.969821	0.0	350713	4544	784.271536839	0.75
1576999115.77	300	23.940933	0.0	157671	1886	728.319731513	-0.15000000000000002
1576999117.28	300	26.432423	0.0	157812	1370	754.897295232	0.3
1576999118.83	300	28.885231	0.0	163927	1420	782.830181164	0.3
1576999124.48	1200	27.234574	0.0	536667	5498	823.689691377	0.29999999999999993
1576999127.95	750	27.764299	0.0	359903	3331	872.581271899	0.3
1576999133.13	1200	26.58835	0.0	590335	5044	876.272937649	0.75
1576999143.68	1850	20.036974	0.0	1076599	10323	853.97242164	1.2000000000000002
1576999151.38	1850	16.332198	0.0	758197	7571	859.039585218	1.85
1576999161.05	1850	10.664304	0.0	972798	9524	847.230014403	1.85
1576999170.88	1850	4.838298	0.0	975811	9673	814.915610517	1.85
1576999174.84	750	4.878058	0.0	358218	3793	795.216761127	-0.3500000000000001
1576999179.07	750	4.645264	0.0	400322	4079	791.211354566	0.75
1576999182.53	750	5.189002	0.0	369834	3324	809.45132594	0.75
1576999184.02	300	7.69507	0.0	163444	1361	847.873801281	-0.15000000000000002
1576999185.63	300	10.080907	0.0	179328	1481	901.161573827	0.3
1576999187.05	300	12.661919	0.0	159914	1290	952.805872571	0.3
1576999188.24	300	15.478294	0.0	131610	1054	980.016752218	0.3
1576999189.36	300	18.351793	0.0	124011	997	988.602838176	0.3
1576999193.89	750	17.823846	0.0	378327	4398	918.4763529	0.3
1576999195.73	300	19.987881	0.0	149991	1691	847.946842817	-0.15000000000000002
1576999199.21	750	20.499701	0.0	345516	3345	804.799044551	0.3
1576999203.05	750	20.660167	0.0	384505	3715	763.032085532	0.75
1576999206.72	750	20.991937	0.0	372093	3515	802.704277017	0.75
1576999211.04	750	20.67347	0.0	438281	4185	834.758390473	0.75
1576999215.71	750	20.00514	0.0	398987	4510	805.106211458	0.75
1576999229.68	1850	10.036493	0.0	982064	13841	740.011375209	0.75
1576999239.77	1850	4.498449	0.557	830730	9978	694.806490379	-0.5450999999999997
1576999242.92	750	5.345935	0.0	314107	3034	692.411214065	-0.3500000000000001
1576999245.51	750	4.436695	0.0	255954	2478	722.057959795	0.75

