1576998379.33	750	3.99964	4.508	181801	3543	410.501834603	-19.3844
1576998381.44	300	5.883408	0.0	155580	1501	619.854514903	-0.15000000000000002
1576998383.23	300	8.098916	0.0	139857	1657	638.312987807	0.3
1576998385.3	300	10.023453	0.0	155432	1766	654.761920923	0.3
1576998389.34	750	9.983784	0.0	411561	3475	789.00610256	0.3
1576998392.13	750	11.192958	0.0	318564	2647	822.402452607	0.75
1576998393.53	300	13.797112	0.0	153295	1263	896.342395965	-0.15000000000000002
1576998395.49	300	15.841056	0.0	173849	1818	911.5682412	0.3
1576998397.21	300	18.11412	0.0	150710	1575	866.07637869	0.3
1576998398.77	300	20.556001	0.0	139105	1422	821.025205932	0.3
1576998400.15	300	23.176238	0.0	141840	1230	808.911925512	0.3
1576998401.62	300	25.708405	0.0	156148	1342	850.368289181	0.3
1576998405.46	750	25.867688	0.0	386351	3702	867.716065158	0.3
1576998412.75	1200	22.578888	0.0	687371	7041	867.317207233	0.75
1576998415.83	750	23.498625	0.0	337059	2951	865.120200844	0.3
1576998419.09	750	24.236364	0.0	366214	3116	867.464727148	0.75
1576998424.77	1200	22.551884	0.0	617242	5544	881.409447564	0.75
1576998428.56	750	22.763358	0.0	372963	3660	889.966247432	0.3
1576998432.67	750	22.654672	0.0	405596	3968	865.962575221	0.75
1576998437.4	750	21.925361	0.0	350713	4591	783.691495928	0.75
1576998439.32	300	24.003318	0.0	157671	1780	738.179648724	-0.15000000000000002
1576998440.83	300	26.492199	0.0	157812	1371	764.589172705	0.3
1576998442.39	300	28.933593	0.0	163927	1421	790.876324245	0.3
1576998448.04	1200	27.287148	0.0	536667	5507	832.997065527	0.29999999999999993
1576998451.5	750	27.823978	0.0	359903	3323	872.451939794	0.3
1576998456.69	1200	26.638807	0.0	590335	5040	876.497418416	0.75
1576998467.26	1850	20.068464	0.0	1076599	10342	853.976180298	1.2000000000000002
1576998474.97	1850	16.359448	0.0	758197	7576	859.23020599	1.85
1576998484.75	1850	10.578596	0.0	972798	9637	844.505044218	1.85
1576998494.48	1850	4.845694	0.0	975811	9594	813.666220102	1.85
1576998498.4	750	4.931952	0.0	358218	3777	795.15071503	-0.3500000000000001
1576998502.61	750	4.715152	0.0	400322	4079	791.277495501	0.75
1576998506.09	750	5.239817	0.0	369834	3344	810.58193977	0.75
1576998507.59	300	7.733374	0.0	163444	1362	847.166716967	-0.15000000000000002
1576998509.21	300	10.121018	0.0	179328	1479	899.981826676	0.3
1576998510.62	300	12.703632	0.0	159914	1289	951.818467298	0.3
1576998511.83	300	15.494516	0.0	131610	1055	980.123513898	0.3
1576998512.97	300	18.35821	0.0	124011	996	989.135712472	0.3
1576998517.57	750	17.759909	0.0	378327	4456	916.442381967	0.3
1576998519.37	300	19.960071	0.0	149991	1656	849.469908642	-0.15000000000000002
1576998522.84	750	20.48914	0.0	345516	3344	806.620603669	0.3
1576998526.68	750	20.648677	0.0	384505	3713	764.715378134	0.75
1576998530.32	750	21.010603	0.0	372093	3512	806.807786619	0.75
1576998534.65	750	20.677585	0.0	438281	4198	834.463904785	0.75
1576998539.35	750	19.977812	0.0	398987	4542	803.503382156	0.75
1576998553.27	1850	10.057162	0.0	982064	13792	738.801208255	0.75
1576998563.27	1850	4.498146	0.438	830730	9867	695.28867199	-0.033399999999999874
1576998566.42	750	5.340164	0.0	314107	3041	693.065390801	-0.3500000000000001
1576998569.07	750	4.370012	0.0	255954	2540	718.916170748	0.75

