1577286163.92	750	4	5.029	181801	3519	413.30150611	-21.6247
1577286165.96	300	5.955649	0.0	155580	1867	476.00844539	-0.15000000000000002
1577286168.33	300	7.581336	0.0	139857	1757	507.530274136	0.3
1577286169.92	300	9.992109	0.0	155432	1449	545.089197798	0.3
1577286171.47	300	12.446461	0.0	163442	1377	579.164974513	0.3
1577286172.7	300	15.21353	0.0	126289	1060	765.508017892	0.3
1577286174.14	300	17.770066	0.0	153295	1274	830.032441606	0.3
1577286175.76	300	20.155638	0.0	173849	1445	933.487356433	0.3
1577286177.18	300	22.736428	0.0	150710	1251	958.397007367	0.3
1577286178.79	300	25.121057	0.0	139105	1453	908.988572642	0.3
1577286180.45	300	27.468931	0.0	141840	1483	867.789748371	0.3
1577286182.23	300	29.67984	0.0	156148	1622	829.906825413	0.3
1577286185.86	750	30.055785	0.0	386351	3350	842.567398799	0.3
1577286187.67	300	32.248039	0.0	179801	1634	834.92936258	-0.15000000000000002
1577286189.32	300	34.598433	0.0	140051	1479	833.178283533	0.3
1577286193.32	750	34.590185	0.0	366214	3836	818.289068349	0.3
1577286199.38	1200	32.532429	0.0	617242	5781	836.188166	0.75
1577286207.34	1850	28.572415	0.0	885714	7689	852.822566897	1.2000000000000002
1577286217.26	1850	22.651186	0.0	987708	9748	836.440288082	1.85
1577286227.44	1850	16.471819	0.0	923755	9930	812.781550157	1.85
1577286236.48	1850	11.437353	0.0	891604	8864	815.835289823	1.85
1577286244.89	1850	7.026148	0.0	955231	8225	829.707329327	1.85
1577286252.0	1200	4.488089	0.58	656471	6947	803.180434445	-1.9440000000000004
1577286255.37	750	5.120283	0.0	343800	3184	806.095952907	0.3
1577286259.39	750	5.101561	0.0	359903	3845	820.130783489	0.75
1577286263.63	750	4.859595	0.0	379700	4060	813.303570265	0.75
1577286267.4	750	5.085231	0.0	425781	3604	794.132041066	0.75
1577286270.5	750	5.993359	0.0	277716	2939	803.34330942	0.75
1577286274.57	750	5.922118	0.0	400396	3899	797.407632436	0.75
1577286278.58	750	5.908975	0.0	400508	3841	816.037470341	0.75
1577286282.53	750	5.958872	0.0	358218	3781	819.593946595	0.75
1577286286.75	750	5.735722	0.0	400322	4060	792.335688569	0.75
1577286290.1	750	6.390409	0.0	369834	3168	819.512685757	0.75
1577286293.69	750	6.802967	0.0	412837	3417	843.059841494	0.75
1577286297.11	750	7.379152	0.0	401088	3247	868.507502968	0.75
1577286299.27	300	9.22286	0.0	159914	1993	860.277831256	-0.15000000000000002
1577286303.18	750	9.311225	0.0	321064	3746	829.070690828	0.3
1577286306.85	750	9.641878	0.0	361565	3499	810.42625084	0.75
1577286310.67	750	9.819072	0.0	378327	3653	787.391101213	0.75
1577286314.5	750	9.993429	0.0	390680	3655	770.152177092	0.75
1577286316.02	300	12.463729	0.0	147968	1359	798.016527355	-0.15000000000000002
1577286317.74	300	14.753493	0.0	161857	1560	839.223914135	0.3
1577286319.49	300	16.997042	0.0	145210	1582	827.114504033	0.3
1577286321.54	300	18.950947	0.0	172312	1877	807.543143726	0.3
1577286323.95	300	20.538092	0.0	167025	2254	722.220405763	0.3
1577286326.45	300	22.038719	0.0	160064	2329	656.420397124	0.3
1577286333.25	750	19.240654	0.0	331053	6625	500.226120347	0.3
1577286338.51	1200	17.971993	0.0	550906	5116	549.794949675	0.75
1577286342.97	1200	15.196171	0.0	391450	4343	565.099829932	1.2

