1577285712.49	750	4	4.938	181801	3683	394.897637795	-21.233399999999996
1577285714.31	300	6.172481	0.0	155580	1642	463.338101268	-0.15000000000000002
1577285716.67	300	7.807934	0.0	139857	1886	491.486265245	0.3
1577285718.48	300	10.001846	0.0	155432	1424	529.670692892	0.3
1577285720.05	300	12.429944	0.0	163442	1399	563.725466762	0.3
1577285721.29	300	15.194485	0.0	126289	1063	772.983134652	0.3
1577285722.73	300	17.749899	0.0	153295	1274	805.378356923	0.3
1577285724.34	300	20.137055	0.0	173849	1443	934.380490372	0.3
1577285725.76	300	22.715412	0.0	150710	1250	955.004513327	0.3
1577285727.37	300	25.110388	0.0	139105	1436	912.240071675	0.3
1577285729.02	300	27.459287	0.0	141840	1484	870.625659209	0.3
1577285730.81	300	29.670542	0.0	156148	1621	832.412921028	0.3
1577285732.38	300	32.104028	0.0	160746	1400	824.904344748	0.3
1577285736.5	750	31.977511	0.0	434409	3860	837.066704189	0.3
1577285738.15	300	34.329224	0.0	140051	1481	833.461290941	-0.15000000000000002
1577285742.15	750	34.329001	0.0	366214	3829	819.457141185	0.3
1577285748.2	1200	32.282316	0.0	617242	5767	837.421367706	0.75
1577285756.19	1850	28.294335	0.0	885714	7702	858.955024059	1.2000000000000002
1577285766.21	1850	22.268423	0.0	987708	9856	833.313176979	1.85
1577285776.28	1850	16.204075	0.0	923755	9899	811.410024083	1.85
1577285785.3	1850	11.182505	0.0	891604	8850	814.737302799	1.85
1577285793.75	1850	6.73093	0.0	955231	8276	827.6234536	1.85
1577285797.97	750	6.51244	0.0	401853	4035	809.236609122	-0.3500000000000001
1577285801.89	750	6.591936	0.0	343800	3756	802.271267254	0.75
1577285805.35	750	7.126201	0.0	359903	3302	831.832867676	0.75
1577285810.04	750	6.435056	0.0	379700	4520	805.1796095	0.75
1577285812.01	300	8.473268	0.0	181901	1784	759.911348026	-0.15000000000000002
1577285814.5	750	9.978837	0.0	277716	2323	774.264837102	0.3
1577285818.55	750	9.933176	0.0	400396	3886	797.004361192	0.75
1577285822.71	750	9.770214	0.0	400508	3992	784.834865687	0.75
1577285826.18	750	10.304961	0.0	358218	3304	844.073869887	0.75
1577285830.57	750	9.912756	0.0	400322	4221	824.866110589	0.75
1577285832.21	300	12.265982	0.0	143881	1481	805.296380389	-0.15000000000000002
1577285834.02	300	14.456967	0.0	163444	1647	799.121682022	0.3
1577285836.0	300	16.482714	0.0	179328	1809	797.122155819	0.3
1577285839.23	750	17.248127	0.0	365161	3062	812.826915859	0.3
1577285840.49	300	19.987033	0.0	131610	1094	857.232347243	-0.15000000000000002
1577285841.68	300	22.802563	0.0	124011	1013	885.868191236	0.3
1577285843.0	300	25.477593	0.0	144254	1160	921.877232936	0.3
1577285846.5	750	25.983453	0.0	390680	3325	957.370596973	0.3
1577285850.98	750	25.504281	0.0	345516	4302	802.807742618	0.75
1577285852.71	300	27.773029	0.0	161857	1558	793.834455538	-0.15000000000000002
1577285854.28	300	30.197842	0.0	145210	1405	784.761555438	0.3
1577285856.13	300	32.350199	0.0	172312	1680	773.929815751	0.3
1577285857.88	300	34.602943	0.0	167025	1604	740.679833217	0.3
1577285864.07	1200	32.411884	0.0	638661	6018	838.050432638	0.29999999999999993
1577285881.68	2850	18.803733	0.0	1231456	17347	647.815821745	1.2000000000000002
1577285890.08	1850	14.403257	0.0	846370	8237	675.735631117	0.8500000000000001
1577285897.52	1850	8.64478	0.0	598850	7298	667.319541139	1.85

