1577286614.88	750	4	4.909	181801	3666	396.728859793	-21.108700000000002
1577286616.83	300	6.045611	0.0	155580	1684	464.449119848	-0.15000000000000002
1577286619.18	300	7.689507	0.0	139857	1891	492.081631418	0.3
1577286621.0	300	9.870521	0.0	155432	1375	530.688984399	0.3
1577286622.55	300	12.323739	0.0	163442	1375	565.055691576	0.3
1577286623.78	300	15.090576	0.0	126289	1060	773.055041644	0.3
1577286625.23	300	17.646723	0.0	153295	1275	811.151372351	0.3
1577286626.84	300	20.031872	0.0	173849	1445	945.633119715	0.3
1577286628.26	300	22.61426	0.0	150710	1251	958.552967836	0.3
1577286629.89	300	24.985838	0.0	139105	1453	908.863913531	0.3
1577286631.54	300	27.333763	0.0	141840	1484	867.529444973	0.3
1577286633.34	300	29.531176	0.0	156148	1620	830.037025819	0.3
1577286636.96	750	29.910013	0.0	386351	3349	842.751143777	0.3
1577286638.77	300	32.099001	0.0	179801	1636	834.943721945	-0.15000000000000002
1577286640.42	300	34.448994	0.0	140051	1480	833.088030166	0.3
1577286644.43	750	34.441733	0.0	366214	3834	818.455513981	0.3
1577286650.47	1200	32.397797	0.0	617242	5780	836.247357486	0.75
1577286658.44	1850	28.436289	0.0	885714	7689	852.836443455	1.2000000000000002
1577286668.37	1850	22.501994	0.0	987708	9762	836.065832695	1.85
1577286678.55	1850	16.32208	0.0	923755	9945	812.151186651	1.85
1577286687.54	1850	11.329488	0.0	891604	8807	816.360366787	1.85
1577286695.88	1850	6.99639	0.0	955231	8147	831.350606722	1.85
1577286700.1	750	6.77388	0.0	401853	4058	812.339466524	-0.3500000000000001
1577286704.07	750	6.805539	0.0	343800	3801	802.388297804	0.75
1577286707.54	750	7.331157	0.0	359903	3301	833.762017032	0.75
1577286712.18	750	6.691885	0.0	379700	4464	808.384871757	0.75
1577286716.27	750	6.603513	0.0	425781	3909	774.935761504	0.75
1577286718.87	750	8.005981	0.0	277716	2428	787.392879805	0.75
1577286723.28	750	7.588341	0.0	400396	4248	793.760832581	0.75
1577286727.12	750	7.751459	0.0	400508	3667	795.408226992	0.75
1577286730.91	750	7.960843	0.0	358218	3617	829.763832365	0.75
1577286735.24	750	7.629509	0.0	400322	4161	806.979728558	0.75
1577286739.03	750	7.841795	0.0	369834	3624	796.877840175	0.75
1577286740.56	300	10.313034	0.0	163444	1360	820.557075617	-0.15000000000000002
1577286742.22	300	12.64811	0.0	179328	1494	820.216615584	0.3
1577286743.72	300	15.14918	0.0	159914	1329	843.042846331	0.3
1577286744.94	300	17.929402	0.0	131610	1054	900.044648269	0.3
1577286746.1	300	20.767886	0.0	124011	997	972.837242979	0.3
1577286747.43	300	23.443364	0.0	144254	1160	979.623747651	0.3
1577286752.06	750	22.810943	0.0	390680	4455	821.174103521	0.3
1577286753.93	300	24.937962	0.0	147968	1693	780.270895441	-0.15000000000000002
1577286755.66	300	27.208657	0.0	161857	1560	769.568743759	0.3
1577286757.24	300	29.635202	0.0	145210	1404	760.111992454	0.3
1577286759.08	300	31.788603	0.0	172312	1677	749.864004366	0.3
1577286760.86	300	34.015876	0.0	167025	1604	796.727127706	0.3
1577286770.54	1850	28.331755	0.0	982064	9509	826.939073196	0.30000000000000004
1577286787.65	2850	15.217829	0.0	1231456	16841	675.252832605	1.85
1577286797.7	1850	9.176243	0.0	846370	9891	673.145227202	0.8500000000000001
1577286803.71	1850	4.840068	0.0	598850	5878	684.409988725	1.85

