1577284587.54	750	4	7.803	450283	6287	572.970256084	-33.5529
1577284589.65	300	5.888629	0.0	155580	1864	592.187853971	-0.15000000000000002
1577284591.73	300	7.813508	0.0	139857	1536	610.286164527	0.3
1577284593.19	300	10.341773	0.0	155432	1311	637.376978376	0.3
1577284594.68	300	12.85846	0.0	163442	1347	662.187727564	0.3
1577284597.5	750	14.03857	0.0	318564	2649	835.31974086	0.3
1577284599.15	300	16.384018	0.0	153295	1477	884.08577676	-0.15000000000000002
1577284601.15	300	18.384697	0.0	173849	1817	888.900116184	0.3
1577284602.9	300	20.6395	0.0	150710	1577	856.179981886	0.3
1577284604.28	300	23.256293	0.0	139105	1218	848.19226821	0.3
1577284605.67	300	25.864959	0.0	141840	1229	824.138758859	0.3
1577284607.18	300	28.358379	0.0	156148	1342	840.862432904	0.3
1577284608.88	300	30.657276	0.0	160746	1537	862.267516497	0.3
1577284616.29	1200	27.254359	0.0	687371	7121	820.801723064	0.29999999999999993
1577284619.56	750	27.983021	0.0	337059	3100	823.730111358	0.3
1577284622.81	750	28.725026	0.0	366214	3086	838.011420415	0.75
1577284628.44	1200	27.097434	0.0	617242	5454	849.393256295	0.75
1577284632.27	750	27.26861	0.0	372963	3659	844.534879648	0.3
1577284636.42	750	27.121581	0.0	405596	3975	868.384244303	0.75
1577284643.91	1200	23.629676	0.0	586839	7255	785.078295569	0.75
1577284645.45	300	26.085522	0.0	157671	1370	773.248220281	-0.6000000000000001
1577284646.99	300	28.551468	0.0	157812	1370	748.803058389	0.3
1577284648.68	300	30.854641	0.0	163927	1531	743.698541639	0.3
1577284650.33	300	33.207006	0.0	137654	1476	724.270327372	0.3
1577284652.07	300	35.466236	0.0	146754	1569	827.868884928	0.3
1577284660.47	1850	31.065938	0.0	905935	8113	855.636439389	0.30000000000000004
1577284670.69	1850	24.847731	0.0	1076599	10037	853.042844102	1.85
1577284678.4	1850	21.142868	0.0	758197	7522	840.123492286	1.85
1577284688.24	1850	15.298747	0.0	972798	9663	834.901164464	1.85
1577284698.02	1850	9.516869	0.0	975811	9614	833.240355943	1.85
1577284707.27	1850	4.436291	0.167	873429	9075	810.44412623	1.1319
1577284708.88	300	6.82137	0.0	157488	1443	800.705055781	-1.25
1577284710.25	300	9.450204	0.0	143881	1201	804.460603033	0.3
1577284711.76	300	11.941265	0.0	163444	1360	812.011472097	0.3
1577284713.41	300	14.283486	0.0	179328	1488	825.326313429	0.3
1577284714.85	300	16.853008	0.0	159914	1288	946.863247277	0.3
1577284717.58	750	18.118477	0.0	321064	2590	976.297873053	0.3
1577284722.05	750	17.655057	0.0	361565	4297	831.93947792	0.75
1577284723.83	300	19.873158	0.0	144254	1603	801.17504006	-0.15000000000000002
1577284725.44	300	22.257592	0.0	149991	1447	786.977628146	0.3
1577284727.05	300	24.65503	0.0	147968	1435	773.275667215	0.3
1577284728.78	300	26.919399	0.0	161857	1564	739.862015972	0.3
1577284730.34	300	29.356664	0.0	145210	1395	802.549813744	0.3
1577284732.17	300	31.527879	0.0	172312	1660	829.042131336	0.3
1577284741.8	1850	25.904639	0.0	958994	9445	818.724809175	0.30000000000000004
1577284756.31	1850	15.393315	0.0	982064	14358	654.421460668	1.85
1577284765.58	1850	10.121125	0.0	830730	9107	665.756609193	1.85
1577284771.68	1200	8.018353	0.0	550906	5946	671.149658023	0.5499999999999999
1577284775.95	1200	5.429979	0.0	391450	4117	673.752992077	1.2

