1577285035.74	750	4	4.841	181801	3600	404.002222222	-20.8163
1577285037.69	300	6.035699	0.0	155580	1797	469.086754474	-0.15000000000000002
1577285040.24	300	7.49674	0.0	139857	1863	497.008233162	0.3
1577285041.87	300	9.863351	0.0	155432	1387	535.268195981	0.3
1577285043.41	300	12.315159	0.0	163442	1374	569.428027605	0.3
1577285044.65	300	15.080152	0.0	126289	1062	763.271469296	0.3
1577285046.09	300	17.636729	0.0	153295	1274	815.671239357	0.3
1577285047.71	300	20.023048	0.0	173849	1444	943.864009008	0.3
1577285049.13	300	22.604327	0.0	150710	1250	958.846518521	0.3
1577285050.75	300	24.979453	0.0	139105	1455	908.596937257	0.3
1577285052.4	300	27.329782	0.0	141840	1484	867.513223301	0.3
1577285054.19	300	29.542315	0.0	156148	1620	829.934954084	0.3
1577285057.81	750	29.914539	0.0	386351	3349	842.598754295	0.3
1577285059.6	300	32.128375	0.0	179801	1613	836.526337002	-0.15000000000000002
1577285061.25	300	34.476562	0.0	140051	1481	834.756164134	0.3
1577285065.27	750	34.461712	0.0	366214	3841	819.167599992	0.3
1577285071.34	1200	32.388804	0.0	617242	5797	835.965029471	0.75
1577285079.29	1850	28.43637	0.0	885714	7669	853.312910972	1.2000000000000002
1577285089.23	1850	22.504068	0.0	987708	9751	836.127062829	1.85
1577285099.39	1850	16.336489	0.0	923755	9980	811.304893403	1.85
1577285108.41	1850	11.323761	0.0	891604	8839	815.126360968	1.85
1577285116.74	1850	6.989659	0.0	955231	8162	830.205207206	1.85
1577285120.86	750	6.864044	0.0	401853	3951	813.05166873	-0.3500000000000001
1577285124.86	750	6.871569	0.0	343800	3841	801.806889459	0.75
1577285128.32	750	7.409546	0.0	359903	3301	834.263644749	0.75
1577285132.9	750	6.824712	0.0	379700	4405	812.782747044	0.75
1577285137.06	750	6.666242	0.0	425781	3983	777.693269176	0.75
1577285139.62	750	8.111779	0.0	277716	2385	787.325915902	0.75
1577285144.03	750	7.694254	0.0	400396	4247	795.832436184	0.75
1577285147.9	750	7.828628	0.0	400508	3696	796.422771875	0.75
1577285151.67	750	8.062985	0.0	358218	3593	828.238904756	0.75
1577285156.0	750	7.727252	0.0	400322	4167	808.171313998	0.75
1577285159.84	750	7.893316	0.0	369834	3654	795.475864719	0.75
1577285161.36	300	10.365252	0.0	163444	1360	818.693318636	-0.15000000000000002
1577285163.03	300	12.698962	0.0	179328	1494	819.53883079	0.3
1577285164.54	300	15.193688	0.0	159914	1335	839.972477724	0.3
1577285165.75	300	17.976011	0.0	131610	1054	895.849289799	0.3
1577285166.91	300	20.814587	0.0	124011	996	972.027011019	0.3
1577285168.24	300	23.488977	0.0	144254	1160	978.769343162	0.3
1577285172.78	750	22.950717	0.0	390680	4372	831.042123788	0.3
1577285174.7	300	25.026717	0.0	147968	1745	783.178852732	-0.15000000000000002
1577285176.43	300	27.29719	0.0	161857	1559	772.284236898	0.3
1577285178.01	300	29.723361	0.0	145210	1404	762.585464673	0.3
1577285179.85	300	31.875642	0.0	172312	1678	752.066762951	0.3
1577285183.86	750	31.867326	0.0	398987	3838	798.51744632	0.3
1577285193.81	1850	25.915419	0.0	982064	9777	815.061772656	0.75
1577285206.94	1850	16.792353	0.0	830730	12952	647.877570089	1.85
1577285216.19	1850	11.539369	0.0	846370	9085	663.570189518	1.85
1577285222.91	1850	6.498097	0.0	598850	6580	667.687753318	1.85

