1577286389.41	750	4	4.866	181801	3607	403.218186859	-20.9238
1577286391.54	300	5.866698	0.0	155580	1892	465.165743092	-0.15000000000000002
1577286393.98	300	7.428243	0.0	139857	1804	495.781061288	0.3
1577286395.65	300	9.75836	0.0	155432	1499	532.24961207	0.3
1577286397.16	300	12.24472	0.0	163442	1376	565.903380225	0.3
1577286398.39	300	15.016099	0.0	126289	1057	751.844211985	0.3
1577286399.84	300	17.571201	0.0	153295	1274	815.766449473	0.3
1577286401.45	300	19.957023	0.0	173849	1443	925.836454575	0.3
1577286402.88	300	22.525843	0.0	150710	1264	957.357181851	0.3
1577286404.5	300	24.904267	0.0	139105	1454	907.795119928	0.3
1577286406.15	300	27.253244	0.0	141840	1484	866.354268614	0.3
1577286407.93	300	29.481235	0.0	156148	1605	830.944052484	0.3
1577286411.54	750	29.866004	0.0	386351	3349	843.357320628	0.3
1577286413.38	300	32.032411	0.0	179801	1659	834.520992931	-0.15000000000000002
1577286415.03	300	34.381931	0.0	140051	1480	832.772285478	0.3
1577286419.03	750	34.382845	0.0	366214	3825	818.924826279	0.3
1577286428.04	1850	29.371234	0.0	966699	8728	852.276768091	0.75
1577286436.37	1850	25.033535	0.0	885714	8162	848.463650959	1.85
1577286447.97	1850	17.435874	0.0	987708	11425	786.979345065	1.85
1577286456.98	1850	12.430073	0.0	923755	8830	798.388892575	1.85
1577286465.27	1850	8.138604	0.0	891604	8103	814.881517685	1.85
1577286468.83	750	8.579719	0.0	399894	3385	810.114593816	-0.3500000000000001
1577286472.6	750	8.806807	0.0	401853	3603	805.244573224	0.75
1577286476.72	750	8.689535	0.0	343800	3948	843.430903152	0.75
1577286480.4	750	9.011223	0.0	359903	3510	842.296772228	0.75
1577286484.46	750	8.946524	0.0	379700	3904	812.549353697	0.75
1577286489.25	750	8.154908	0.0	425781	4611	775.488032832	0.75
1577286491.74	750	9.664922	0.0	277716	2322	774.15529033	0.75
1577286495.92	750	9.492149	0.0	400396	4000	799.078533166	0.75
1577286500.0	750	9.403173	0.0	400508	3920	798.947399009	0.75
1577286503.54	750	9.867344	0.0	358218	3375	812.503165461	0.75
1577286507.94	750	9.46737	0.0	400322	4231	819.384996757	0.75
1577286509.56	300	11.850317	0.0	143881	1457	801.097457796	-0.15000000000000002
1577286511.37	300	14.039798	0.0	163444	1647	800.363973521	0.3
1577286513.27	300	16.141451	0.0	179328	1734	798.761219891	0.3
1577286514.77	300	18.637062	0.0	159914	1336	800.411050324	0.3
1577286516.03	300	21.373525	0.0	131610	1092	850.573808307	0.3
1577286517.24	300	24.169417	0.0	124011	1032	880.243716412	0.3
1577286518.58	300	26.830837	0.0	144254	1180	923.27397161	0.3
1577286521.9	750	27.509739	0.0	390680	3153	975.509435838	0.3
1577286528.66	1200	24.750537	0.0	566904	6486	815.599381702	0.75
1577286530.38	300	27.026072	0.0	161857	1561	807.048288134	-0.6000000000000001
1577286531.96	300	29.452054	0.0	145210	1406	799.338030607	0.3
1577286533.8	300	31.607247	0.0	172312	1676	790.024106341	0.3
1577286535.57	300	33.836051	0.0	167025	1604	756.898521555	0.3
1577286545.29	1850	28.120025	0.0	982064	9541	825.154447197	0.30000000000000004
1577286558.68	1850	18.724838	0.0	830730	13238	629.633499454	1.85
1577286567.11	1850	14.299627	0.0	846370	8271	659.909701072	1.85
1577286574.53	1850	8.563252	0.0	598850	7274	654.247762865	1.85

