1577285938.02	750	4	4.794	181801	3583	405.919062238	-20.6142
1577285939.92	300	6.101869	0.0	155580	1671	474.603415645	-0.15000000000000002
1577285942.29	300	7.735954	0.0	139857	1917	499.554115668	0.3
1577285944.14	300	9.881939	0.0	155432	1375	538.321855646	0.3
1577285945.68	300	12.346775	0.0	163442	1373	572.789656879	0.3
1577285946.91	300	15.111017	0.0	126289	1062	770.107408246	0.3
1577285948.35	300	17.667325	0.0	153295	1274	805.960465557	0.3
1577285949.97	300	20.053092	0.0	173849	1443	946.05277007	0.3
1577285951.39	300	22.634132	0.0	150710	1250	959.146878669	0.3
1577285952.99	300	25.02699	0.0	139105	1437	912.178508749	0.3
1577285954.65	300	27.376128	0.0	141840	1484	870.467984274	0.3
1577285956.43	300	29.587979	0.0	156148	1619	832.547480085	0.3
1577285958.0	300	32.019493	0.0	160746	1401	824.94480739	0.3
1577285962.14	750	31.880136	0.0	434409	3861	837.023854134	0.3
1577285963.79	300	34.231312	0.0	140051	1480	833.618706009	-0.15000000000000002
1577285967.79	750	34.230755	0.0	366214	3828	819.655699222	0.3
1577285973.83	1200	32.185549	0.0	617242	5764	837.605148706	0.75
1577285981.81	1850	28.213038	0.0	885714	7702	859.130535474	1.2000000000000002
1577285991.84	1850	22.18001	0.0	987708	9856	833.46508171	1.85
1577286001.93	1850	16.088661	0.0	923755	9909	811.236133575	1.85
1577286010.91	1850	11.112049	0.0	891604	8807	815.408322213	1.85
1577286019.24	1850	6.779342	0.0	955231	8160	829.928247589	1.85
1577286023.42	750	6.600123	0.0	401853	4002	812.249743624	-0.3500000000000001
1577286027.38	750	6.641178	0.0	343800	3790	804.764452048	0.75
1577286030.85	750	7.166927	0.0	359903	3300	835.732426286	0.75
1577286035.51	750	6.512819	0.0	379700	4477	809.904901017	0.75
1577286039.58	750	6.442384	0.0	425781	3890	777.499448729	0.75
1577286042.18	750	7.83619	0.0	277716	2435	787.690933117	0.75
1577286046.6	750	7.417711	0.0	400396	4248	793.49340563	0.75
1577286050.44	750	7.585616	0.0	400508	3668	795.07513772	0.75
1577286054.23	750	7.789639	0.0	358218	3623	829.945302561	0.75
1577286058.56	750	7.458712	0.0	400322	4159	806.523764113	0.75
1577286062.34	750	7.678754	0.0	369834	3616	796.994898979	0.75
1577286063.87	300	10.152739	0.0	163444	1360	820.707476388	-0.15000000000000002
1577286065.52	300	12.498955	0.0	179328	1494	820.440285093	0.3
1577286067.02	300	14.999786	0.0	159914	1328	843.863979022	0.3
1577286068.24	300	17.781293	0.0	131610	1054	901.112392144	0.3
1577286069.4	300	20.620046	0.0	124011	996	973.145615613	0.3
1577286070.73	300	23.295487	0.0	144254	1160	979.949076907	0.3
1577286075.35	750	22.667914	0.0	390680	4461	820.563142424	0.3
1577286077.22	300	24.799709	0.0	147968	1689	780.11497025	-0.15000000000000002
1577286078.95	300	27.070616	0.0	161857	1560	769.425913288	0.3
1577286080.52	300	29.496407	0.0	145210	1405	759.878177029	0.3
1577286082.37	300	31.649717	0.0	172312	1676	749.707364269	0.3
1577286084.14	300	33.877018	0.0	167025	1604	797.241256541	0.3
1577286093.82	1850	28.206062	0.0	982064	9509	826.939694404	0.30000000000000004
1577286110.94	2850	15.079755	0.0	1231456	16841	675.253042867	1.85
1577286121.01	1850	9.012166	0.0	846370	9905	672.925394848	0.8500000000000001
1577286127.02	1850	4.678436	0.0	598850	5871	684.265020939	1.85

