1577284810.16	750	4	4.813	181801	3598	404.226792663	-20.695899999999998
1577284812.02	300	6.136104	0.0	155580	1700	472.070480252	-0.15000000000000002
1577284814.51	300	7.648358	0.0	139857	1941	496.156239516	0.3
1577284816.45	300	9.706533	0.0	155432	1388	534.526809888	0.3
1577284818.0	300	12.159572	0.0	163442	1373	568.787768429	0.3
1577284819.22	300	14.938425	0.0	126289	1060	762.016576843	0.3
1577284820.65	300	17.506804	0.0	153295	1264	800.841044541	0.3
1577284822.26	300	19.894415	0.0	173849	1444	945.511313698	0.3
1577284823.68	300	22.473946	0.0	150710	1251	960.634478577	0.3
1577284825.31	300	24.849214	0.0	139105	1453	910.352984691	0.3
1577284826.97	300	27.18207	0.0	141840	1483	868.893898974	0.3
1577284828.76	300	29.397118	0.0	156148	1618	830.517942381	0.3
1577284832.38	750	29.780359	0.0	386351	3350	843.00399708	0.3
1577284834.19	300	31.962224	0.0	179801	1645	834.468461842	-0.15000000000000002
1577284835.84	300	34.310124	0.0	140051	1480	832.617564952	0.3
1577284839.85	750	34.306939	0.0	366214	3831	818.255894278	0.3
1577284845.9	1200	32.25684	0.0	617242	5772	836.363602556	0.75
1577284853.88	1850	28.273077	0.0	885714	7699	852.612146422	1.2000000000000002
1577284863.89	1850	22.2602	0.0	987708	9843	833.620386419	1.85
1577284874.03	1850	16.122533	0.0	923755	9951	810.263982691	1.85
1577284882.99	1850	11.159564	0.0	891604	8794	814.858591533	1.85
1577284891.35	1850	6.800861	0.0	955231	8187	829.132623661	1.85
1577284895.64	750	6.517303	0.0	401853	4107	809.214626463	-0.3500000000000001
1577284899.57	750	6.582516	0.0	343800	3767	801.63713622	0.75
1577284903.05	750	7.105874	0.0	359903	3303	832.871025849	0.75
1577284907.73	750	6.421187	0.0	379700	4509	804.903463414	0.75
1577284909.7	300	8.450759	0.0	181901	1794	756.707242545	-0.15000000000000002
1577284912.2	750	9.954093	0.0	277716	2323	773.880585586	0.3
1577284916.26	750	9.899203	0.0	400396	3885	797.285085497	0.75
1577284920.42	750	9.731495	0.0	400508	3996	784.950970923	0.75
1577284923.9	750	10.255791	0.0	358218	3304	843.295530325	0.75
1577284928.29	750	9.865623	0.0	400322	4220	824.770709506	0.75
1577284929.94	300	12.217738	0.0	143881	1481	805.203180941	-0.15000000000000002
1577284931.76	300	14.391665	0.0	163444	1664	798.019030472	0.3
1577284933.73	300	16.420293	0.0	179328	1809	796.087762129	0.3
1577284936.97	750	17.187198	0.0	365161	3063	811.662707582	0.3
1577284939.79	750	18.365245	0.0	321064	2652	870.653583002	0.75
1577284940.95	300	21.205891	0.0	124011	996	897.394742027	-0.15000000000000002
1577284942.27	300	23.88121	0.0	144254	1160	931.056897285	0.3
1577284943.65	300	26.508155	0.0	149991	1207	973.008274266	0.3
1577284950.42	1200	23.734936	0.0	566904	6599	802.410555509	0.29999999999999993
1577284954.32	750	23.835299	0.0	384505	3731	782.128801784	0.3
1577284955.88	300	26.274652	0.0	145210	1395	775.026640443	-0.15000000000000002
1577284957.71	300	28.446054	0.0	172312	1658	767.459378045	0.3
1577284959.45	300	30.703113	0.0	167025	1575	761.099682303	0.3
1577284965.83	1200	28.322356	0.0	638661	6216	827.48154521	0.29999999999999993
1577284979.31	1850	18.848973	0.0	830730	13299	608.121961161	1.2000000000000002
1577284987.68	1850	14.475456	0.0	846370	8216	645.148214897	1.85
1577284995.15	1850	8.690651	0.0	598850	7311	640.628322259	1.85

