1577285487.09	750	3.99981	5.039	181801	3547	410.038906118	-21.6677
1577285489.19	300	5.893581	0.0	155580	1951	469.568046499	-0.15000000000000002
1577285491.6	300	7.487664	0.0	139857	1759	501.380744097	0.3
1577285493.15	300	9.939641	0.0	155432	1399	539.38080758	0.3
1577285494.7	300	12.390554	0.0	163442	1376	573.385581362	0.3
1577285495.93	300	15.159327	0.0	126289	1060	757.696490879	0.3
1577285497.37	300	17.715299	0.0	153295	1276	835.032180405	0.3
1577285498.99	300	20.10183	0.0	173849	1444	941.664974318	0.3
1577285500.41	300	22.682911	0.0	150710	1251	958.400458448	0.3
1577285502.02	300	25.069376	0.0	139105	1453	908.863543331	0.3
1577285503.67	300	27.417855	0.0	141840	1483	867.688466086	0.3
1577285505.46	300	29.629813	0.0	156148	1619	830.385983836	0.3
1577285509.07	750	30.013975	0.0	386351	3349	842.971093398	0.3
1577285510.88	300	32.21207	0.0	179801	1639	834.912665375	-0.15000000000000002
1577285512.53	300	34.561963	0.0	140051	1480	833.05739218	0.3
1577285516.53	750	34.555637	0.0	366214	3832	818.511478146	0.3
1577285522.59	1200	32.502245	0.0	617242	5775	836.478847133	0.75
1577285530.55	1850	28.536967	0.0	885714	7693	852.887014875	1.2000000000000002
1577285540.53	1850	22.559339	0.0	987708	9803	834.898076698	1.85
1577285550.65	1850	16.434987	0.0	923755	9939	811.480026903	1.85
1577285559.67	1850	11.416733	0.0	891604	8845	814.965020908	1.85
1577285568.0	1850	7.084072	0.0	955231	8160	829.680823044	1.85
1577285572.15	750	6.93681	0.0	401853	3985	812.201490836	-0.3500000000000001
1577285576.13	750	6.961615	0.0	343800	3807	803.000086977	0.75
1577285579.6	750	7.483879	0.0	359903	3303	834.328371883	0.75
1577285584.21	750	6.872721	0.0	379700	4451	810.913862978	0.75
1577285588.32	750	6.769552	0.0	425781	3925	777.497903114	0.75
1577285590.91	750	8.181397	0.0	277716	2417	787.536937178	0.75
1577285595.32	750	7.765448	0.0	400396	4246	794.310162177	0.75
1577285599.15	750	7.933368	0.0	400508	3667	796.020017588	0.75
1577285602.94	750	8.1502	0.0	358218	3610	829.969132262	0.75
1577285607.27	750	7.817539	0.0	400322	4164	807.630605281	0.75
1577285608.9	300	10.183778	0.0	143881	1456	792.611672863	-0.15000000000000002
1577285610.69	300	12.398141	0.0	163444	1625	805.896799048	0.3
1577285612.35	300	14.733911	0.0	179328	1493	803.038095703	0.3
1577285613.85	300	17.238533	0.0	159914	1336	824.098940217	0.3
1577285615.1	300	19.986862	0.0	131610	1094	881.345569545	0.3
1577285616.27	300	22.819869	0.0	124011	1009	919.455363957	0.3
1577285617.65	300	25.436898	0.0	144254	1218	961.329352537	0.3
1577285621.27	750	25.813905	0.0	390680	3456	936.278007562	0.3
1577285625.68	750	25.402824	0.0	345516	4248	799.004338137	0.75
1577285627.41	300	27.674912	0.0	161857	1559	790.303122555	-0.15000000000000002
1577285628.99	300	30.101015	0.0	145210	1405	781.366600571	0.3
1577285630.84	300	32.252743	0.0	172312	1679	773.073814121	0.3
1577285632.61	300	34.479397	0.0	167025	1604	745.634602725	0.3
1577285638.79	1200	32.301708	0.0	638661	6005	838.917399299	0.29999999999999993
1577285656.4	2850	18.689684	0.0	1231456	17339	648.223800834	1.2000000000000002
1577285664.84	1850	14.243824	0.0	846370	8293	675.406231315	0.8500000000000001
1577285672.25	1850	8.51418	0.0	598850	7258	667.716555589	1.85

