1577285261.24	750	4	4.809	181801	3584	405.805803571	-20.6787
1577285263.04	300	6.186453	0.0	155580	1614	475.798964938	-0.15000000000000002
1577285265.48	300	7.746456	0.0	139857	1946	499.251743384	0.3
1577285267.4	300	9.831001	0.0	155432	1411	537.694110521	0.3
1577285268.94	300	12.283021	0.0	163442	1375	572.120677028	0.3
1577285270.17	300	15.060721	0.0	126289	1063	768.321136847	0.3
1577285271.61	300	17.618878	0.0	153295	1274	796.630699421	0.3
1577285273.2	300	20.027695	0.0	173849	1444	939.722421429	0.3
1577285274.62	300	22.608869	0.0	150710	1250	958.542367962	0.3
1577285276.23	300	24.995164	0.0	139105	1443	910.775030073	0.3
1577285277.88	300	27.344185	0.0	141840	1483	869.579062194	0.3
1577285279.67	300	29.555866	0.0	156148	1621	831.537174476	0.3
1577285281.23	300	31.993223	0.0	160746	1395	824.581342286	0.3
1577285282.96	300	34.271958	0.0	179801	1556	823.118633257	0.3
1577285286.44	750	34.782921	0.0	337059	3226	836.302348553	0.3
1577285292.8	1200	32.431589	0.0	587876	6070	816.061857676	0.75
1577285298.47	1200	30.758456	0.0	617242	5498	844.521008423	1.2
1577285306.68	1850	26.543367	0.0	885714	7941	855.372298715	1.2000000000000002
1577285317.57	1850	19.659446	0.0	987708	10712	811.09539864	1.85
1577285327.1	1850	14.127622	0.0	923755	9347	804.235912969	1.85
1577285335.69	1850	9.5416	0.0	891604	8411	817.204375315	1.85
1577285337.16	300	12.069946	0.0	157812	1301	810.967703486	-1.25
1577285338.67	300	14.554406	0.0	163927	1348	798.157478114	0.3
1577285340.0	300	17.226818	0.0	137654	1156	839.675207691	0.3
1577285341.47	300	19.751707	0.0	146754	1311	882.852148414	0.3
1577285343.0	300	22.225718	0.0	153938	1378	934.974399943	0.3
1577285344.8	300	24.43039	0.0	181901	1626	918.779366532	0.3
1577285348.17	750	25.059123	0.0	277716	3195	815.176075046	0.3
1577285350.07	300	27.159771	0.0	153605	1731	779.455915964	-0.15000000000000002
1577285351.61	300	29.61919	0.0	149029	1367	777.396679274	0.3
1577285353.19	300	32.031801	0.0	157421	1437	775.986581901	0.3
1577285354.79	300	34.434294	0.0	157488	1438	771.629914426	0.3
1577285359.52	750	33.707595	0.0	369834	4557	736.081354789	0.3
1577285361.13	300	36.097246	0.0	163444	1432	761.4951269	-0.15000000000000002
1577285367.7	1200	33.522919	0.0	690253	6400	791.471602225	0.29999999999999993
1577285373.64	1200	31.583127	0.0	598727	5771	796.696305615	1.2
1577285377.03	750	32.201772	0.0	321064	3224	791.865581302	0.3
1577285378.49	300	34.733402	0.0	124011	1300	835.758204545	-0.15000000000000002
1577285387.44	1850	29.791142	0.0	908665	8767	829.536792271	0.30000000000000004
1577285395.44	1850	25.789698	0.0	930577	7831	853.363886968	1.85
1577285404.91	1850	20.311772	0.0	858450	9294	818.986114924	1.85
1577285414.75	1850	14.475476	0.0	1025005	9661	828.639866007	1.85
1577285427.47	1850	5.753153	0.0	886255	12552	740.164582014	1.85
1577285430.69	300	6.534558	0.0	172312	3059	692.679492272	-1.25
1577285432.34	300	8.882519	0.0	167025	1484	660.03940937	0.3
1577285433.92	300	11.307608	0.0	160064	1419	646.026795474	0.3
1577285437.46	750	11.765656	0.0	331053	3386	599.023865833	0.3
1577285441.3	750	11.926349	0.0	314107	3684	660.224109407	0.75
1577285444.91	750	9.998978	0.0	255954	3468	714.027827243	0.75

