5.59002821053	750	4.0	5.590028210526316	450283	5590.02821053	-23.287121305263156
9.69986704762	750	4.0	0.10983883709273141	398865	4109.83883709	0.27769300050125495
13.239362768	750	4.460504279587857	0.0	350812	3539.49572041	0.75
16.8023129653	750	4.897554082278868	0.0	382355	3562.95019731	0.75
20.4196400334	750	5.280227014202172	0.0	411561	3617.32706808	0.75
23.1900543024	750	6.509812745196323	0.0	318564	2770.41426901	0.75
26.5662937049	750	7.1335733427686865	0.0	352642	3376.23940243	0.75
31.094217	750	6.605650047619047	0.0	437162	4527.92329515	0.75
34.473767614	750	7.226099433583959	0.0	374758	3379.55061404	0.75
38.3205921956	750	7.379274851978429	0.0	362795	3846.82458161	0.75
42.1112526717	750	7.588614375939848	0.0	353220	3790.66047604	0.75
46.1769425564	750	7.522924491228073	0.0	405134	4065.68988471	0.75
49.5642577109	750	8.135609336675017	0.0	386351	3387.31515455	0.75
53.4857559298	750	8.214111117794484	0.0	434409	3921.49821888	0.75
56.6882	750	9.011667047619046	0.0	337059	3202.44407018	0.75
60.4278325146	750	9.272034532999161	0.0	366214	3739.63251462	0.75
64.0200386913	750	9.679828356296142	0.0	360831	3592.2061767	0.75
68.5974432	750	9.102423847619043	0.0	372963	4577.40450868	0.75
73.1685806491	750	8.531286398496238	0.0	405596	4571.13744912	0.75
76.4137672727	750	9.286099774891772	0.0	350713	3245.1866236	0.75
80.7103455821	750	8.98952146548188	0.0	386472	4296.57830941	0.75
84.5457563293	750	9.154110718334291	0.0	399894	3835.41074715	0.75
88.1510389474	750	9.548828100250624	0.0	401853	3605.28261808	0.75
91.1109637594	750	10.588903288220543	0.0	343800	2959.92481203	0.75
94.4610804678	750	11.23878657978279	0.0	359903	3350.11670844	0.75
98.4266799532	750	11.273187094402665	0.0	379700	3965.59948538	0.75
103.137008126	750	10.562858922041942	0.0	425781	4710.32817236	0.75
105.812101311	750	11.887765736446374	0.0	277716	2675.0931856	0.75
110.609566466	750	11.090300581453626	0.0	400396	4797.46515499	0.75
114.499523977	750	11.200343071010865	0.0	400508	3889.95751044	0.75
117.816520978	750	11.883346069415962	0.0	358218	3316.99700159	0.75
122.195065789	750	11.504801258145363	0.0	400322	4378.54481127	0.75
125.737529917	750	11.96233713072154	0.0	369834	3542.46412742	0.75
130.042599256	750	11.657267791904	0.0	412837	4305.06933882	0.75
134.36039619	750	11.339470857142846	0.0	401088	4317.79693476	0.75
140.065239098	1200	9.634627949874682	0.0	598727	5704.84290727	0.75
144.244695471	1200	9.455171576382826	0.0	487812	4179.45637349	1.2
149.899525639	1200	7.8003414085213025	0.0	575591	5654.83016786	1.2
156.548929591	1200	5.150937456975759	0.0	605884	6649.40395155	1.2
160.47312347	750	5.2267435778334725	0.0	390680	3924.19387914	0.3
163.88920144	750	5.810665607175832	0.0	345516	3416.07797066	0.75
167.571275956	750	6.128591091940387	0.0	384505	3682.07451524	0.75
171.730915789	750	5.968951258145359	0.0	372093	4159.6398338	0.75
177.984561404	750	4.0	0.28469435588975556	438281	6253.64561404	-0.4741857303259489
182.736429744	300	4.0	0.7518683400810178	167025	4751.86834008	-3.3830338623483764
186.628478291	750	4.107951452991509	0.0	393804	3892.04854701	0.3
190.008314407	750	4.728115336359617	0.0	331053	3379.83611663	0.75
196.855231174	1200	4.0	2.1188014304992677	550906	6846.91676686	-8.36084615114685

