1577287770.57	750	0.0	5.389	450283	5389	0	-23.1727
1577287770.61	300	2.517	0.0	155580	1483	0	-0.15000000000000002
1577287770.61	300	5.177	0.0	139857	1340	0	0.3
1577287770.62	300	7.694	0.0	155432	1483	0	0.3
1577287770.62	300	10.168	0.0	163442	1526	0	0.3
1577287770.62	300	12.989	0.0	126289	1179	0	0.3
1577287770.62	300	15.556	0.0	153295	1433	0	0.3
1577287770.63	750	15.848	0.0	437162	3708	0	0.3
1577287770.63	750	16.803	0.0	374758	3045	0	0.75
1577287770.63	750	17.903	0.0	362795	2900	0	0.75
1577287770.64	750	18.692	0.0	353220	3211	0	0.75
1577287770.64	750	18.763	0.0	405134	3929	0	0.75
1577287770.64	750	19.538	0.0	386351	3225	0	0.75
1577287770.64	750	19.295	0.0	434409	4243	0	0.75
1577287770.65	750	19.946	0.0	337059	3349	0	0.75
1577287770.65	750	20.437	0.0	366214	3509	0	0.75
1577287770.65	750	21.509	0.0	360831	2928	0	0.75
1577287770.65	750	22.426	0.0	372963	3083	0	0.75
1577287770.66	750	22.999	0.0	405596	3427	0	0.75
1577287770.66	750	23.712	0.0	350713	3287	0	0.75
1577287770.66	750	24.097	0.0	386472	3615	0	0.75
1577287770.67	750	24.283	0.0	399894	3814	0	0.75
1577287770.67	750	23.14	0.0	401853	5143	0	0.75
1577287770.67	750	24.26	0.0	343800	2880	0	0.75
1577287770.67	750	24.899	0.0	359903	3361	0	0.75
1577287770.68	750	25.079	0.0	379700	3820	0	0.75
1577287770.68	750	25.372	0.0	425781	3707	0	0.75
1577287770.68	1850	23.227	0.0	758197	6145	0	0.75
1577287770.68	1850	17.667	0.0	972798	9560	0	1.85
1577287770.69	1850	11.726	0.0	975811	9941	0	1.85
1577287770.69	1850	8.075	0.0	873429	7651	0	1.85
1577287770.69	750	8.22	0.0	400322	3855	0	-0.3500000000000001
1577287770.7	300	10.957	0.0	143881	1263	0	-0.15000000000000002
1577287770.7	300	13.522	0.0	163444	1435	0	0.3
1577287770.7	300	15.799	0.0	179328	1723	0	0.3
1577287770.7	750	16.082	0.0	365161	3717	0	0.3
1577287770.71	750	16.911	0.0	321064	3171	0	0.75
1577287770.71	750	17.622	0.0	361565	3289	0	0.75
1577287770.71	750	18.56	0.0	378327	3062	0	0.75
1577287770.71	750	19.484	0.0	390680	3076	0	0.75
1577287770.72	750	20.699	0.0	345516	2785	0	0.75
1577287770.72	750	20.071	0.0	384505	4628	0	0.75
1577287770.72	750	20.555	0.0	372093	3516	0	0.75
1577287770.72	750	20.458	0.0	438281	4097	0	0.75
1577287770.73	750	20.811	0.0	398987	3647	0	0.75
1577287770.73	750	21.314	0.0	393804	3497	0	0.75
1577287770.73	1850	15.45	0.0	830730	9864	0	0.75
1577287770.74	750	13.169	0.0	314107	6281	0	-0.3500000000000001
1577287770.74	750	14.974	0.0	255954	2195	0	0.75
