1573526440.05	750	4	1.193	2354772	1070	17605.7719626	-5.129899999999999
1573526441.12	4300	8	0.0	2123065	931	17896.7621778	0.75
1573526442.31	4300	12	0.0	2177073	1047	17442.2135812	4.3
1573526443.87	4300	16.0	0.0	2160877	1408	15395.8935442	4.3
1573526445.17	4300	20	0.0	2233056	1169	15372.0466319	4.3
1573526446.14	4300	24	0.0	1941625	839	15390.927834	4.3
1573526447.19	4300	28	0.0	2157535	916	15454.8648841	4.3
1573526448.11	4300	32	0.0	2290172	786	16052.6846512	4.3
1573526448.96	4300	36	0.0	2055469	724	18786.3269085	4.3
1573526449.91	4300	40	0.0	2169201	811	20645.5316164	4.3
1573526450.96	4300	44	0.0	2173522	926	20667.8783839	4.3
1573526451.98	4300	48	0.0	2102452	879	20759.8930532	4.3
1573526452.93	4300	52	0.0	2209463	818	20494.4457582	4.3
1573526453.9	4300	56	0.0	2275376	838	20383.0615918	4.3
