1573527354.07	750	4	2.477	2354772	2372	7941.89544688	-10.6511
1573527357.61	4300	8	0.0	2123065	3390	5907.9786987	0.75
1573527366.71	4300	12	0.0	2177073	8944	2641.00478972	4.3
1573527368.45	1850	16.0	0.0	933276	1501	2760.9434074	-0.6000000000000001
1573527369.78	1850	20	0.0	996749	1188	2876.59100185	1.85
1573527371.13	1850	24	0.0	801058	1214	2715.94606499	1.85
1573527372.47	1850	28	0.0	905515	1208	2553.96174985	1.85
1573527373.88	1850	32	0.0	1060487	1276	5795.38132214	1.85
1573527376.73	4300	36	0.0	2055469	2686	6111.04141047	1.8499999999999996
1573527379.56	4300	40	0.0	2169201	2691	6134.38906592	4.3
1573527382.62	4300	44	0.0	2173522	2932	6189.41602159	4.3
1573527386.11	4300	48	0.0	2102452	3340	5860.10608656	4.3
1573527392.38	4300	52	0.0	2209463	6111	4303.96618157	4.3
1573527396.38	4300	56	0.0	2275376	3790	4213.73499516	4.3
