1573557995.32	750	4	4.511	2354772	4392	4289.20218579	-19.397299999999998
1573557998.7	4300	8	0.0	2123065	3231	4652.12391914	0.75
1573558001.88	4300	12	0.0	2177073	3005	4927.03283669	4.3
1573558004.89	4300	16.0	0.0	2160877	2879	5122.98027649	4.3
1573558007.62	4300	20	0.0	2233056	2593	5343.65046811	4.3
1573558021.74	4300	24	0.0	1941625	13981	1762.77745163	4.3
1573558023.3	1850	28	0.0	905515	1307	1674.27574641	-0.6000000000000001
1573558025.65	1850	32	0.0	1060487	2186	1611.4919206	1.85
1573558030.99	1850	36	0.0	852833	5205	1425.3490539	1.85
1573558032.09	1850	40	0.0	913888	961	1352.37636461	1.85
1573558033.3	1850	44	0.0	939819	1072	2125.32197046	1.85
1573558037.04	4300	48	0.0	2102452	3603	2332.44799437	1.8499999999999996
1573558040.95	4300	52	0.0	2209463	3769	2507.92623514	4.3
1573558043.46	4300	56	0.0	2275376	2369	5443.48363094	4.3
