1573527043.96	750	4	2.468	2354772	2366	7962.03550296	-10.6124
1573527047.51	4300	8	0.0	2123065	3412	5880.36055569	0.75
1573527056.56	4300	12	0.0	2177073	8888	2657.70203568	4.3
1573527058.3	1850	16.0	0.0	933276	1515	2777.51259139	-0.6000000000000001
1573527059.63	1850	20	0.0	996749	1180	2893.33901157	1.85
1573527060.99	1850	24	0.0	801058	1229	2731.83358049	1.85
1573527062.33	1850	28	0.0	905515	1208	2570.17715391	1.85
1573527063.73	1850	32	0.0	1060487	1276	5767.34925943	1.85
1573527066.57	4300	36	0.0	2055469	2704	6085.82176769	1.8499999999999996
1573527069.42	4300	40	0.0	2169201	2680	6115.3066366	4.3
1573527072.48	4300	44	0.0	2173522	2934	6183.33559113	4.3
1573527075.96	4300	48	0.0	2102452	3330	5861.76640331	4.3
1573527082.09	4300	52	0.0	2209463	5970	4372.51462188	4.3
1573527086.14	4300	56	0.0	2275376	3885	4259.16357743	4.3
