1573525819.71	750	4	1.177	2354772	1066	17671.8348968	-5.0611
1573525820.8	4300	8	0.0	2123065	942	17838.1966863	0.75
1573525822.0	4300	12	0.0	2177073	1062	17312.908762	4.3
1573525823.53	4300	16.0	0.0	2160877	1379	15484.0278711	4.3
1573525824.85	4300	20	0.0	2233056	1180	15410.4822569	4.3
1573525825.83	4300	24	0.0	1941625	831	15437.6042268	4.3
1573525826.89	4300	28	0.0	2157535	920	15517.1078535	4.3
1573525827.83	4300	32	0.0	2290172	810	16138.5767641	4.3
1573525828.69	4300	36	0.0	2055469	707	18716.9339276	4.3
1573525829.67	4300	40	0.0	2169201	837	20517.4631609	4.3
1573525830.75	4300	44	0.0	2173522	916	20552.2929098	4.3
1573525831.74	4300	48	0.0	2102452	839	20891.3847083	4.3
1573525832.73	4300	52	0.0	2209463	837	20627.6170019	4.3
1573525833.77	4300	56	0.0	2275376	899	20176.2438521	4.3
