1573557741.77	750	4	4.558	2354772	4409	4272.66409617	-19.5994
1573557745.19	4300	8	0.0	2123065	3276	4618.97587818	0.75
1573557748.31	4300	12	0.0	2177073	2988	4903.94311475	4.3
1573557751.34	4300	16.0	0.0	2160877	2891	5099.46046251	4.3
1573557754.11	4300	20	0.0	2233056	2610	5318.27644782	4.3
1573557768.22	4300	24	0.0	1941625	13981	1764.22555828	4.3
1573557769.76	1850	28	0.0	905515	1293	1674.36107763	-0.6000000000000001
1573557772.09	1850	32	0.0	1060487	2191	1612.15928748	1.85
1573557777.47	1850	36	0.0	852833	5197	1426.12853579	1.85
1573557778.57	1850	40	0.0	913888	973	1352.97793777	1.85
1573557779.77	1850	44	0.0	939819	1054	2127.74425446	1.85
1573557783.35	4300	48	0.0	2102452	3432	2334.94212585	1.8499999999999996
1573557787.44	4300	52	0.0	2209463	3931	2510.4697087	4.3
1573557789.95	4300	56	0.0	2275376	2372	5443.18367273	4.3
