1573527767.72	750	4	2.484	2354772	2379	7918.52711223	-10.681199999999999
1573527771.25	4300	8	0.0	2123065	3393	5900.30353246	0.75
1573527780.33	4300	12	0.0	2177073	8929	2646.01326427	4.3
1573527782.07	1850	16.0	0.0	933276	1519	2765.58377584	-0.6000000000000001
1573527783.39	1850	20	0.0	996749	1200	2881.46623757	1.85
1573527784.74	1850	24	0.0	801058	1226	2720.39604242	1.85
1573527786.09	1850	28	0.0	905515	1212	2558.95005684	1.85
1573527787.48	1850	32	0.0	1060487	1265	5756.70033565	1.85
1573527790.38	4300	36	0.0	2055469	2752	6041.35720473	1.8499999999999996
1573527793.22	4300	40	0.0	2169201	2705	6073.64562453	4.3
1573527796.28	4300	44	0.0	2173522	2934	6144.69809753	4.3
1573527799.77	4300	48	0.0	2102452	3352	5822.93331741	4.3
1573527805.88	4300	52	0.0	2209463	5947	4372.02732484	4.3
1573527809.94	4300	56	0.0	2275376	3892	4262.34186133	4.3
