1573526336.67	750	4	1.193	2354772	1070	17605.7719626	-5.129899999999999
1573526337.76	4300	8	0.0	2123065	941	17810.6276869	0.75
1573526338.96	4300	12	0.0	2177073	1056	17333.8175225	4.3
1573526340.5	4300	16.0	0.0	2160877	1398	15396.8944082	4.3
1573526341.8	4300	20	0.0	2233056	1167	15378.3921559	4.3
1573526342.77	4300	24	0.0	1941625	834	15406.9362452	4.3
1573526343.82	4300	28	0.0	2157535	926	15472.5843263	4.3
1573526344.74	4300	32	0.0	2290172	778	16108.6558436	4.3
1573526345.58	4300	36	0.0	2055469	708	18841.7766961	4.3
1573526346.54	4300	40	0.0	2169201	803	20749.6266701	4.3
1573526347.61	4300	44	0.0	2173522	909	20841.2820913	4.3
1573526348.61	4300	48	0.0	2102452	856	21140.8193215	4.3
1573526349.56	4300	52	0.0	2209463	814	20844.9125373	4.3
1573526350.53	4300	56	0.0	2275376	838	20655.3066514	4.3
