1573558247.18	750	4	3.239	2354772	3123	6032.07684918	-13.9277
1573558250.25	4300	8	0.0	2123065	2928	5917.86748329	0.75
1573558252.82	4300	12	0.0	2177073	2429	6229.53799049	4.3
1573558255.64	4300	16.0	0.0	2160877	2679	6281.71359833	4.3
1573558258.41	4300	20	0.0	2233056	2614	6379.5863459	4.3
1573558260.57	4300	24	0.0	1941625	2000	6662.44788831	4.3
1573558274.35	4300	28	0.0	2157535	13620	1922.51141628	4.3
1573558276.16	1850	32	0.0	1060487	1544	1858.46228125	-0.6000000000000001
1573558277.56	1850	36	0.0	852833	1220	1766.52231254	1.85
1573558283.27	1850	40	0.0	913888	5569	1521.19741513	1.85
1573558284.63	1850	44	0.0	939819	1191	1476.27498047	1.85
1573558285.67	1850	48	0.0	917428	921	2070.20422137	1.85
1573558287.71	2850	52	0.0	1422919	1818	2120.58062191	1.85
1573558292.84	4300	56	0.0	2275376	4982	2335.59952489	2.8499999999999996
