1573527250.72	750	4	2.482	2354772	2373	7938.54867257	-10.672600000000001
1573527254.23	4300	8	0.0	2123065	3375	5928.40989609	0.75
1573527263.32	4300	12	0.0	2177073	8952	2638.74372688	4.3
1573527265.03	1850	16.0	0.0	933276	1467	2759.30848914	-0.6000000000000001
1573527266.35	1850	20	0.0	996749	1195	2875.3783005	1.85
1573527267.7	1850	24	0.0	801058	1226	2714.3588962	1.85
1573527269.05	1850	28	0.0	905515	1213	2552.19021242	1.85
1573527270.44	1850	32	0.0	1060487	1264	5821.7818371	1.85
1573527273.3	4300	36	0.0	2055469	2730	6062.14757183	1.8499999999999996
1573527276.12	4300	40	0.0	2169201	2687	6099.2547643	4.3
1573527279.13	4300	44	0.0	2173522	2883	6198.21173847	4.3
1573527282.42	4300	48	0.0	2102452	3164	5973.32418016	4.3
1573527287.9	4300	52	0.0	2209463	5352	4719.60519536	4.3
1573527292.73	4300	56	0.0	2275376	4688	4348.73173741	4.3
