1573526938.55	750	4	0.523	450283	420	8576.81904762	-2.2489
1573526941.05	4300	8	0.0	2123065	2272	7628.39470905	0.75
1573526945.04	4300	12	0.0	2177073	3859	5423.31692347	4.3
1573526953.84	4300	16.0	0.0	2160877	8664	2741.3413458	4.3
1573526956.06	2850	20	0.0	1472558	1947	2922.6887025	1.4000000000000001
1573526958.02	2850	24	0.0	1224260	1833	3012.45156426	2.85
1573526959.71	2850	28	0.0	1388403	1565	2937.53121407	2.85
1573526962.15	2850	32	0.0	1638769	2312	2896.18520084	2.85
1573526963.84	2850	36	0.0	1348011	1569	6064.34712585	2.85
1573526966.69	4300	40	0.0	2169201	2704	6158.94560075	2.8499999999999996
1573526969.75	4300	44	0.0	2173522	2933	6252.49146579	4.3
1573526973.84	4300	48	0.0	2102452	3944	5435.04786018	4.3
1573526980.02	4300	52	0.0	2209463	6056	4151.9756806	4.3
1573526983.63	4300	56	0.0	2275376	3472	4174.07944609	4.3
