1573527560.97	750	4	2.461	2354772	2355	7999.22547771	-10.5823
1573527564.52	4300	8	0.0	2123065	3405	5895.4384914	0.75
1573527573.51	4300	12	0.0	2177073	8838	2672.72247101	4.3
1573527575.22	1850	16.0	0.0	933276	1486	2793.52253217	-0.6000000000000001
1573527576.55	1850	20	0.0	996749	1195	2910.54414243	1.85
1573527577.9	1850	24	0.0	801058	1213	2748.1805982	1.85
1573527579.25	1850	28	0.0	905515	1213	2586.05951585	1.85
1573527581.72	2850	32	0.0	1638769	2247	5688.9736294	1.85
1573527584.27	4300	36	0.0	2055469	2423	6123.57189381	2.8499999999999996
1573527587.12	4300	40	0.0	2169201	2722	6129.26918445	4.3
1573527590.18	4300	44	0.0	2173522	2929	6182.43445128	4.3
1573527594.32	4300	48	0.0	2102452	3996	5481.52458529	4.3
1573527600.5	4300	52	0.0	2209463	6038	4221.65180951	4.3
1573527604.08	4300	56	0.0	2275376	3437	4173.97699539	4.3
