1573527871.14	750	4	2.494	2354772	2376	7928.52525253	-10.7242
1573527874.67	4300	8	0.0	2123065	3384	5914.32590771	0.75
1573527883.75	4300	12	0.0	2177073	8944	2641.30250411	4.3
1573527885.48	1850	16.0	0.0	933276	1496	2761.34649386	-0.6000000000000001
1573527886.8	1850	20	0.0	996749	1178	2876.80493585	1.85
1573527888.14	1850	24	0.0	801058	1218	2715.75956324	1.85
1573527889.49	1850	28	0.0	905515	1208	2553.56664052	1.85
1573527890.88	1850	32	0.0	1060487	1264	5811.68305702	1.85
1573527893.76	4300	36	0.0	2055469	2752	6067.58795862	1.8499999999999996
1573527896.6	4300	40	0.0	2169201	2713	6079.14829179	4.3
1573527899.67	4300	44	0.0	2173522	2932	6144.60816002	4.3
1573527903.16	4300	48	0.0	2102452	3354	5820.01658214	4.3
1573527909.27	4300	52	0.0	2209463	5947	4371.17364096	4.3
1573527913.33	4300	56	0.0	2275376	3893	4261.43888611	4.3
