1573527147.38	750	4	2.471	2354772	2366	7962.03550296	-10.6253
1573527150.96	4300	8	0.0	2123065	3421	5867.89731309	0.75
1573527159.98	4300	12	0.0	2177073	8870	2663.18093355	4.3
1573527161.7	1850	16.0	0.0	933276	1475	2783.79581885	-0.6000000000000001
1573527163.03	1850	20	0.0	996749	1192	2900.31100458	1.85
1573527164.38	1850	24	0.0	801058	1214	2738.24676522	1.85
1573527165.72	1850	28	0.0	905515	1215	2576.42099638	1.85
1573527168.18	2850	32	0.0	1638769	2243	5701.98922303	1.85
1573527170.73	4300	36	0.0	2055469	2413	6132.071872	2.8499999999999996
1573527173.58	4300	40	0.0	2169201	2721	6135.47284172	4.3
1573527176.65	4300	44	0.0	2173522	2931	6187.41712487	4.3
1573527180.79	4300	48	0.0	2102452	4004	5479.91533837	4.3
1573527186.97	4300	52	0.0	2209463	6034	4221.96982573	4.3
1573527190.55	4300	56	0.0	2275376	3442	4173.13275193	4.3
