1573558122.0	750	4	4.523	2354772	4415	4266.85753114	-19.4489
1573558125.37	4300	8	0.0	2123065	3225	4638.51625265	0.75
1573558128.56	4300	12	0.0	2177073	3015	4912.38461868	4.3
1573558131.58	4300	16.0	0.0	2160877	2885	5108.50804279	4.3
1573558134.35	4300	20	0.0	2233056	2591	5330.32356729	4.3
1573558148.5	4300	24	0.0	1941625	14001	1760.03392279	4.3
1573558150.03	1850	28	0.0	905515	1298	1671.60084069	-0.6000000000000001
1573558152.39	1850	32	0.0	1060487	2193	1608.76328199	1.85
1573558157.73	1850	36	0.0	852833	5206	1423.30947658	1.85
1573558158.81	1850	40	0.0	913888	955	1350.31139455	1.85
1573558160.06	1850	44	0.0	939819	1108	2126.53024238	1.85
1573558164.07	4300	48	0.0	2102452	3830	2332.15861138	1.8499999999999996
1573558167.74	4300	52	0.0	2209463	3429	2505.78581242	4.3
1573558170.24	4300	56	0.0	2275376	2368	5479.46792839	4.3
