1573526233.32	750	4	1.189	2354772	1071	17589.3333333	-5.1127
1573526234.38	4300	8	0.0	2123065	930	17896.1088352	0.75
1573526235.56	4300	12	0.0	2177073	1049	17429.2452801	4.3
1573526237.11	4300	16.0	0.0	2160877	1398	15441.794967	4.3
1573526238.41	4300	20	0.0	2233056	1161	15430.4462982	4.3
1573526239.4	4300	24	0.0	1941625	846	15440.6459829	4.3
1573526240.44	4300	28	0.0	2157535	907	15519.8485763	4.3
1573526241.36	4300	32	0.0	2290172	792	16127.190488	4.3
1573526242.21	4300	36	0.0	2055469	722	18832.2157967	4.3
1573526243.17	4300	40	0.0	2169201	825	20573.4380632	4.3
1573526244.23	4300	44	0.0	2173522	927	20633.8575909	4.3
1573526245.25	4300	48	0.0	2102452	880	20665.8836535	4.3
1573526246.19	4300	52	0.0	2209463	812	20453.045154	4.3
1573526247.16	4300	56	0.0	2275376	840	20327.6106911	4.3
