1573526129.88	750	4	1.177	2354772	1068	17638.741573	-5.0611
1573526130.97	4300	8	0.0	2123065	939	17846.0676756	0.75
1573526132.16	4300	12	0.0	2177073	1057	17348.9293232	4.3
1573526133.7	4300	16.0	0.0	2160877	1406	15362.7187354	4.3
1573526135.01	4300	20	0.0	2233056	1173	15334.8791995	4.3
1573526135.97	4300	24	0.0	1941625	828	15368.0586531	4.3
1573526137.03	4300	28	0.0	2157535	922	15436.600101	4.3
1573526137.97	4300	32	0.0	2290172	800	16043.4500523	4.3
1573526138.83	4300	36	0.0	2055469	717	18765.5312755	4.3
1573526139.79	4300	40	0.0	2169201	819	20611.7923729	4.3
1573526140.84	4300	44	0.0	2173522	914	20638.8861953	4.3
1573526141.84	4300	48	0.0	2102452	866	20842.6184376	4.3
1573526142.8	4300	52	0.0	2209463	829	20578.0054681	4.3
1573526143.79	4300	56	0.0	2275376	850	20385.3669572	4.3
