1573557868.62	750	4	4.529	2354772	4411	4270.72681932	-19.474700000000002
1573557872.01	4300	8	0.0	2123065	3243	4633.00627672	0.75
1573557875.19	4300	12	0.0	2177073	3030	4902.7287926	4.3
1573557878.24	4300	16.0	0.0	2160877	2879	5101.42936292	4.3
1573557881.02	4300	20	0.0	2233056	2621	5318.07012718	4.3
1573557895.21	4300	24	0.0	1941625	14055	1753.66660757	4.3
1573557896.79	1850	28	0.0	905515	1299	1665.35126547	-0.6000000000000001
1573557899.13	1850	32	0.0	1060487	2216	1602.81746661	1.85
1573557904.31	1850	36	0.0	852833	4096	1483.35908599	1.85
1573557905.42	1850	40	0.0	913888	960	1404.07825671	1.85
1573557906.67	1850	44	0.0	939819	1106	2718.60430528	1.85
1573557910.69	4300	48	0.0	2102452	3854	2905.66469867	1.8499999999999996
1573557914.34	4300	52	0.0	2209463	3429	3129.58529111	4.3
1573557916.85	4300	56	0.0	2275376	2370	5461.81324641	4.3
