1573558183.82	750	4	3.263	2354772	3151	5978.47540463	-14.030899999999999
1573558186.9	4300	8	0.0	2123065	2932	5887.5218872	0.75
1573558189.47	4300	12	0.0	2177073	2428	6204.78559359	4.3
1573558192.31	4300	16.0	0.0	2160877	2695	6253.95359401	4.3
1573558195.09	4300	20	0.0	2233056	2614	6356.01647299	4.3
1573558197.25	4300	24	0.0	1941625	2000	6651.1735303	4.3
1573558210.95	4300	28	0.0	2157535	13541	1936.31731061	4.3
1573558212.76	1850	32	0.0	1060487	1575	1872.54172764	-0.6000000000000001
1573558214.08	1850	36	0.0	852833	1133	1776.52571468	1.85
1573558219.91	1850	40	0.0	913888	5673	1517.59086682	1.85
1573558221.21	1850	44	0.0	939819	1163	1471.73925313	1.85
1573558222.25	1850	48	0.0	917428	901	2019.148226	1.85
1573558224.21	2850	52	0.0	1422919	1737	2061.35992981	1.85
1573558229.4	4300	56	0.0	2275376	5013	2285.72534543	2.8499999999999996
