1573526543.41	750	4	1.197	2354772	1070	17605.7719626	-5.147099999999999
1573526544.48	4300	8	0.0	2123065	932	17888.1570796	0.75
1573526545.67	4300	12	0.0	2177073	1049	17424.4443468	4.3
1573526547.2	4300	16.0	0.0	2160877	1401	15424.0169775	4.3
1573526548.5	4300	20	0.0	2233056	1161	15416.3709526	4.3
1573526549.48	4300	24	0.0	1941625	852	15412.0414003	4.3
1573526550.49	4300	28	0.0	2157535	876	15548.9182266	4.3
1573526551.42	4300	32	0.0	2290172	798	16155.2451394	4.3
1573526552.25	4300	36	0.0	2055469	697	18982.7994436	4.3
1573526553.2	4300	40	0.0	2169201	801	20907.6537568	4.3
1573526554.26	4300	44	0.0	2173522	926	21010.4150335	4.3
1573526555.29	4300	48	0.0	2102452	888	20813.3455242	4.3
1573526556.21	4300	52	0.0	2209463	792	20706.4221929	4.3
1573526557.19	4300	56	0.0	2275376	855	20410.3851054	4.3
