1573525715.65	750	4	0.473	450283	375	9606.03733333	-2.0339
1573525717.64	4300	8	0.0	2123065	1737	9747.08178691	0.75
1573525719.46	4300	12	0.0	2177073	1671	10034.4546456	4.3
1573525721.13	4300	16.0	0.0	2160877	1533	10363.656319	4.3
1573525722.75	4300	20	0.0	2233056	1474	10700.2184602	4.3
1573525724.1	4300	24	0.0	1941625	1212	11052.0571019	4.3
1573525725.56	4300	28	0.0	2157535	1323	11750.1711326	4.3
1573525727.04	4300	32	0.0	2290172	1322	12504.2579189	4.3
1573525728.35	4300	36	0.0	2055469	1161	13116.2296668	4.3
1573525729.64	4300	40	0.0	2169201	1154	13713.1415718	4.3
1573525730.97	4300	44	0.0	2173522	1181	14093.8112438	4.3
1573525732.24	4300	48	0.0	2102452	1123	14515.2064416	4.3
1573525733.52	4300	52	0.0	2209463	1126	14897.5321521	4.3
1573525735.4	4300	56	0.0	2275376	1708	13562.5234774	4.3
