1573526026.48	750	4	1.183	2354772	1069	17622.2413471	-5.0869
1573526027.55	4300	8	0.0	2123065	933	17888.7549006	0.75
1573526028.75	4300	12	0.0	2177073	1054	17393.3993177	4.3
1573526030.29	4300	16.0	0.0	2160877	1397	15430.0168505	4.3
1573526031.62	4300	20	0.0	2233056	1184	15356.9461126	4.3
1573526032.59	4300	24	0.0	1941625	825	15398.8397563	4.3
1573526033.66	4300	28	0.0	2157535	919	15461.3312724	4.3
1573526034.62	4300	32	0.0	2290172	809	16051.901696	4.3
1573526035.46	4300	36	0.0	2055469	711	18713.8100003	4.3
1573526036.44	4300	40	0.0	2169201	840	20532.9635291	4.3
1573526037.5	4300	44	0.0	2173522	914	20543.8871549	4.3
1573526038.49	4300	48	0.0	2102452	841	20865.0552137	4.3
1573526039.45	4300	52	0.0	2209463	840	20584.197691	4.3
1573526040.44	4300	56	0.0	2275376	860	20326.0829842	4.3
