1573526646.82	750	4	1.188	2354772	1070	17605.7719626	-5.1084
1573526647.89	4300	8	0.0	2123065	931	17896.7621778	0.75
1573526649.08	4300	12	0.0	2177073	1049	17429.651838	4.3
1573526650.61	4300	16.0	0.0	2160877	1400	15431.6147808	4.3
1573526651.91	4300	20	0.0	2233056	1160	15425.1471535	4.3
1573526652.89	4300	24	0.0	1941625	850	15425.1129272	4.3
1573526653.93	4300	28	0.0	2157535	909	15502.3720473	4.3
1573526654.86	4300	32	0.0	2290172	795	16102.7776204	4.3
1573526655.71	4300	36	0.0	2055469	721	18806.848327	4.3
1573526656.68	4300	40	0.0	2169201	826	20524.3281732	4.3
1573526657.74	4300	44	0.0	2173522	924	20627.5993228	4.3
1573526658.75	4300	48	0.0	2102452	880	20671.2528417	4.3
1573526659.69	4300	52	0.0	2209463	811	20473.9951033	4.3
1573526660.66	4300	56	0.0	2275376	843	20331.3408375	4.3
