1573557931.94	750	4	4.525	2354772	4408	4273.63339383	-19.4575
1573557935.34	4300	8	0.0	2123065	3250	4631.86235378	0.75
1573557938.52	4300	12	0.0	2177073	3032	4901.05668517	4.3
1573557941.58	4300	16.0	0.0	2160877	2884	5098.59667051	4.3
1573557944.36	4300	20	0.0	2233056	2620	5315.52013443	4.3
1573557958.6	4300	24	0.0	1941625	14103	1746.92457545	4.3
1573557960.14	1850	28	0.0	905515	1305	1658.98065158	-0.6000000000000001
1573557966.29	1850	32	0.0	1060487	5986	1483.72618328	1.85
1573557967.65	1850	36	0.0	852833	1220	1412.42730373	1.85
1573557968.77	1850	40	0.0	913888	970	1339.2281412	1.85
1573557970.02	1850	44	0.0	939819	1124	2132.28858086	1.85
1573557974.06	4300	48	0.0	2102452	3886	2339.49493832	1.8499999999999996
1573557977.7	4300	52	0.0	2209463	3450	5105.25248025	4.3
1573557980.25	4300	56	0.0	2275376	2372	5421.16589504	4.3
