1573558310.52	750	4	3.258	2354772	3156	5969.00380228	-14.0094
1573558313.58	4300	8	0.0	2123065	2915	5899.7665384	0.75
1573558316.16	4300	12	0.0	2177073	2436	6210.67210624	4.3
1573558319.0	4300	16.0	0.0	2160877	2707	6252.11770231	4.3
1573558321.77	4300	20	0.0	2233056	2605	6357.96479403	4.3
1573558323.95	4300	24	0.0	1941625	2000	6656.75198404	4.3
1573558337.58	4300	28	0.0	2157535	13467	1949.30819374	4.3
1573558339.4	1850	32	0.0	1060487	1596	1885.18219183	-0.6000000000000001
1573558340.72	1850	36	0.0	852833	1138	1788.25574756	1.85
1573558346.61	1850	40	0.0	913888	5698	1522.64182578	1.85
1573558347.92	1850	44	0.0	939819	1161	1476.54784445	1.85
1573558348.95	1850	48	0.0	917428	901	2010.05555945	1.85
1573558350.91	2850	52	0.0	1422919	1736	2050.81491656	1.85
1573558356.09	4300	56	0.0	2275376	5014	2275.52801649	2.8499999999999996
