1573525923.06	750	4	1.176	2354772	1068	17638.741573	-5.0568
1573525924.14	4300	8	0.0	2123065	937	17863.3726236	0.75
1573525925.34	4300	12	0.0	2177073	1057	17359.3182719	4.3
1573525926.88	4300	16.0	0.0	2160877	1402	15388.1431161	4.3
1573525928.18	4300	20	0.0	2233056	1168	15368.7133047	4.3
1573525929.14	4300	24	0.0	1941625	830	15399.9452875	4.3
1573525930.19	4300	28	0.0	2157535	920	15468.6573608	4.3
1573525931.11	4300	32	0.0	2290172	777	16108.8606547	4.3
1573525931.95	4300	36	0.0	2055469	709	18878.9750881	4.3
1573525932.91	4300	40	0.0	2169201	806	20798.0349246	4.3
1573525933.97	4300	44	0.0	2173522	913	20840.3445933	4.3
1573525934.98	4300	48	0.0	2102452	878	20967.6676971	4.3
1573525935.94	4300	52	0.0	2209463	816	20667.1540884	4.3
1573525936.93	4300	56	0.0	2275376	843	20469.6693946	4.3
