1573557805.26	750	4	4.546	2354772	4438	4244.7444795	-19.5478
1573557808.64	4300	8	0.0	2123065	3237	4616.67233165	0.75
1573557811.82	4300	12	0.0	2177073	3036	4887.12283329	4.3
1573557814.87	4300	16.0	0.0	2160877	2880	5087.43593458	4.3
1573557817.65	4300	20	0.0	2233056	2619	5305.29290531	4.3
1573557831.82	4300	24	0.0	1941625	14035	1756.60854711	4.3
1573557833.35	1850	28	0.0	905515	1290	1668.04498224	-0.6000000000000001
1573557835.74	1850	32	0.0	1060487	2212	1605.10842023	1.85
1573557840.94	1850	36	0.0	852833	4097	1484.98823149	1.85
1573557842.04	1850	40	0.0	913888	954	1405.36926421	1.85
1573557843.29	1850	44	0.0	939819	1106	2717.87997572	1.85
1573557847.33	4300	48	0.0	2102452	3856	2905.06519222	1.8499999999999996
1573557850.97	4300	52	0.0	2209463	3431	3128.38906165	4.3
1573557853.47	4300	56	0.0	2275376	2370	5460.57003894	4.3
