1573527664.28	750	4	2.478	2354772	2378	7921.85702271	-10.6554
1573527667.8	4300	8	0.0	2123065	3385	5911.92321408	0.75
1573527676.87	4300	12	0.0	2177073	8929	2646.03410362	4.3
1573527678.6	1850	16.0	0.0	933276	1472	2766.54211272	-0.6000000000000001
1573527679.93	1850	20	0.0	996749	1206	2882.95398666	1.85
1573527681.28	1850	24	0.0	801058	1227	2721.3926406	1.85
1573527682.64	1850	28	0.0	905515	1208	2559.31243686	1.85
1573527684.03	1850	32	0.0	1060487	1264	5811.53743205	1.85
1573527686.91	4300	36	0.0	2055469	2736	6053.14842589	1.8499999999999996
1573527689.76	4300	40	0.0	2169201	2719	6078.59748426	4.3
1573527692.82	4300	44	0.0	2173522	2931	6151.60120105	4.3
1573527696.31	4300	48	0.0	2102452	3353	5825.58584667	4.3
1573527702.42	4300	52	0.0	2209463	5946	4373.22366322	4.3
1573527706.48	4300	56	0.0	2275376	3889	4262.4089521	4.3
