1573527457.49	750	4	2.491	2354772	2374	7935.20471778	-10.7113
1573527461.05	4300	8	0.0	2123065	3415	5872.3187718	0.75
1573527470.08	4300	12	0.0	2177073	8886	2658.76552063	4.3
1573527471.76	1850	16.0	0.0	933276	1453	2779.61260152	-0.6000000000000001
1573527473.09	1850	20	0.0	996749	1203	2896.3498049	1.85
1573527474.44	1850	24	0.0	801058	1225	2734.03320607	1.85
1573527475.78	1850	28	0.0	905515	1213	2572.12146477	1.85
1573527478.22	2850	32	0.0	1638769	2210	5732.77196488	1.85
1573527480.78	4300	36	0.0	2055469	2416	6140.62126464	2.8499999999999996
1573527483.63	4300	40	0.0	2169201	2713	6153.19695628	4.3
1573527486.7	4300	44	0.0	2173522	2940	6205.64074688	4.3
1573527490.79	4300	48	0.0	2102452	3963	5514.80159596	4.3
1573527497.0	4300	52	0.0	2209463	6059	4220.05883216	4.3
1573527500.63	4300	56	0.0	2275376	3474	4167.40979155	4.3
