1573558057.1	750	4	3.239	2354772	3122	6034.00896861	-13.9277
1573558060.17	4300	8	0.0	2123065	2910	5937.13554979	0.75
1573558062.74	4300	12	0.0	2177073	2439	6239.99503548	4.3
1573558065.57	4300	16.0	0.0	2160877	2686	6286.07639435	4.3
1573558068.34	4300	20	0.0	2233056	2615	6382.84353047	4.3
1573558070.49	4300	24	0.0	1941625	1999	6666.07918389	4.3
1573558084.26	4300	28	0.0	2157535	13598	1926.81123674	4.3
1573558086.08	1850	32	0.0	1060487	1548	1862.33378917	-0.6000000000000001
1573558087.49	1850	36	0.0	852833	1219	1769.92045117	1.85
1573558093.2	1850	40	0.0	913888	5570	1523.11761889	1.85
1573558094.53	1850	44	0.0	939819	1174	1477.56884036	1.85
1573558095.59	1850	48	0.0	917428	921	2068.74433364	1.85
1573558097.63	2850	52	0.0	1422919	1809	2118.39108715	1.85
1573558102.76	4300	56	0.0	2275376	4969	2334.66633251	2.8499999999999996
