1574088370.31	750	4	1.245	450283	1088	8768.38235294	-5.3535
1574088372.6	1850	8	0.0	957685	2064	5961.92893401	0.75
1574088376.35	4300	12	0.0	2177073	3494	3883.8399037	1.8499999999999996
1574088379.56	4300	16.0	0.0	2160877	3075	1747.96831602	4.3
1574088382.68	4300	20	0.0	2233056	2969	997.635933806	4.3
1574088385.12	4300	24	0.0	1941625	2313	4794.82572763	4.3
1574088399.01	4300	28	0.0	2157535	13752	6020.38823575	4.3
1574088402.64	4300	32	0.0	2290172	3412	4137.7688962	4.3
1574088410.0	4300	36	0.0	2055469	7214	4110.58664869	4.3
1574088412.76	4300	40	0.0	2169201	2613	5346.02784603	4.3
1574088417.91	4300	44	0.0	2173522	5007	4007.12544534	4.3
1574088420.18	4300	48	0.0	2102452	2110	4312.24209078	4.3
1574088422.62	4300	52	0.0	2209463	2289	2623.61566058	4.3
1574088426.26	4300	56	0.0	2275376	3515	1853.9976825	4.3
