1574084595.17	750	4	1.175	2354772	1075	8885.58139535	-5.0525
1574084596.25	4300	8	0.0	2123065	942	9661.8740704	0.75
1574084597.44	4300	12	0.0	2177073	1059	6156.04681404	4.3
1574084598.95	4300	16.0	0.0	2160877	1384	5843.94618834	4.3
1574084600.27	4300	20	0.0	2233056	1184	4103.47271439	4.3
1574084601.23	4300	24	0.0	1941625	828	3802.1122846	4.3
1574084602.23	4300	28	0.0	2157535	874	3693.00056296	4.3
1574084603.17	4300	32	0.0	2290172	814	4036.19197482	4.3
1574084603.99	4300	36	0.0	2055469	670	2581.23569794	4.3
1574084604.94	4300	40	0.0	2169201	822	1062.8742515	4.3
1574084606.0	4300	44	0.0	2173522	927	2629.65668371	4.3
1574084607.01	4300	48	0.0	2102452	874	1913.80569759	4.3
1574084607.95	4300	52	0.0	2209463	810	1023.64123812	4.3
1574084608.91	4300	56	0.0	2275376	840	814.4161011	4.3
