1574084389.28	750	4	1.964	2354772	1841	8525.801195	-8.445199999999998
1574084390.95	4300	8	0.0	2123065	1521	5939.32183224	0.75
1574084392.61	4300	12	0.0	2177073	1525	5060.77348066	4.3
1574084394.11	4300	16.0	0.0	2160877	1370	3720.63289116	4.3
1574084395.57	4300	20	0.0	2233056	1333	4237.1541502	4.3
1574084396.81	4300	24	0.0	1941625	1107	3281.79696616	4.3
1574084398.18	4300	28	0.0	2157535	1228	941.642541521	4.3
1574084399.58	4300	32	0.0	2290172	1262	2514.28571429	4.3
1574084400.8	4300	36	0.0	2055469	1092	1275.32381269	4.3
1574084402.05	4300	40	0.0	2169201	1096	840.103716508	4.3
1574084403.3	4300	44	0.0	2173522	1122	2379.31034483	4.3
1574084404.51	4300	48	0.0	2102452	1080	6751.59235669	4.3
1574084405.75	4300	52	0.0	2209463	1099	6613.22645291	4.3
1574084407.59	4300	56	0.0	2275376	1711	5343.81139489	4.3
