1574087547.17	750	4	4.893	2354772	4721	4544.79983054	-21.0399
1574087549.61	2850	8	0.0	1431809	2202	3640.04044489	0.75
1574087552.77	4300	12	0.0	2177073	2991	1819.2455114	2.8499999999999996
1574087555.77	4300	16.0	0.0	2160877	2870	916.145181477	4.3
1574087558.57	4300	20	0.0	2233056	2657	5486.69127647	4.3
1574087572.35	4300	24	0.0	1941625	13642	6004.43313357	4.3
1574087575.66	4300	28	0.0	2157535	3158	4348.68473023	4.3
1574087583.42	4300	32	0.0	2290172	7565	4158.97230028	4.3
1574087586.03	4300	36	0.0	2055469	2485	5307.21523706	4.3
1574087591.16	4300	40	0.0	2169201	4985	4008.79535103	4.3
1574087593.47	4300	44	0.0	2173522	2174	4239.21048755	4.3
1574087595.79	4300	48	0.0	2102452	2178	2667.7670604	4.3
1574087599.43	4300	52	0.0	2209463	3456	1830.08247153	4.3
1574087601.57	4300	56	0.0	2275376	2006	4009.73038719	4.3
