1574088269.17	750	4	3.594	2354772	3459	5453.59930616	-15.454199999999998
1574088272.22	4300	8	0.0	2123065	2896	3984.26435877	0.75
1574088274.92	4300	12	0.0	2177073	2566	2344.58020401	4.3
1574088277.56	4300	16.0	0.0	2160877	2515	1809.02413431	4.3
1574088280.27	4300	20	0.0	2233056	2564	2040	4.3
1574088282.41	4300	24	0.0	1941625	1996	6130.65326633	4.3
1574088296.45	4300	28	0.0	2157535	13908	5725.08386768	4.3
1574088300.54	4300	32	0.0	2290172	3952	3739.32223782	4.3
1574088307.08	4300	36	0.0	2055469	6384	4286.90459658	4.3
1574088309.98	4300	40	0.0	2169201	2721	5278.82324505	4.3
1574088314.98	4300	44	0.0	2173522	4850	3698.25553984	4.3
1574088317.25	4300	48	0.0	2102452	2114	3931.87153489	4.3
1574088319.69	4300	52	0.0	2209463	2278	2210.71564833	4.3
1574088323.25	4300	56	0.0	2275376	3353	2095.84747976	4.3
