1574082574.88	750	4	0.54	450283	449	13603.5634744	-2.322
1574082577.29	4300	8	0.0	2123065	2170	6991.98167239	0.75
1574082581.16	4300	12	0.0	2177073	3746	3913.90416339	4.3
1574082589.98	4300	16.0	0.0	2160877	8676	4844.35875274	4.3
1574082593.14	4300	20	0.0	2233056	2998	6216.53084983	4.3
1574082595.87	4300	24	0.0	1941625	2603	6441.8362799	4.3
1574082598.96	4300	28	0.0	2157535	2946	6704.18236444	4.3
1574082601.87	4300	32	0.0	2290172	2767	6633.31665833	4.3
1574082604.43	4300	36	0.0	2055469	2420	6111.83923111	4.3
1574082607.76	4300	40	0.0	2169201	3196	4788.97502153	4.3
1574082612.71	4300	44	0.0	2173522	4808	3145.56609035	4.3
1574082618.03	4300	48	0.0	2102452	5120	5419.69308066	4.3
1574082621.44	4300	52	0.0	2209463	3266	4465.70972887	4.3
1574082626.06	4300	56	0.0	2275376	4491	3718.21272928	4.3
