1574084699.23	750	4	1.99	2354772	1871	8485.30197755	-8.557
1574084700.88	4300	8	0.0	2123065	1511	5968.066233	0.75
1574084702.54	4300	12	0.0	2177073	1527	5140.76186596	4.3
1574084704.04	4300	16.0	0.0	2160877	1362	3666.400893	4.3
1574084705.51	4300	20	0.0	2233056	1330	4159.97895014	4.3
1574084706.74	4300	24	0.0	1941625	1104	3371.37840211	4.3
1574084708.09	4300	28	0.0	2157535	1219	999.694283094	4.3
1574084709.46	4300	32	0.0	2290172	1238	2542.77946586	4.3
1574084710.68	4300	36	0.0	2055469	1083	1375.96250418	4.3
1574084711.94	4300	40	0.0	2169201	1105	803.618020525	4.3
1574084713.19	4300	44	0.0	2173522	1112	2240.75039083	4.3
1574084714.4	4300	48	0.0	2102452	1092	6799.28952043	4.3
1574084715.62	4300	52	0.0	2209463	1076	6298.46378932	4.3
1574084717.47	4300	56	0.0	2275376	1706	5339.02479067	4.3
