1574082680.12	750	4	2.397	2354772	2292	7167.53926702	-10.3071
1574082683.51	4300	8	0.0	2123065	3254	4223.58456545	0.75
1574082690.31	4300	12	0.0	2177073	6660	1280.02621661	4.3
1574082695.75	4300	16.0	0.0	2160877	5304	6008.90919475	4.3
1574082698.92	4300	20	0.0	2233056	3039	6236.79984427	4.3
1574082701.65	4300	24	0.0	1941625	2584	6607.16856197	4.3
1574082704.31	4300	28	0.0	2157535	2523	6799.60218797	4.3
1574082707.32	4300	32	0.0	2290172	2881	6084.13446819	4.3
1574082710.45	4300	36	0.0	2055469	2977	5608.39760069	4.3
1574082714.88	4300	40	0.0	2169201	4295	3617.30013106	4.3
1574082720.83	4300	44	0.0	2173522	5817	5411.7774293	4.3
1574082724.05	4300	48	0.0	2102452	3080	4960.62992126	4.3
1574082728.55	4300	52	0.0	2209463	4369	4414.25650015	4.3
1574082735.82	4300	56	0.0	2275376	7125	3230.1709471	4.3
