1574082988.19	750	4	0.539	450283	448	13580.3571429	-2.3177
1574082990.59	4300	8	0.0	2123065	2167	7030.21032505	0.75
1574082994.47	4300	12	0.0	2177073	3743	3912.5511167	4.3
1574083003.24	4300	16.0	0.0	2160877	8638	4759.66924513	4.3
1574083006.44	4300	20	0.0	2233056	3070	6213.88243109	4.3
1574083009.16	4300	24	0.0	1941625	2592	6439.38644236	4.3
1574083012.22	4300	28	0.0	2157535	2919	6683.52256464	4.3
1574083015.13	4300	32	0.0	2290172	2773	6662.66506603	4.3
1574083017.68	4300	36	0.0	2055469	2418	6116.75864072	4.3
1574083021.03	4300	40	0.0	2169201	3222	4830.50847458	4.3
1574083025.95	4300	44	0.0	2173522	4740	3206.81931309	4.3
1574083031.25	4300	48	0.0	2102452	5167	5394.10480349	4.3
1574083034.66	4300	52	0.0	2209463	3272	4508.20978798	4.3
1574083039.34	4300	56	0.0	2275376	4501	3734.57085446	4.3
