1574084905.12	750	4	1.191	2354772	1088	8845.58823529	-5.1213
1574084906.19	4300	8	0.0	2123065	940	9644.9704142	0.75
1574084907.38	4300	12	0.0	2177073	1060	6190.41450777	4.3
1574084908.89	4300	16.0	0.0	2160877	1383	5829.56832923	4.3
1574084910.2	4300	20	0.0	2233056	1183	4170.49876194	4.3
1574084911.17	4300	24	0.0	1941625	828	3804.2269188	4.3
1574084912.2	4300	28	0.0	2157535	904	3729.00335946	4.3
1574084913.12	4300	32	0.0	2290172	788	4034.60479748	4.3
1574084913.97	4300	36	0.0	2055469	717	2484.16289593	4.3
1574084914.9	4300	40	0.0	2169201	803	1069.30693069	4.3
1574084915.97	4300	44	0.0	2173522	910	2678.31149927	4.3
1574084916.97	4300	48	0.0	2102452	854	1886.05108055	4.3
1574084917.91	4300	52	0.0	2209463	810	1011.23595506	4.3
1574084918.87	4300	56	0.0	2275376	838	839.857651246	4.3
