1574084180.94	750	4	0.269	450283	175	12480	-1.1567
1574084182.17	4300	8	0.0	2123065	1004	8244.27480916	0.75
1574084183.27	4300	12	0.0	2177073	962	9180.75665577	4.3
1574084184.52	4300	16.0	0.0	2160877	1114	6621.19815668	4.3
1574084186.12	4300	20	0.0	2233056	1468	5322.88799492	4.3
1574084187.24	4300	24	0.0	1941625	984	4436.00867679	4.3
1574084188.21	4300	28	0.0	2157535	841	3609.61072825	4.3
1574084189.3	4300	32	0.0	2290172	945	4047.08520179	4.3
1574084190.17	4300	36	0.0	2055469	737	3497.48743719	4.3
1574084191.02	4300	40	0.0	2169201	716	1619.70163391	4.3
1574084192.06	4300	44	0.0	2173522	908	1012.78032313	4.3
1574084193.09	4300	48	0.0	2102452	885	2705.79813887	4.3
1574084194.04	4300	52	0.0	2209463	813	1522.54249815	4.3
1574084195.06	4300	56	0.0	2275376	889	954.642602707	4.3
