1574084078.5	750	4	1.185	2354772	1075	8874.41860465	-5.0955
1574084079.58	4300	8	0.0	2123065	929	9676.64670659	0.75
1574084080.78	4300	12	0.0	2177073	1062	6317.02544031	4.3
1574084082.3	4300	16.0	0.0	2160877	1380	5711.20107962	4.3
1574084083.61	4300	20	0.0	2233056	1182	4147.12153518	4.3
1574084084.58	4300	24	0.0	1941625	824	3916.68216478	4.3
1574084085.6	4300	28	0.0	2157535	881	3726.77800713	4.3
1574084086.56	4300	32	0.0	2290172	825	4171.24901807	4.3
1574084087.39	4300	36	0.0	2055469	689	2453.98773006	4.3
1574084088.34	4300	40	0.0	2169201	820	1114.13716266	4.3
1574084089.39	4300	44	0.0	2173522	914	2746.42770647	4.3
1574084090.39	4300	48	0.0	2102452	866	1852.21195916	4.3
1574084091.35	4300	52	0.0	2209463	828	961.865435997	4.3
1574084092.33	4300	56	0.0	2275376	850	953.716690042	4.3
