1574083506.97	750	4	2.468	2354772	2368	6800.67567568	-10.6124
1574083510.46	4300	8	0.0	2123065	3359	4014.66736511	0.75
1574083518.7	4300	12	0.0	2177073	8076	3416.64855466	4.3
1574083522.64	4300	16.0	0.0	2160877	3797	6155.45454545	4.3
1574083525.81	4300	20	0.0	2233056	3025	6405.81818182	4.3
1574083528.59	4300	24	0.0	1941625	2647	6610.21814007	4.3
1574083531.27	4300	28	0.0	2157535	2552	6750.26123302	4.3
1574083534.2	4300	32	0.0	2290172	2776	6098.53348652	4.3
1574083537.44	4300	36	0.0	2055469	3108	5358.6617522	4.3
1574083542.09	4300	40	0.0	2169201	4516	3419.44996474	4.3
1574083547.79	4300	44	0.0	2173522	5554	5401.49140819	4.3
1574083551.01	4300	48	0.0	2102452	3085	4846.89321918	4.3
1574083555.64	4300	52	0.0	2209463	4490	4209.5118778	4.3
1574083563.05	4300	56	0.0	2275376	7274	3392.59199807	4.3
