1574084285.16	750	4	1.19	2354772	1090	8840.36697248	-5.117
1574084286.23	4300	8	0.0	2123065	936	9642.64560711	0.75
1574084287.41	4300	12	0.0	2177073	1057	6153.74635096	4.3
1574084288.94	4300	16.0	0.0	2160877	1392	5813.63128492	4.3
1574084290.25	4300	20	0.0	2233056	1181	4105.3748232	4.3
1574084291.22	4300	24	0.0	1941625	827	3816.05785277	4.3
1574084292.23	4300	28	0.0	2157535	881	3731.73473211	4.3
1574084293.17	4300	32	0.0	2290172	805	4069.99606764	4.3
1574084294.03	4300	36	0.0	2055469	714	2477.31397459	4.3
1574084294.97	4300	40	0.0	2169201	813	1099.00990099	4.3
1574084296.01	4300	44	0.0	2173522	901	2683.51968887	4.3
1574084297.01	4300	48	0.0	2102452	858	1891.95795649	4.3
1574084297.95	4300	52	0.0	2209463	814	1009.75609756	4.3
1574084298.93	4300	56	0.0	2275376	835	867.093105899	4.3
