1574088062.24	750	4	3.37	2354772	3134	5686.02425016	-14.491
1574088065.29	4300	8	0.0	2123065	2910	3859.69556585	0.75
1574088067.86	4300	12	0.0	2177073	2425	2614.24017003	4.3
1574088070.73	4300	16.0	0.0	2160877	2728	1830.4903099	4.3
1574088073.46	4300	20	0.0	2233056	2578	1764.06533575	4.3
1574088075.61	4300	24	0.0	1941625	2001	6264.831514	4.3
1574088089.26	4300	28	0.0	2157535	13496	5997.9335285	4.3
1574088093.11	4300	32	0.0	2290172	3674	4152.4696654	4.3
1574088099.82	4300	36	0.0	2055469	6564	4024.29979162	4.3
1574088102.47	4300	40	0.0	2169201	2510	5459.37334041	4.3
1574088107.48	4300	44	0.0	2173522	4886	4209.44426598	4.3
1574088109.83	4300	48	0.0	2102452	2145	4444.10738662	4.3
1574088112.27	4300	52	0.0	2209463	2303	2627.11864407	4.3
1574088115.85	4300	56	0.0	2275376	3449	1840.05754267	4.3
