1574084801.11	750	4	0.527	450283	417	11510.7913669	-2.2661
1574084802.96	4300	8	0.0	2123065	1623	9788.23529412	0.75
1574084804.65	4300	12	0.0	2177073	1563	6104.91257286	4.3
1574084806.27	4300	16.0	0.0	2160877	1494	4539.14067098	4.3
1574084807.81	4300	20	0.0	2233056	1409	4020.90378113	4.3
1574084809.1	4300	24	0.0	1941625	1159	3965.23178808	4.3
1574084810.5	4300	28	0.0	2157535	1275	2052.17391304	4.3
1574084811.92	4300	32	0.0	2290172	1295	1583.23281062	4.3
1574084813.21	4300	36	0.0	2055469	1162	2304.76190476	4.3
1574084814.49	4300	40	0.0	2169201	1146	874.606592678	4.3
1574084815.78	4300	44	0.0	2173522	1152	766.169154229	4.3
1574084817.02	4300	48	0.0	2102452	1115	4098.80749574	4.3
1574084818.25	4300	52	0.0	2209463	1103	6467.06586826	4.3
1574084819.73	4300	56	0.0	2275376	1344	6450.51194539	4.3
