1574083300.14	750	4	2.404	2354772	2303	7164.56795484	-10.3372
1574083303.54	4300	8	0.0	2123065	3265	4232.75862069	0.75
1574083310.37	4300	12	0.0	2177073	6690	1371.51248164	4.3
1574083315.75	4300	16.0	0.0	2160877	5164	6003.44392148	4.3
1574083318.92	4300	20	0.0	2233056	3040	6277.97869221	4.3
1574083321.65	4300	24	0.0	1941625	2585	6603.35518704	4.3
1574083324.28	4300	28	0.0	2157535	2500	6811.15170929	4.3
1574083327.3	4300	32	0.0	2290172	2879	6123.2063335	4.3
1574083330.34	4300	36	0.0	2055469	2904	5767.90336497	4.3
1574083334.74	4300	40	0.0	2169201	4271	3626.3954026	4.3
1574083340.71	4300	44	0.0	2173522	5827	5382.73216909	4.3
1574083343.9	4300	48	0.0	2102452	3057	5008.97666068	4.3
1574083348.32	4300	52	0.0	2209463	4282	4398.01386363	4.3
1574083355.29	4300	56	0.0	2275376	6839	3002.96589224	4.3
