1574087650.53	750	4	4.9	2354772	4738	4556.35289152	-21.07
1574087652.96	2850	8	0.0	1431809	2182	3638.15028902	0.75
1574087656.26	4300	12	0.0	2177073	3133	1761.86213071	2.8499999999999996
1574087659.24	4300	16.0	0.0	2160877	2855	1201.11558723	4.3
1574087662.03	4300	20	0.0	2233056	2647	5712.63259402	4.3
1574087675.89	4300	24	0.0	1941625	13737	5984.36100024	4.3
1574087679.26	4300	28	0.0	2157535	3200	4148.28718911	4.3
1574087686.88	4300	32	0.0	2290172	7482	4219.11032385	4.3
1574087689.58	4300	36	0.0	2055469	2567	5304.89656802	4.3
1574087694.73	4300	40	0.0	2169201	4947	3898.78808756	4.3
1574087697.08	4300	44	0.0	2173522	2182	4130.9255079	4.3
1574087699.41	4300	48	0.0	2102452	2187	2388.84585593	4.3
1574087702.99	4300	52	0.0	2209463	3407	1844.34270765	4.3
1574087705.14	4300	56	0.0	2275376	2018	4188.31829591	4.3
