1574082886.95	750	4	2.491	2354772	2378	6867.95626577	-10.7113
1574082890.46	4300	8	0.0	2123065	3368	4022.27636617	0.75
1574082898.7	4300	12	0.0	2177073	8105	3461.98830409	4.3
1574082902.61	4300	16.0	0.0	2160877	3779	6158.59330686	4.3
1574082905.78	4300	20	0.0	2233056	3025	6405.22875817	4.3
1574082908.57	4300	24	0.0	1941625	2648	6620.78853047	4.3
1574082911.26	4300	28	0.0	2157535	2548	6741.60656553	4.3
1574082914.19	4300	32	0.0	2290172	2792	6096.53866955	4.3
1574082917.41	4300	36	0.0	2055469	3096	5366.78715713	4.3
1574082922.06	4300	40	0.0	2169201	4514	3431.20912938	4.3
1574082927.76	4300	44	0.0	2173522	5553	5382.91087932	4.3
1574082930.98	4300	48	0.0	2102452	3084	4850.0446452	4.3
1574082935.61	4300	52	0.0	2209463	4490	4209.86642234	4.3
1574082943.01	4300	56	0.0	2275376	7270	3388.86435711	4.3
