1574087440.23	750	4	1.253	450283	1120	8807.14285714	-5.387899999999999
1574087442.53	1850	8	0.0	957685	2055	5994.33070866	0.75
1574087444.96	2850	12	0.0	1300868	2212	4651.1973269	1.85
1574087448.37	4300	16.0	0.0	2160877	3173	2725.23364486	2.8499999999999996
1574087451.56	4300	20	0.0	2233056	3045	1685.48039638	4.3
1574087454.11	4300	24	0.0	1941625	2375	2808.70917574	4.3
1574087466.88	4300	28	0.0	2157535	12632	6295.17429705	4.3
1574087471.75	4300	32	0.0	2290172	4726	4663.40410774	4.3
1574087479.57	4300	36	0.0	2055469	7685	3976.62738404	4.3
1574087482.17	4300	40	0.0	2169201	2465	5471.33821905	4.3
1574087487.25	4300	44	0.0	2173522	4930	4263.51809606	4.3
1574087489.82	4300	48	0.0	2102452	2200	4247.93238208	4.3
1574087492.32	4300	52	0.0	2209463	2328	2726.43818849	4.3
1574087496.06	4300	56	0.0	2275376	3606	1866.18584584	4.3
