1574087752.54	750	4	3.63	2354772	3483	5357.45047373	-15.609
1574087755.6	4300	8	0.0	2123065	2891	3938.50015689	0.75
1574087758.36	4300	12	0.0	2177073	2610	2207.92520036	4.3
1574087761.06	4300	16.0	0.0	2160877	2576	1752.24913495	4.3
1574087763.74	4300	20	0.0	2233056	2508	2375.60420813	4.3
1574087765.87	4300	24	0.0	1941625	1991	6297.70992366	4.3
1574087780.03	4300	28	0.0	2157535	14032	5525.15073576	4.3
1574087784.07	4300	32	0.0	2290172	3890	3607.63291595	4.3
1574087790.54	4300	36	0.0	2055469	6338	4404.18651553	4.3
1574087793.47	4300	40	0.0	2169201	2774	5232.04134367	4.3
1574087798.42	4300	44	0.0	2173522	4786	3684.47517285	4.3
1574087800.66	4300	48	0.0	2102452	2105	3881.76745589	4.3
1574087803.06	4300	52	0.0	2209463	2264	2200.68976843	4.3
1574087806.56	4300	56	0.0	2275376	3308	2024.02047647	4.3
