1574082783.48	750	4	2.391	2354772	2291	7207.33304234	-10.2813
1574082786.88	4300	8	0.0	2123065	3260	4215.45667447	0.75
1574082793.73	4300	12	0.0	2177073	6710	1412.28284805	4.3
1574082799.11	4300	16.0	0.0	2160877	5107	6002.76370336	4.3
1574082802.28	4300	20	0.0	2233056	3039	6283.13813887	4.3
1574082805.01	4300	24	0.0	1941625	2586	6616.75200464	4.3
1574082807.66	4300	28	0.0	2157535	2517	6796.93371411	4.3
1574082810.67	4300	32	0.0	2290172	2876	6094.88372093	4.3
1574082813.81	4300	36	0.0	2055469	2978	5585.88168048	4.3
1574082818.23	4300	40	0.0	2169201	4290	3604.64353643	4.3
1574082824.18	4300	44	0.0	2173522	5816	5419.71099204	4.3
1574082827.4	4300	48	0.0	2102452	3083	4965.60415901	4.3
1574082831.9	4300	52	0.0	2209463	4367	4423.88234148	4.3
1574082839.17	4300	56	0.0	2275376	7132	3227.47893714	4.3
