1574083196.94	750	4	2.477	2354772	2373	6857.14285714	-10.6511
1574083200.44	4300	8	0.0	2123065	3363	4025.10460251	0.75
1574083208.65	4300	12	0.0	2177073	8065	3375.40757916	4.3
1574083212.6	4300	16.0	0.0	2160877	3800	6122.37941026	4.3
1574083215.77	4300	20	0.0	2233056	3027	6393.25189063	4.3
1574083218.54	4300	24	0.0	1941625	2642	6580.84892568	4.3
1574083221.22	4300	28	0.0	2157535	2546	6741.03585657	4.3
1574083224.16	4300	32	0.0	2290172	2776	6109.12041106	4.3
1574083227.41	4300	36	0.0	2055469	3108	5438.68359458	4.3
1574083232.08	4300	40	0.0	2169201	4525	3419.88844008	4.3
1574083237.77	4300	44	0.0	2173522	5536	5386.40419664	4.3
1574083241.0	4300	48	0.0	2102452	3089	4851.31869287	4.3
1574083245.65	4300	52	0.0	2209463	4506	4198.61298401	4.3
1574083253.11	4300	56	0.0	2275376	7330	3441.12703114	4.3
