1574085009.25	750	4	1.977	2354772	1861	8518.00107469	-8.501100000000001
1574085010.9	4300	8	0.0	2123065	1515	5978.67298578	0.75
1574085012.56	4300	12	0.0	2177073	1532	5156.4792176	4.3
1574085014.07	4300	16.0	0.0	2160877	1359	3668.74102441	4.3
1574085015.56	4300	20	0.0	2233056	1343	4226.01839685	4.3
1574085016.81	4300	24	0.0	1941625	1115	3277.97202797	4.3
1574085018.17	4300	28	0.0	2157535	1231	939.209726444	4.3
1574085019.57	4300	32	0.0	2290172	1274	2515.02689022	4.3
1574085020.8	4300	36	0.0	2055469	1095	1267.74513041	4.3
1574085022.04	4300	40	0.0	2169201	1099	835.913312693	4.3
1574085023.31	4300	44	0.0	2173522	1117	2352.13204952	4.3
1574085024.55	4300	48	0.0	2102452	1106	6663.15234581	4.3
1574085025.76	4300	52	0.0	2209463	1082	6633.93344244	4.3
1574085027.6	4300	56	0.0	2275376	1715	5265.566269	4.3
