1574083093.6	750	4	2.466	2354772	2365	6834.67230444	-10.6038
1574083097.1	4300	8	0.0	2123065	3366	4016.05304484	0.75
1574083105.32	4300	12	0.0	2177073	8080	3391.20990515	4.3
1574083109.27	4300	16.0	0.0	2160877	3816	6140.57979236	4.3
1574083112.43	4300	20	0.0	2233056	3027	6396.82385979	4.3
1574083115.21	4300	24	0.0	1941625	2640	6536.38492045	4.3
1574083117.88	4300	28	0.0	2157535	2547	6757.83192442	4.3
1574083120.83	4300	32	0.0	2290172	2814	6099.43411479	4.3
1574083124.08	4300	36	0.0	2055469	3095	5378.460667	4.3
1574083128.72	4300	40	0.0	2169201	4518	3431.5358012	4.3
1574083134.42	4300	44	0.0	2173522	5554	5378.88601036	4.3
1574083137.62	4300	48	0.0	2102452	3075	4858.31234257	4.3
1574083142.25	4300	52	0.0	2209463	4491	4230.93618868	4.3
1574083149.64	4300	56	0.0	2275376	7254	3372.16776474	4.3
