1574088167.28	750	4	4.934	2354772	4762	4558.58882822	-21.2162
1574088169.7	2850	8	0.0	1431809	2183	3631.96544276	0.75
1574088172.97	4300	12	0.0	2177073	3091	1768.4336389	2.8499999999999996
1574088176.01	4300	16.0	0.0	2160877	2888	1233.0547818	4.3
1574088178.81	4300	20	0.0	2233056	2666	5830.66067992	4.3
1574088192.67	4300	24	0.0	1941625	13730	6005.37503054	4.3
1574088196.05	4300	28	0.0	2157535	3245	4086.65105386	4.3
1574088203.67	4300	32	0.0	2290172	7477	4231.15376925	4.3
1574088206.41	4300	36	0.0	2055469	2581	5333.51291289	4.3
1574088211.5	4300	40	0.0	2169201	4949	3872.17810018	4.3
1574088213.82	4300	44	0.0	2173522	2184	4122.13740458	4.3
1574088216.16	4300	48	0.0	2102452	2188	2384.02394344	4.3
1574088219.74	4300	52	0.0	2209463	3418	1860.31331593	4.3
1574088221.92	4300	56	0.0	2275376	2045	4196.42857143	4.3
