1574083403.42	750	4	2.383	2354772	2285	7336.54266958	-10.2469
1574083406.8	4300	8	0.0	2123065	3243	4237.33719247	0.75
1574083413.4	4300	12	0.0	2177073	6475	1370.65733567	4.3
1574083419.07	4300	16.0	0.0	2160877	5521	6015.06505364	4.3
1574083422.25	4300	20	0.0	2233056	3053	6234.14491908	4.3
1574083424.97	4300	24	0.0	1941625	2588	6603.44827586	4.3
1574083427.62	4300	28	0.0	2157535	2509	6799.36463814	4.3
1574083430.64	4300	32	0.0	2290172	2879	6112.38670695	4.3
1574083433.73	4300	36	0.0	2055469	2948	5679.3303284	4.3
1574083438.19	4300	40	0.0	2169201	4325	3631.71355499	4.3
1574083444.15	4300	44	0.0	2173522	5827	5419.73171787	4.3
1574083447.37	4300	48	0.0	2102452	3074	4962.99795308	4.3
1574083451.83	4300	52	0.0	2209463	4325	4431.43567979	4.3
1574083459.1	4300	56	0.0	2275376	7138	3224.91797967	4.3
