1574087960.57	750	4	4.893	2354772	4720	4545.76271186	-21.0399
1574087963.01	2850	8	0.0	1431809	2174	3644.90861619	0.75
1574087966.28	4300	12	0.0	2177073	3090	1781.25	2.8499999999999996
1574087969.31	4300	16.0	0.0	2160877	2875	1164.63177541	4.3
1574087972.1	4300	20	0.0	2233056	2650	5779.86975305	4.3
1574087985.92	4300	24	0.0	1941625	13685	6001.47094876	4.3
1574087989.25	4300	28	0.0	2157535	3194	4172.74652859	4.3
1574087996.92	4300	32	0.0	2290172	7520	4212.67210266	4.3
1574087999.62	4300	36	0.0	2055469	2563	5310.68485749	4.3
1574088004.7	4300	40	0.0	2169201	4937	3965.01457726	4.3
1574088007.06	4300	44	0.0	2173522	2173	4220.33648894	4.3
1574088009.38	4300	48	0.0	2102452	2185	2532.76911962	4.3
1574088012.97	4300	52	0.0	2209463	3440	1819.84573147	4.3
1574088015.15	4300	56	0.0	2275376	2016	4193.61399227	4.3
