1574084492.65	750	4	2.03	2354772	1914	8219.43573668	-8.729
1574084494.32	4300	8	0.0	2123065	1524	5870.85514834	0.75
1574084496.0	4300	12	0.0	2177073	1541	4945.57139988	4.3
1574084497.54	4300	16.0	0.0	2160877	1389	4055.27638191	4.3
1574084499.02	4300	20	0.0	2233056	1339	4118.33398209	4.3
1574084500.29	4300	24	0.0	1941625	1133	2806.81490038	4.3
1574084501.64	4300	28	0.0	2157535	1223	1141.13207547	4.3
1574084503.08	4300	32	0.0	2290172	1298	2434.97336258	4.3
1574084504.29	4300	36	0.0	2055469	1077	1186.16144975	4.3
1574084505.54	4300	40	0.0	2169201	1117	820.793433653	4.3
1574084506.79	4300	44	0.0	2173522	1120	2817.48071979	4.3
1574084508.01	4300	48	0.0	2102452	1076	6582.27848101	4.3
1574084509.28	4300	52	0.0	2209463	1142	6963.12364425	4.3
1574084511.14	4300	56	0.0	2275376	1716	5794.84686437	4.3
