1574087855.57	750	4	3.373	2354772	3131	5687.63973172	-14.5039
1574087858.65	4300	8	0.0	2123065	2940	3889.96870367	0.75
1574087861.23	4300	12	0.0	2177073	2411	2542.32492337	4.3
1574087864.14	4300	16.0	0.0	2160877	2745	1821.32359491	4.3
1574087866.83	4300	20	0.0	2233056	2548	1842.46823956	4.3
1574087869.0	4300	24	0.0	1941625	1998	6198.38633128	4.3
1574087882.73	4300	28	0.0	2157535	13583	5957.48335839	4.3
1574087886.67	4300	32	0.0	2290172	3808	4079.08597358	4.3
1574087893.21	4300	36	0.0	2055469	6415	4054.74040632	4.3
1574087895.87	4300	40	0.0	2169201	2526	5453.58277444	4.3
1574087900.89	4300	44	0.0	2173522	4867	4177.05695695	4.3
1574087903.19	4300	48	0.0	2102452	2134	4459.74683544	4.3
1574087905.64	4300	52	0.0	2209463	2314	2609.55302366	4.3
1574087909.22	4300	56	0.0	2275376	3430	1830.9213542	4.3
