1579146166.7	750	4	4.102	181801	3708	392.235167206	-17.6386
1579146171.11	300	4.446591	0.861	155580	3961	347.655679449	-3.8523
1579146172.48	300	7.07758	0.0	139857	1229	380.107466275	0.3
1579146173.93	300	9.629	0.0	155432	1314	411.812131125	0.3
1579146175.45	300	12.106353	0.0	163442	1373	441.510662468	0.3
1579146178.35	750	13.210836	0.0	318564	2659	538.644175828	0.3
1579146179.75	300	15.804477	0.0	153295	1263	949.452103187	-0.15000000000000002
1579146181.36	300	18.199537	0.0	173849	1472	954.834115456	0.3
1579146185.52	750	18.033399	0.0	374758	4029	864.430658913	0.3
1579146188.9	750	18.657442	0.0	362795	3239	863.587663859	0.75
1579146190.27	300	21.291007	0.0	141840	1230	849.627227211	-0.15000000000000002
1579146194.65	750	20.906417	0.0	405134	4243	813.332570843	0.3
1579146196.51	300	23.045807	0.0	160746	1697	795.198354538	-0.15000000000000002
1579146198.44	300	25.120845	0.0	179801	1795	814.575922706	0.3
1579146201.85	750	25.707263	0.0	337059	3266	798.203406583	0.3
1579146205.2	750	26.352769	0.0	366214	3208	811.822082259	0.75
1579146208.48	750	27.071705	0.0	360831	3136	853.281661796	0.75
1579146214.21	1200	25.342311	0.0	581493	5500	861.704931929	0.75
1579146220.72	1200	22.841108	0.0	639204	6360	849.011197854	1.2
1579146225.72	750	21.835925	0.0	350713	4867	774.84175606	0.3
1579146229.87	750	21.691956	0.0	386472	3998	759.12514016	0.75
1579146234.07	750	21.490145	0.0	399894	4051	747.277573536	0.75
1579146236.02	300	23.532664	0.0	163927	1803	723.588145362	-0.15000000000000002
1579146237.43	300	26.127364	0.0	137654	1265	704.942671638	0.3
1579146239.03	300	28.528112	0.0	146754	1454	784.108236875	0.3
1579146244.23	1200	27.322192	0.0	590335	5061	837.164025134	0.29999999999999993
1579146250.61	1200	24.948038	0.0	696376	6229	872.580143301	1.2
1579146256.24	1200	23.318055	0.0	487160	5486	834.386333793	1.2
1579146260.21	750	23.350051	0.0	400396	3819	833.151195378	0.3
1579146261.9	300	25.66211	0.0	149029	1542	830.400112608	-0.15000000000000002
1579146266.4	750	25.160283	0.0	358218	4358	769.291960762	0.3
1579146270.03	750	25.523555	0.0	400322	3491	756.841092672	0.75
1579146271.4	300	28.152476	0.0	143881	1238	788.997852302	-0.15000000000000002
1579146278.36	1200	25.192601	0.0	670129	6805	778.42517988	0.29999999999999993
1579146282.48	750	25.078531	0.0	401088	3978	784.325885406	0.3
1579146288.96	1200	22.596692	0.0	598727	6332	806.72818432	0.75
1579146292.28	750	23.273524	0.0	321064	3192	790.969918965	0.3
1579146293.45	300	26.107007	0.0	124011	1031	790.922372245	-0.15000000000000002
1579146298.59	1200	24.971237	0.0	605884	5000	831.245021384	0.29999999999999993
1579146304.92	1200	22.635164	0.0	587506	6195	813.625408129	1.2
1579146306.8	300	24.757243	0.0	147968	1734	820.610200619	-0.6000000000000001
1579146310.78	750	24.779394	0.0	384505	3837	819.34938304	0.3
1579146314.52	750	25.038966	0.0	372093	3599	814.574380051	0.75
1579146318.76	750	24.794649	0.0	438281	4104	789.923474809	0.75
1579146325.54	1200	22.021632	0.0	630203	6622	790.1820744	0.75
1579146342.12	1850	9.433817	0.0	982064	16338	609.383057311	1.2000000000000002
1579146352.25	1850	4.30664	1.001	830730	9990	608.164917102	-2.4543000000000004
1579146355.34	750	5.218151	0.0	314107	2967	606.404108573	-0.3500000000000001
1579146358.15	750	4.089994	0.0	255954	2697	596.393076947	0.75

