1579147294.6	750	4	4.063	181801	3588	405.353400223	-17.470899999999997
1579147298.97	300	4.498598	0.864	155580	3637	370.906121348	-3.8652
1579147300.34	300	7.129797	0.0	139857	1228	405.865170313	0.3
1579147301.79	300	9.679889	0.0	155432	1314	439.644833135	0.3
1579147303.43	300	12.034885	0.0	163442	1509	470.673385458	0.3
1579147306.32	750	13.145073	0.0	318564	2655	578.740516084	0.3
1579147307.72	300	15.74916	0.0	153295	1263	932.645127201	-0.15000000000000002
1579147309.37	300	18.092483	0.0	173849	1524	932.14038227	0.3
1579147311.09	300	20.380282	0.0	150710	1576	893.983584147	0.3
1579147312.68	300	22.789083	0.0	139105	1455	873.589497407	0.3
1579147316.11	750	23.36019	0.0	353220	3293	845.911977139	0.3
1579147319.94	750	23.530334	0.0	405134	3691	843.90889951	0.75
1579147324.27	750	23.195148	0.0	386351	4196	802.895414358	0.75
1579147326.2	300	25.270049	0.0	179801	1795	807.064064245	-0.15000000000000002
1579147329.61	750	25.85805	0.0	337059	3267	814.727447738	0.3
1579147332.83	750	26.636596	0.0	366214	3087	828.70235922	0.75
1579147338.58	1200	24.883902	0.0	617242	5521	837.982304209	0.75
1579147342.36	750	25.108849	0.0	372963	3637	862.881391587	0.3
1579147348.99	1200	22.478494	0.0	639204	6488	844.562990482	0.75
1579147354.07	750	21.393306	0.0	350713	4939	768.944310406	0.3
1579147357.57	750	21.896171	0.0	386472	3358	767.908901634	0.75
1579147361.7	750	21.765671	0.0	399894	3992	747.434588623	0.75
1579147363.6	300	23.869677	0.0	163927	1755	735.829696792	-0.15000000000000002
1579147365.18	300	26.29023	0.0	137654	1439	718.408253129	0.3
1579147366.63	300	28.836709	0.0	146754	1322	827.12386735	0.3
1579147374.6	1850	24.867756	0.0	905935	7730	857.176256647	0.30000000000000004
1579147385.78	1850	17.681476	0.0	1076599	11056	827.646479979	1.85
1579147394.2	1850	13.271207	0.0	758197	8252	804.672456141	1.85
1579147395.7	300	15.765764	0.0	153605	1373	810.469044103	-1.25
1579147397.09	300	18.380009	0.0	149029	1251	812.430243424	0.3
1579147398.55	300	20.919548	0.0	157421	1314	784.368813568	0.3
1579147400.26	300	23.20908	0.0	157488	1576	790.436593028	0.3
1579147404.29	750	23.176283	0.0	369834	3894	831.524835954	0.3
1579147408.33	750	23.136585	0.0	412837	3907	829.192851487	0.75
1579147412.73	750	22.738769	0.0	401088	4265	797.299630079	0.75
1579147416.73	750	22.733237	0.0	365161	3867	777.96394169	0.75
1579147418.22	300	25.246485	0.0	131610	1339	776.700546064	-0.15000000000000002
1579147419.51	300	27.957989	0.0	124011	1157	787.294215069	0.3
1579147424.7	1200	26.763155	0.0	605884	5060	820.400241071	0.29999999999999993
1579147430.15	1200	25.316291	0.0	587506	5318	859.811483373	1.2
1579147434.47	750	24.992378	0.0	345516	4179	825.020873282	0.3
1579147438.51	750	24.958356	0.0	384505	3906	820.000928237	0.75
1579147442.23	750	25.231394	0.0	372093	3599	819.271281184	0.75
1579147446.47	750	24.998738	0.0	438281	4106	797.887166303	0.75
1579147453.22	1200	22.241646	0.0	630203	6610	769.655125074	0.75
1579147469.48	1850	9.988119	0.0	982064	16109	615.059340563	1.2000000000000002
1579147479.65	1850	4.361809	0.551	830730	10053	612.705017857	-0.5192999999999994
1579147482.74	750	5.27354	0.0	314107	2967	610.982123406	-0.3500000000000001
1579147485.5	750	4.192839	0.0	255954	2637	601.482658071	0.75

