1579147745.47	750	3.999573	4.024	181801	3665	396.837107776	-17.3032
1579147749.9	300	4.49912	0.921	155580	4016	346.089254221	-4.1103
1579147751.35	300	7.047803	0.0	139857	1310	378.927473834	0.3
1579147752.8	300	9.598749	0.0	155432	1314	410.295542655	0.3
1579147754.31	300	12.088069	0.0	163442	1375	439.726144554	0.3
1579147757.2	750	13.19269	0.0	318564	2660	531.019908856	0.3
1579147758.6	300	15.79779	0.0	153295	1264	937.91614591	-0.15000000000000002
1579147760.2	300	18.197685	0.0	173849	1468	954.845918743	0.3
1579147764.26	750	18.136468	0.0	374758	3924	875.557504325	0.3
1579147767.84	750	18.552515	0.0	362795	3448	858.90508603	0.75
1579147769.22	300	21.172707	0.0	141840	1230	844.705391335	-0.15000000000000002
1579147770.83	300	23.56281	0.0	156148	1484	832.549337649	0.3
1579147775.09	750	23.303972	0.0	386351	4119	797.245700699	0.3
1579147779.7	750	22.698373	0.0	434409	4473	800.158075577	0.75
1579147781.06	300	25.337275	0.0	140051	1232	798.733877203	-0.15000000000000002
1579147784.28	750	26.115155	0.0	366214	3087	817.117966958	0.3
1579147790.06	1200	24.337242	0.0	617242	5533	836.325509165	0.75
1579147793.87	750	24.527763	0.0	372963	3660	854.233197342	0.3
1579147800.56	1200	21.835724	0.0	639204	6564	846.283985122	0.75
1579147805.58	750	20.810556	0.0	350713	4883	768.706974567	0.3
1579147809.26	750	21.137112	0.0	386472	3534	763.722414465	0.75
1579147813.51	750	20.881613	0.0	399894	4129	739.713212862	0.75
1579147815.38	300	23.012787	0.0	163927	1715	729.795319425	-0.15000000000000002
1579147816.76	300	25.63808	0.0	137654	1244	720.661930382	0.3
1579147818.34	300	28.053527	0.0	146754	1453	815.057450323	0.3
1579147823.5	1200	26.896834	0.0	590335	5023	841.551556603	0.29999999999999993
1579147829.92	1200	24.474398	0.0	696376	6268	880.16719763	1.2
1579147835.56	1200	22.835491	0.0	487160	5510	833.667657818	1.2
1579147839.37	750	23.026734	0.0	400396	3675	837.007940976	0.3
1579147841.14	300	25.2518	0.0	149029	1642	829.555835375	-0.15000000000000002
1579147843.22	300	27.179242	0.0	157421	1929	783.695560091	0.3
1579147845.24	300	29.154533	0.0	157488	1881	730.724042807	0.3
1579147846.71	300	31.681948	0.0	143881	1338	758.549903754	0.3
1579147853.11	1200	29.286518	0.0	670129	6261	772.624594781	0.29999999999999993
1579147860.17	1200	26.225625	0.0	690253	6921	786.535581184	1.2
1579147864.16	750	26.234841	0.0	365161	3854	796.357680804	0.3
1579147869.4	1200	24.990089	0.0	487812	5107	801.138293368	0.75
1579147872.71	750	25.687557	0.0	361565	3170	810.578123983	0.3
1579147876.0	750	26.396056	0.0	378327	3145	816.537621106	0.75
1579147881.37	1200	25.022094	0.0	587506	5245	842.300700605	0.75
1579147885.66	750	24.739361	0.0	345516	4156	815.71587411	0.3
1579147889.58	750	24.818474	0.0	384505	3795	829.337792343	0.75
1579147893.42	750	24.979154	0.0	372093	3712	812.495091358	0.75
1579147897.67	750	24.725936	0.0	438281	4114	801.147992427	0.75
1579147904.37	1200	22.026435	0.0	630203	6564	772.169041788	0.75
1579147921.02	1850	9.370987	0.0	982064	16434	606.710621209	1.2000000000000002
1579147931.13	1850	4.419356	1.159	830730	9985	605.654052967	-3.1336999999999997
1579147934.22	750	5.330776	0.0	314107	2967	604.699409125	-0.3500000000000001
1579147937.05	750	4.182463	0.0	255954	2718	594.570806015	0.75

