1579146392.14	750	3.999744	4.054	181801	3637	399.892218862	-17.4322
1579146396.56	300	4.497991	0.919	155580	3959	350.241475706	-4.1017
1579146397.95	300	7.105965	0.0	139857	1251	383.208559839	0.3
1579146399.42	300	9.643008	0.0	155432	1314	415.155082223	0.3
1579146400.93	300	12.133079	0.0	163442	1375	445.042222505	0.3
1579146403.82	750	13.238129	0.0	318564	2660	538.654393712	0.3
1579146405.23	300	15.830562	0.0	153295	1263	946.170453538	-0.15000000000000002
1579146406.82	300	18.242344	0.0	173849	1456	956.393732468	0.3
1579146410.88	750	18.181563	0.0	374758	3924	876.451636344	0.3
1579146412.48	300	20.582165	0.0	139105	1462	850.451481233	-0.15000000000000002
1579146413.84	300	23.214875	0.0	141840	1228	832.518219745	0.3
1579146417.67	750	23.391709	0.0	405134	3684	833.777288011	0.3
1579146421.92	750	23.141355	0.0	386351	4112	798.620469999	0.75
1579146423.84	300	25.216605	0.0	179801	1795	810.750036535	-0.15000000000000002
1579146427.26	750	25.796743	0.0	337059	3289	818.390117287	0.3
1579146432.49	1200	24.573256	0.0	587876	4989	842.791587254	0.75
1579146435.78	750	25.274006	0.0	360831	3161	847.132922585	0.3
1579146441.65	1200	23.412515	0.0	581493	5731	859.471454785	0.75
1579146445.82	750	23.235571	0.0	405596	4038	853.404838297	0.3
1579146450.6	750	22.4574	0.0	350713	4638	791.301305339	0.75
1579146452.84	300	24.2158	0.0	157671	2079	737.4874078	-0.15000000000000002
1579146454.35	300	26.706901	0.0	157812	1369	723.943801698	0.3
1579146455.9	300	29.159752	0.0	163927	1421	707.572824852	0.3
1579146461.73	1200	27.326341	0.0	536667	5693	701.536642827	0.29999999999999993
1579146463.19	300	29.871182	0.0	146754	1323	767.234751577	-0.6000000000000001
1579146468.52	1200	28.540768	0.0	590335	5184	844.295443615	0.29999999999999993
1579146478.75	1850	22.310182	0.0	1076599	9987	847.670974271	1.2000000000000002
1579146486.58	1850	18.476433	0.0	758197	7683	828.745960932	1.85
1579146496.73	1850	12.331092	0.0	972798	9997	826.751664901	1.85
1579146506.65	1850	6.407529	0.0	975811	9785	818.202472368	1.85
1579146512.8	1200	4.416959	0.162	570392	6000	800.098992653	-0.14660000000000006
1579146516.97	750	4.328617	0.08	400322	4033	784.369293042	-0.043999999999999984
1579146520.2	750	5.09747	0.0	369834	3099	796.547477439	0.75
1579146521.71	300	7.590992	0.0	163444	1372	811.83539614	-0.15000000000000002
1579146523.29	300	10.011991	0.0	179328	1442	834.734271834	0.3
1579146524.72	300	12.580516	0.0	159914	1290	897.834820786	0.3
1579146525.92	300	15.381936	0.0	131610	1067	970.986771005	0.3
1579146527.22	300	18.078984	0.0	124011	1154	956.38264245	0.3
1579146532.03	750	17.27359	0.0	378327	4661	778.348432886	0.3
1579146536.06	750	17.23977	0.0	390680	3893	765.961635138	0.75
1579146537.64	300	19.660938	0.0	147968	1438	754.003761803	-0.15000000000000002
1579146539.31	300	21.986201	0.0	161857	1549	748.118011087	0.3
1579146540.83	300	24.46449	0.0	145210	1395	747.655212209	0.3
1579146542.6	300	26.697403	0.0	172312	1627	822.122227559	0.3
1579146552.95	1850	20.345257	0.0	958994	10203	780.757835106	0.30000000000000004
1579146569.15	1850	8.150953	0.0	982064	16046	595.099741636	1.85
1579146576.03	1200	5.270588	0.0	538612	6741	595.412015359	0.5499999999999999
1579146579.45	750	5.845906	0.0	314107	3307	600.448780167	0.3
1579146582.03	750	4.950965	0.0	255954	2464	603.714812368	0.75

