1579146843.4	750	4	4.138	181801	3735	389.399732262	-17.7934
1579146847.81	300	4.495278	0.917	155580	3946	347.524113975	-4.0931
1579146849.17	300	7.135935	0.0	139857	1228	379.917071729	0.3
1579146850.62	300	9.685357	0.0	155432	1315	411.585673882	0.3
1579146852.13	300	12.175266	0.0	163442	1375	441.253792303	0.3
1579146855.03	750	13.28175	0.0	318564	2659	540.498849388	0.3
1579146856.45	300	15.86294	0.0	153295	1276	947.706166619	-0.15000000000000002
1579146858.07	300	18.243341	0.0	173849	1486	951.296546127	0.3
1579146859.79	300	20.515903	0.0	150710	1574	910.729475991	0.3
1579146861.38	300	22.926399	0.0	139105	1452	876.334285784	0.3
1579146865.05	750	23.254625	0.0	353220	3534	826.089700871	0.3
1579146868.9	750	23.406352	0.0	405134	3710	827.67670757	0.75
1579146870.75	300	25.555467	0.0	160746	1712	804.427710293	-0.15000000000000002
1579146875.51	750	24.805137	0.0	434409	4611	792.220279192	0.3
1579146877.04	300	27.271313	0.0	140051	1388	796.19498224	-0.15000000000000002
1579146880.51	750	27.801931	0.0	366214	3337	812.475258444	0.3
1579146886.07	1200	26.237551	0.0	617242	5332	832.529302007	0.75
1579146891.84	1200	24.466144	0.0	581493	5644	837.835312083	1.2
1579146896.0	750	24.31421	0.0	405596	4023	853.35683844	0.3
1579146903.78	1200	20.530687	0.0	586839	7645	767.686206294	0.75
1579146907.27	750	21.035569	0.0	386472	3358	771.813321985	0.3
1579146911.59	750	20.724036	0.0	399894	4185	744.014030176	0.75
1579146913.41	300	22.901448	0.0	163927	1667	728.014281753	-0.15000000000000002
1579146914.78	300	25.525818	0.0	137654	1246	721.157584138	0.3
1579146916.33	300	27.980383	0.0	146754	1413	827.038818543	0.3
1579146924.3	1850	24.005876	0.0	905935	7722	857.453382667	0.30000000000000004
1579146935.44	1850	16.865076	0.0	1076599	11008	837.598705237	1.85
1579146944.12	1850	12.194244	0.0	758197	8539	799.607838408	1.85
1579146953.54	1850	6.771174	0.0	972798	9288	806.098106862	1.85
1579146959.97	1200	4.411818	0.068	641447	6295	806.625382375	0.25759999999999994
1579146963.86	750	4.52146	0.0	358218	3753	780.588746057	0.3
1579146968.12	750	4.479176	0.218	400322	4127	779.370421643	-0.1874
1579146971.35	750	5.246417	0.0	369834	3099	822.702059639	0.75
1579146972.88	300	7.715493	0.0	163444	1373	823.51733403	-0.15000000000000002
1579146974.46	300	10.138408	0.0	179328	1443	842.579167464	0.3
1579146976.03	300	12.567542	0.0	159914	1442	877.795866234	0.3
1579146977.23	300	15.359496	0.0	131610	1067	952.314348535	0.3
1579146978.63	300	17.968477	0.0	124011	1262	914.203335931	0.3
1579146980.54	300	20.05251	0.0	144254	1790	820.15050326	0.3
1579146982.55	300	22.045717	0.0	149991	1862	743.948009231	0.3
1579146984.19	300	24.401942	0.0	147968	1518	728.121060636	0.3
1579146985.89	300	26.70256	0.0	161857	1560	720.179140284	0.3
1579146987.45	300	29.141584	0.0	145210	1434	724.912397437	0.3
1579146991.91	750	28.689325	0.0	438281	4282	776.959707363	0.3
1579147001.67	1850	22.920939	0.0	958994	9614	804.782151703	0.75
1579147018.06	1850	10.537727	0.0	982064	16241	607.907549472	1.85
1579147028.25	1850	4.445889	0.106	830730	10075	613.395683478	1.3942
1579147031.34	750	5.356236	0.0	314107	2966	620.151809533	-0.3500000000000001
1579147034.06	750	4.323223	0.0	255954	2603	612.943018557	0.75

