1579147519.83	750	4	3.972	181801	3596	404.451612903	-17.0796
1579147524.31	300	4.455224	0.932	155580	4058	345.995494875	-4.1576
1579147525.75	300	7.012173	0.0	139857	1273	378.743272395	0.3
1579147527.2	300	9.562523	0.0	155432	1315	410.324767669	0.3
1579147528.71	300	12.052535	0.0	163442	1375	439.926882112	0.3
1579147531.63	750	13.133661	0.0	318564	2660	526.365721272	0.3
1579147533.02	300	15.738324	0.0	153295	1263	943.066179851	-0.15000000000000002
1579147534.64	300	18.125495	0.0	173849	1468	954.839860231	0.3
1579147536.36	300	20.398912	0.0	150710	1574	913.734683184	0.3
1579147537.97	300	22.792324	0.0	139105	1454	878.70183595	0.3
1579147541.43	750	23.333319	0.0	353220	3322	847.883290295	0.3
1579147545.23	750	23.536961	0.0	405134	3646	848.494823288	0.75
1579147549.48	750	23.278477	0.0	386351	4120	808.782836844	0.75
1579147551.53	300	25.233973	0.0	179801	1909	805.873187409	-0.15000000000000002
1579147554.96	750	25.800527	0.0	337059	3301	811.91977417	0.3
1579147558.18	750	26.580185	0.0	366214	3087	827.104687891	0.75
1579147563.92	1200	24.84673	0.0	617242	5501	835.43501736	0.75
1579147567.68	750	25.082817	0.0	372963	3613	856.392415144	0.3
1579147571.97	750	24.79551	0.0	405596	4158	850.149649708	0.75
1579147579.37	1200	21.396495	0.0	586839	7261	779.167926	0.75
1579147583.23	750	21.529965	0.0	386472	3723	768.939283972	0.3
1579147587.48	750	21.27765	0.0	399894	4101	745.13673161	0.75
1579147589.38	300	23.38074	0.0	163927	1757	732.919696823	-0.15000000000000002
1579147590.79	300	25.971758	0.0	137654	1254	731.085736246	0.3
1579147592.39	300	28.373824	0.0	146754	1467	801.162108752	0.3
1579147597.58	1200	27.183785	0.0	590335	5057	837.227779612	0.29999999999999993
1579147603.96	1200	24.804961	0.0	696376	6247	875.075191042	1.2
1579147609.59	1200	23.176373	0.0	487160	5499	832.933677465	1.2
1579147613.53	750	23.2336	0.0	400396	3808	831.904025395	0.3
1579147615.21	300	25.554503	0.0	149029	1547	829.472009059	-0.15000000000000002
1579147619.7	750	25.057299	0.0	358218	4354	768.623438704	0.3
1579147623.29	750	25.470046	0.0	400322	3454	757.580571211	0.75
1579147624.65	300	28.109039	0.0	143881	1228	791.376145343	-0.15000000000000002
1579147631.61	1200	25.155688	0.0	670129	6814	779.487956631	0.29999999999999993
1579147635.71	750	25.052994	0.0	401088	3970	785.788150539	0.3
1579147642.09	1200	22.668906	0.0	598727	6231	812.203402275	0.75
1579147645.54	750	23.219747	0.0	321064	3318	790.510597354	0.3
1579147646.71	300	26.053076	0.0	124011	1033	790.154561014	-0.15000000000000002
1579147650.02	750	26.745755	0.0	378327	3160	817.019978442	0.3
1579147655.13	1200	25.636939	0.0	587506	4979	849.357303281	0.75
1579147661.91	1200	22.854236	0.0	566904	6637	808.809077467	1.2
1579147663.61	300	25.153773	0.0	161857	1561	817.642265855	-0.6000000000000001
1579147669.55	1200	23.217463	0.0	599477	5793	814.623116841	0.29999999999999993
1579147673.86	750	22.903978	0.0	438281	4177	802.524238752	0.3
1579147681.24	1200	19.520533	0.0	630203	7223	748.634136965	0.75
1579147689.58	750	15.177654	0.0	393804	8195	592.01605173	0.3
1579147692.89	750	15.872654	0.0	331053	3189	601.889782776	0.75
1579147702.6	1850	10.162316	0.0	846370	9501	599.947370334	0.75
1579147709.41	1850	5.027553	0.0	598850	6697	598.038041757	1.85

