1579146617.75	750	3.999695	4.037	181801	3651	398.358805807	-17.359099999999998
1579146622.27	300	4.498425	1.018	155580	4087	342.609102523	-4.5274
1579146623.63	300	7.138568	0.0	139857	1228	374.6245221	0.3
1579146625.08	300	9.687945	0.0	155432	1313	405.96798471	0.3
1579146626.59	300	12.177919	0.0	163442	1375	435.408402416	0.3
1579146629.5	750	13.271927	0.0	318564	2659	523.292214561	0.3
1579146630.89	300	15.877481	0.0	153295	1263	949.464217181	-0.15000000000000002
1579146632.51	300	18.261868	0.0	173849	1483	953.383693315	0.3
1579146636.58	750	18.194269	0.0	374758	3926	874.428730522	0.3
1579146640.2	750	18.566908	0.0	362795	3482	855.632957249	0.75
1579146641.57	300	21.199729	0.0	141840	1229	841.209010117	-0.15000000000000002
1579146643.24	300	23.533539	0.0	156148	1515	827.03319932	0.3
1579146647.49	750	23.282986	0.0	386351	4109	794.500237073	0.3
1579146652.09	750	22.680169	0.0	434409	4472	797.65768642	0.75
1579146653.43	300	25.342411	0.0	140051	1208	798.883806877	-0.15000000000000002
1579146656.65	750	26.120927	0.0	366214	3086	817.258377131	0.3
1579146662.44	1200	24.326815	0.0	617242	5561	836.746674096	0.75
1579146666.24	750	24.525456	0.0	372963	3660	854.08642906	0.3
1579146673.08	1200	21.687614	0.0	639204	6693	839.708399685	0.75
1579146678.06	750	20.711259	0.0	350713	4834	766.572464438	0.3
1579146681.72	750	21.050387	0.0	386472	3534	761.656873874	0.75
1579146686.04	750	20.726761	0.0	399894	4185	736.705895999	0.75
1579146687.94	300	22.825744	0.0	163927	1761	725.18986403	-0.15000000000000002
1579146689.33	300	25.436396	0.0	137654	1245	719.825504917	0.3
1579146690.84	300	27.930274	0.0	146754	1374	812.318765699	0.3
1579146695.97	1200	26.7985	0.0	590335	5000	840.014676776	0.29999999999999993
1579146702.41	1200	24.359452	0.0	696376	6295	881.263519276	1.2
1579146708.06	1200	22.707585	0.0	487160	5502	837.267587279	1.2
1579146711.87	750	22.899937	0.0	400396	3675	840.278750577	0.3
1579146713.74	300	25.033103	0.0	149029	1734	825.120184082	-0.15000000000000002
1579146715.81	300	26.960697	0.0	157421	1929	778.6834744	0.3
1579146717.79	300	28.978273	0.0	157488	1840	728.621434499	0.3
1579146719.13	300	31.639546	0.0	143881	1204	761.168521743	0.3
1579146725.58	1200	29.195137	0.0	670129	6309	772.563110556	0.29999999999999993
1579146732.45	1200	26.319284	0.0	690253	6722	799.872099021	1.2
1579146738.98	1200	23.793349	0.0	598727	6388	800.153935188	1.2
1579146742.37	750	24.403114	0.0	321064	3258	809.011700036	0.3
1579146745.53	750	25.242862	0.0	361565	3026	817.916082704	0.75
1579146748.79	750	25.984573	0.0	378327	3124	827.110215379	0.75
1579146754.51	1200	24.257503	0.0	587506	5575	833.014991739	0.75
1579146758.66	750	24.10538	0.0	345516	4007	827.65715706	0.3
1579146762.54	750	24.231519	0.0	384505	3733	833.90530679	0.75
1579146766.27	750	24.504038	0.0	372093	3586	817.470634658	0.75
1579146770.61	750	24.156273	0.0	438281	4209	801.918255872	0.75
1579146777.33	1200	21.440423	0.0	630203	6582	781.393605576	0.75
1579146794.02	1850	8.750009	0.0	982064	16443	607.15577616	1.2000000000000002
1579146804.15	1850	4.265902	1.644	830730	10003	605.364722084	-5.219199999999999
1579146807.24	750	5.180379	0.0	314107	2967	603.494695072	-0.3500000000000001
1579146810.18	750	3.912645	0.0	255954	2825	593.001906031	0.75

