1579147068.88	750	4	4.026	181801	3636	400.00220022	-17.311799999999998
1579147073.39	300	4.447634	0.954	155580	4059	344.648498397	-4.2522
1579147074.75	300	7.086053	0.0	139857	1229	376.904542622	0.3
1579147076.25	300	9.587555	0.0	155432	1363	408.68265853	0.3
1579147077.76	300	12.076945	0.0	163442	1375	438.139979163	0.3
1579147080.65	750	13.184164	0.0	318564	2658	526.323410221	0.3
1579147082.05	300	15.788912	0.0	153295	1264	943.101233231	-0.15000000000000002
1579147083.67	300	18.166785	0.0	173849	1490	946.43597224	0.3
1579147085.45	300	20.379477	0.0	150710	1650	899.919935316	0.3
1579147087.05	300	22.787197	0.0	139105	1455	866.279835392	0.3
1579147090.57	750	23.267343	0.0	353220	3384	831.801453862	0.3
1579147094.4	750	23.436844	0.0	405134	3692	832.756758459	0.75
1579147096.25	300	25.585794	0.0	160746	1713	809.090945564	-0.15000000000000002
1579147100.98	750	24.859089	0.0	434409	4588	801.756030781	0.3
1579147102.51	300	27.324979	0.0	140051	1389	806.047861763	-0.15000000000000002
1579147107.8	1200	26.032399	0.0	587876	5074	833.605770766	0.29999999999999993
1579147113.46	1200	24.371965	0.0	617242	5525	842.153630785	1.2
1579147117.26	750	24.575176	0.0	372963	3659	845.865679385	0.3
1579147121.55	750	24.2802	0.0	405596	4166	853.493085441	0.75
1579147125.83	750	24.003914	0.0	350713	4139	817.561521326	0.75
1579147128.21	300	25.626898	0.0	157671	2235	756.177281237	-0.15000000000000002
1579147129.88	300	27.955592	0.0	157812	1527	723.071344856	0.3
1579147131.62	300	30.218934	0.0	163927	1597	711.424645169	0.3
1579147135.06	750	30.777765	0.0	343800	3290	718.700967388	0.3
1579147138.97	750	30.865884	0.0	359903	3771	747.008924414	0.75
1579147144.49	1200	29.348288	0.0	590335	5386	827.864710448	0.75
1579147154.41	1850	23.423614	0.0	1076599	9696	851.593538628	1.2000000000000002
1579147162.37	1850	19.460788	0.0	758197	7830	831.658024147	1.85
1579147172.66	1850	13.177605	0.0	972798	10148	812.377738771	1.85
1579147182.57	1850	7.267583	0.0	975811	9776	813.742927732	1.85
1579147188.62	1200	5.215647	0.0	570392	5921	800.481432781	0.5499999999999999
1579147192.93	750	4.903708	0.0	400322	4179	776.98914837	0.3
1579147196.24	750	5.5933	0.0	369834	3177	790.0751218	0.75
1579147197.75	300	8.08606	0.0	163444	1373	807.962088238	-0.15000000000000002
1579147199.35	300	10.483762	0.0	179328	1468	826.930263703	0.3
1579147202.59	750	11.247802	0.0	365161	3107	880.304260107	0.3
1579147203.96	300	13.875489	0.0	131610	1243	931.763787484	-0.15000000000000002
1579147205.64	300	16.193643	0.0	124011	1537	864.410563709	0.3
1579147207.57	300	18.259875	0.0	144254	1789	800.093233006	0.3
1579147209.36	300	20.477774	0.0	149991	1655	764.261403575	0.3
1579147210.92	300	22.91815	0.0	147968	1433	719.683703655	0.3
1579147212.6	300	25.230985	0.0	161857	1560	721.538674279	0.3
1579147214.15	300	27.680239	0.0	145210	1411	755.777927162	0.3
1579147218.51	750	27.322199	0.0	438281	4217	810.250785116	0.3
1579147228.38	1850	21.454583	0.0	958994	9731	806.947206508	0.75
1579147244.98	1850	8.855676	0.0	982064	16462	601.447361081	1.85
1579147255.19	1850	4.400007	1.761	830730	10093	607.890989989	-5.722299999999999
1579147258.3	750	5.297098	0.0	314107	2966	614.51667371	-0.3500000000000001
1579147261.23	750	4.04157	0.0	255954	2826	604.870412558	0.75

