1579145941.12	750	4	4.111	181801	3735	389.399732262	-17.6773
1579145945.53	300	4.494741	0.906	155580	3962	346.653597102	-4.0458
1579145946.93	300	7.092431	0.0	139857	1227	378.949395671	0.3
1579145948.44	300	9.581043	0.0	155432	1364	410.771601655	0.3
1579145949.95	300	12.070229	0.0	163442	1375	440.25453395	0.3
1579145952.84	750	13.178777	0.0	318564	2657	538.131501011	0.3
1579145954.26	300	15.759271	0.0	153295	1264	943.345109608	-0.15000000000000002
1579145955.91	300	18.111492	0.0	173849	1502	944.984744078	0.3
1579145957.73	300	20.294739	0.0	150710	1681	893.970417053	0.3
1579145959.32	300	22.703041	0.0	139105	1454	861.09943005	0.3
1579145962.74	750	23.284838	0.0	353220	3265	837.776367715	0.3
1579145966.58	750	23.442895	0.0	405134	3692	837.490613736	0.75
1579145968.52	300	25.500638	0.0	160746	1804	806.379996104	-0.15000000000000002
1579145973.13	750	24.894318	0.0	434409	4466	808.968276733	0.3
1579145976.5	750	25.524945	0.0	337059	3222	818.439278473	0.75
1579145979.86	750	26.160469	0.0	366214	3220	825.792934946	0.75
1579145985.5	1200	24.518588	0.0	617242	5396	840.066570601	0.75
1579145989.45	750	24.577436	0.0	372963	3774	843.672153632	0.3
1579145993.65	750	24.369004	0.0	405596	4055	850.401241615	0.75
1579146001.4	1200	20.625219	0.0	586839	7605	761.168027212	0.75
1579146004.89	750	21.129541	0.0	386472	3358	762.925523156	0.3
1579146009.18	750	20.839491	0.0	399894	4151	735.499407684	0.75
1579146011.08	300	22.938133	0.0	163927	1761	727.118342079	-0.15000000000000002
1579146012.47	300	25.558467	0.0	137654	1244	721.223490577	0.3
1579146013.93	300	28.095322	0.0	146754	1323	828.106265962	0.3
1579146022.01	1850	24.014108	0.0	905935	7842	853.064437984	0.30000000000000004
1579146033.05	1850	16.976221	0.0	1076599	10888	838.156088664	1.85
1579146041.54	1850	12.486424	0.0	758197	8332	809.73555395	1.85
1579146042.98	300	15.044068	0.0	153605	1288	812.164772144	-1.25
1579146044.37	300	17.648217	0.0	149029	1253	814.126188205	0.3
1579146045.87	300	20.154425	0.0	157421	1360	787.900687831	0.3
1579146047.67	300	22.354232	0.0	157488	1662	781.7927656	0.3
1579146049.33	300	24.692295	0.0	143881	1523	849.322945656	0.3
1579146056.16	1200	21.861761	0.0	670129	6674	815.076326775	0.29999999999999993
1579146060.55	750	21.473627	0.0	401088	4236	789.448278197	0.3
1579146062.32	300	23.706684	0.0	159914	1618	779.621839098	-0.15000000000000002
1579146063.91	300	26.117474	0.0	131610	1439	777.261617452	0.3
1579146065.3	300	28.719227	0.0	124011	1250	780.809217562	0.3
1579146070.56	1200	27.457751	0.0	605884	5127	823.329133336	0.29999999999999993
1579146075.62	1200	26.407025	0.0	587506	4901	889.175702439	1.2
1579146082.5	1200	23.523229	0.0	566904	6732	808.080226489	1.2
1579146084.32	300	25.70133	0.0	161857	1672	811.280058535	-0.6000000000000001
1579146088.27	750	25.755048	0.0	372093	3801	807.329068221	0.3
1579146094.52	1200	23.508231	0.0	634861	6080	788.792234126	0.75
1579146101.61	1200	20.415772	0.0	630203	6948	745.23780574	1.2
1579146109.33	750	16.690201	0.0	393804	7577	619.586685815	0.3
1579146117.58	1200	12.443432	0.0	538612	8082	589.732371635	0.75
1579146124.42	1200	9.602372	0.0	550906	6715	585.475826961	1.2
1579146129.05	1200	6.656955	0.0	391450	4506	566.897041782	1.2

