1579145720.88	750	4	9.44	450283	8959	402.083268222	-40.592
1579145722.44	300	6.439549	0.0	155580	1314	434.033506327	-0.15000000000000002
1579145723.76	300	9.125293	0.0	139857	1178	459.714278923	0.3
1579145727.11	750	9.776778	0.0	382355	3202	518.491858227	0.3
1579145730.83	750	10.054647	0.0	411561	3576	567.091312472	0.75
1579145734.42	750	10.465233	0.0	318564	3434	876.71631601	0.75
1579145735.98	300	12.908044	0.0	153295	1420	868.626260313	-0.15000000000000002
1579145737.62	300	15.264171	0.0	173849	1506	867.887582583	0.3
1579145739.05	300	17.833333	0.0	150710	1303	851.8123493	0.3
1579145740.47	300	20.413873	0.0	139105	1281	829.310245843	0.3
1579145742.12	300	22.762568	0.0	141840	1511	859.387775446	0.3
1579145746.6	750	22.278915	0.0	405134	4329	806.814227055	0.3
1579145748.36	300	24.52626	0.0	160746	1606	790.847850072	-0.15000000000000002
1579145752.42	750	24.463885	0.0	434409	3914	806.056166015	0.3
1579145755.57	750	25.31608	0.0	337059	3005	818.202005685	0.75
1579145758.92	750	25.964187	0.0	366214	3211	842.686578021	0.75
1579145765.22	1200	23.659255	0.0	617242	6076	858.067519315	0.75
1579145769.08	750	23.803251	0.0	372963	3717	852.025152156	0.3
1579145774.82	750	22.06072	0.0	405596	5588	755.181798604	0.75
1579145778.26	750	22.628404	0.0	350713	3287	751.844284494	0.75
1579145782.15	750	22.72977	0.0	386472	3760	743.787037089	0.75
1579145786.43	750	22.459165	0.0	399894	4129	731.293285311	0.75
1579145790.45	750	22.435949	0.0	401853	3878	735.794940879	0.75
1579145793.43	750	23.456329	0.0	343800	2827	838.054085263	0.75
1579145796.68	750	24.208928	0.0	359903	3102	849.646460302	0.75
1579145800.45	750	24.429326	0.0	379700	3638	852.613767805	0.75
1579145808.1	1200	20.786127	0.0	696376	7491	825.69864767	0.75
1579145809.27	300	23.617296	0.0	111155	1012	827.789386305	-0.6000000000000001
1579145814.11	750	22.775904	0.0	400396	4707	772.048490139	0.3
1579145815.91	300	24.971173	0.0	149029	1660	746.000706378	-0.15000000000000002
1579145819.18	750	25.69973	0.0	358218	3138	753.82995492	0.3
1579145820.78	300	28.105989	0.0	157488	1459	772.369265386	-0.15000000000000002
1579145826.91	1200	25.976375	0.0	584349	5990	769.619806997	0.29999999999999993
1579145831.11	750	25.771767	0.0	412837	4042	812.054443831	0.3
1579145838.55	1200	22.333293	0.0	690253	7280	801.196691892	0.75
1579145842.11	750	22.768802	0.0	365161	3409	795.342412506	0.3
1579145844.93	750	23.950718	0.0	321064	2684	806.999887272	0.75
1579145848.0	750	24.87862	0.0	361565	2935	837.263980957	0.75
1579145854.75	1200	22.131966	0.0	605884	6591	808.553765196	0.75
1579145856.45	300	24.434606	0.0	149991	1553	828.234526899	-0.6000000000000001
1579145859.94	750	24.944304	0.0	345516	3346	822.331316014	0.3
1579145863.8	750	25.083655	0.0	384505	3698	807.385759036	0.75
1579145867.57	750	25.315146	0.0	372093	3630	787.527765693	0.75
1579145872.07	750	24.821211	0.0	438281	4355	815.16625085	0.75
1579145888.59	1850	12.296994	0.0	958994	16272	592.324243272	0.75
1579145892.69	750	12.189376	0.0	393804	3954	593.58361807	-0.3500000000000001
1579145896.73	750	12.15287	0.0	331053	3898	583.291268447	0.75
1579145906.4	1850	6.480776	0.0	846370	9532	593.548288764	0.75
1579145912.81	1850	2.12643	0.371	598850	6276	597.313176144	0.25470000000000015

