1576494344.15	750	4	0.656	450283	515	6994.68737864	-2.8207999999999998
1576494347.23	4300	8	0.0	2123065	2850	6097.59527667	0.75
1576494350.33	4300	12	0.0	2177073	2933	6022.2873205	4.3
1576494352.99	4300	16.0	0.0	2160877	2517	6241.77391436	4.3
1576494356.04	4300	20	0.0	2233056	2908	6217.02982627	4.3
1576494358.29	4300	24	0.0	1941625	2115	6344.34056841	4.3
1576494360.64	4300	28	0.0	2157535	2224	6653.50909885	4.3
1576494374.75	4300	32	0.0	2290172	13972	1966.60534846	4.3
1576494376.25	1850	36	0.0	852833	1248	1883.02467032	-0.6000000000000001
1576494378.43	1850	40	0.0	913888	2003	1795.82718982	1.85
1576494383.41	1850	44	0.0	939819	4842	1637.05347209	1.85
1576494384.47	1850	48	0.0	917428	913	1566.96318469	1.85
1576494385.63	1850	52	0.0	946851	1025	2418.50983596	1.85
1576494388.88	4300	56	0.0	2275376	3056	2671.03394464	1.8499999999999996
