1576495013.11	750	4	3.279	2354772	3129	6020.51006711	-14.099699999999999
1576495016.16	4300	8	0.0	2123065	2905	5935.53492632	0.75
1576495018.74	4300	12	0.0	2177073	2411	6253.94854329	4.3
1576495021.65	4300	16.0	0.0	2160877	2746	6264.05562268	4.3
1576495024.34	4300	20	0.0	2233056	2550	6389.57775514	4.3
1576495026.5	4300	24	0.0	1941625	1993	6681.5909836	4.3
1576495040.04	4300	28	0.0	2157535	13387	1961.08552802	4.3
1576495041.84	1850	32	0.0	1060487	1568	1896.56011974	-0.6000000000000001
1576495043.11	1850	36	0.0	852833	1136	1797.14322502	1.85
1576495049.03	1850	40	0.0	913888	5772	1521.96567364	1.85
1576495050.38	1850	44	0.0	939819	1222	1478.16248139	1.85
1576495051.43	1850	48	0.0	917428	915	1984.28174328	1.85
1576495052.69	1850	52	0.0	946851	1119	1945.61993737	1.85
1576495057.44	4300	56	0.0	2275376	4606	2198.89991899	1.8499999999999996
