1576495096.42	750	4	3.316	2354772	3152	5976.5786802	-14.258799999999999
1576495099.48	4300	8	0.0	2123065	2894	5924.5351939	0.75
1576495102.04	4300	12	0.0	2177073	2430	6234.45740357	4.3
1576495105.13	4300	16.0	0.0	2160877	2963	6125.62901113	4.3
1576495107.78	4300	20	0.0	2233056	2510	6283.1595749	4.3
1576495109.91	4300	24	0.0	1941625	1992	6564.75831007	4.3
1576495123.54	4300	28	0.0	2157535	13476	1951.41541671	4.3
1576495125.35	1850	32	0.0	1060487	1566	1887.14900216	-0.6000000000000001
1576495126.7	1850	36	0.0	852833	1223	1784.43972019	1.85
1576495132.4	1850	40	0.0	913888	5577	1533.78167336	1.85
1576495133.7	1850	44	0.0	939819	1136	1486.71505954	1.85
1576495134.75	1850	48	0.0	917428	903	2062.34192443	1.85
1576495136.82	2850	52	0.0	1422919	1813	2111.4278334	1.85
1576495141.96	4300	56	0.0	2275376	4962	2329.28117348	2.8499999999999996
