1576494430.08	750	4	3.269	2354772	3124	6030.14596671	-14.0567
1576494433.12	4300	8	0.0	2123065	2906	5939.29768865	0.75
1576494435.72	4300	12	0.0	2177073	2435	6243.97389144	4.3
1576494438.95	4300	16.0	0.0	2160877	3086	6058.40980264	4.3
1576494441.56	4300	20	0.0	2233056	2445	6244.76175042	4.3
1576494443.68	4300	24	0.0	1941625	1994	6500.77658366	4.3
1576494457.28	4300	28	0.0	2157535	13455	1956.04398337	4.3
1576494459.12	1850	32	0.0	1060487	1580	1891.91818011	-0.6000000000000001
1576494460.57	1850	36	0.0	852833	1323	1788.21193614	1.85
1576494466.48	1850	40	0.0	913888	5743	1524.35864854	1.85
1576494467.66	1850	44	0.0	939819	1022	1473.77927478	1.85
1576494468.8	1850	48	0.0	917428	999	1998.71694752	1.85
1576494470.94	2850	52	0.0	1422919	1918	2050.93734516	1.85
1576494476.06	4300	56	0.0	2275376	4943	2266.89453904	2.8499999999999996
