1576494513.41	750	4	3.297	2354772	3123	6032.07684918	-14.1771
1576494516.44	4300	8	0.0	2123065	2894	5952.4628498	0.75
1576494519.01	4300	12	0.0	2177073	2411	6268.03554214	4.3
1576494522.21	4300	16.0	0.0	2160877	3029	6109.30565553	4.3
1576494524.83	4300	20	0.0	2233056	2475	6280.68157724	4.3
1576494526.96	4300	24	0.0	1941625	1993	6544.26958543	4.3
1576494540.58	4300	28	0.0	2157535	13474	1951.52520083	4.3
1576494542.37	1850	32	0.0	1060487	1570	1888.1439434	-0.6000000000000001
1576494543.72	1850	36	0.0	852833	1211	1783.02377624	1.85
1576494549.43	1850	40	0.0	913888	5564	1534.88254148	1.85
1576494550.68	1850	44	0.0	939819	1098	1486.32899634	1.85
1576494551.71	1850	48	0.0	917428	898	2064.02869622	1.85
1576494553.68	2850	52	0.0	1422919	1736	2108.01410684	1.85
1576494558.88	4300	56	0.0	2275376	5029	2325.96256177	2.8499999999999996
