1576494596.72	750	4	3.271	2354772	3123	6032.07684918	-14.065299999999999
1576494599.77	4300	8	0.0	2123065	2896	5950.42792688	0.75
1576494602.34	4300	12	0.0	2177073	2417	6263.06221944	4.3
1576494605.49	4300	16.0	0.0	2160877	2992	6128.2910153	4.3
1576494608.13	4300	20	0.0	2233056	2491	6292.10751082	4.3
1576494610.24	4300	24	0.0	1941625	1978	6563.268664	4.3
1576494623.84	4300	28	0.0	2157535	13464	1952.45905848	4.3
1576494625.62	1850	32	0.0	1060487	1541	1887.95250688	-0.6000000000000001
1576494626.88	1850	36	0.0	852833	1124	1780.75742076	1.85
1576494632.7	1850	40	0.0	913888	5676	1521.99245496	1.85
1576494633.98	1850	44	0.0	939819	1129	1475.43618264	1.85
1576494635.02	1850	48	0.0	917428	901	2013.08258954	1.85
1576494636.98	2850	52	0.0	1422919	1725	2056.18318858	1.85
1576494642.18	4300	56	0.0	2275376	5052	2280.7016641	2.8499999999999996
