1576494846.62	750	4	3.274	2354772	3137	6005.15651897	-14.078199999999999
1576494849.67	4300	8	0.0	2123065	2907	5925.87102585	0.75
1576494852.27	4300	12	0.0	2177073	2434	6233.40884697	4.3
1576494855.42	4300	16.0	0.0	2160877	3010	6097.052819	4.3
1576494858.07	4300	20	0.0	2233056	2476	6269.30285402	4.3
1576494860.17	4300	24	0.0	1941625	1969	6546.70303471	4.3
1576494873.74	4300	28	0.0	2157535	13431	1958.30019635	4.3
1576494875.53	1850	32	0.0	1060487	1541	1892.88770444	-0.6000000000000001
1576494876.79	1850	36	0.0	852833	1131	1785.00945799	1.85
1576494882.62	1850	40	0.0	913888	5673	1525.0308925	1.85
1576494883.92	1850	44	0.0	939819	1167	1480.02946454	1.85
1576494884.95	1850	48	0.0	917428	897	2017.21611258	1.85
1576494886.9	2850	52	0.0	1422919	1724	2060.18907932	1.85
1576494892.09	4300	56	0.0	2275376	5052	2283.38905523	2.8499999999999996
