1576494680.01	750	4	3.271	2354772	3122	6034.00896861	-14.065299999999999
1576494683.05	4300	8	0.0	2123065	2912	5935.09918817	0.75
1576494685.65	4300	12	0.0	2177073	2435	6240.51605925	4.3
1576494688.83	4300	16.0	0.0	2160877	3032	6088.77049836	4.3
1576494691.45	4300	20	0.0	2233056	2476	6261.93135927	4.3
1576494693.56	4300	24	0.0	1941625	1968	6529.0224131	4.3
1576494707.3	4300	28	0.0	2157535	13611	1928.34712696	4.3
1576494709.1	1850	32	0.0	1060487	1578	1865.26586389	-0.6000000000000001
1576494710.68	1850	36	0.0	852833	1441	1767.4124905	1.85
1576494716.14	1850	40	0.0	913888	5304	1549.22330457	1.85
1576494717.3	1850	44	0.0	939819	1001	1497.81498856	1.85
1576494718.33	1850	48	0.0	917428	898	2180.04055586	1.85
1576494721.29	4300	52	0.0	2209463	2817	2365.85110967	1.8499999999999996
1576494726.28	4300	56	0.0	2275376	4806	2552.29655028	4.3
