1576494929.9	750	4	3.283	2354772	3122	6034.00896861	-14.1169
1576494932.94	4300	8	0.0	2123065	2894	5953.42601353	0.75
1576494935.53	4300	12	0.0	2177073	2432	6257.27797138	4.3
1576494938.72	4300	16.0	0.0	2160877	3047	6091.12991008	4.3
1576494941.33	4300	20	0.0	2233056	2476	6264.06102242	4.3
1576494943.43	4300	24	0.0	1941625	1968	6531.67666482	4.3
1576494957.19	4300	28	0.0	2157535	13618	1927.45880934	4.3
1576494959.0	1850	32	0.0	1060487	1588	1864.82239778	-0.6000000000000001
1576494960.7	1850	36	0.0	852833	1525	1768.27648712	1.85
1576494966.05	1850	40	0.0	913888	5200	1558.94399569	1.85
1576494967.11	1850	44	0.0	939819	939	1504.78541258	1.85
1576494968.17	1850	48	0.0	917428	909	2225.14488155	1.85
1576494971.49	4300	52	0.0	2209463	3184	2427.75140935	1.8499999999999996
1576494976.43	4300	56	0.0	2275376	4744	2609.85546024	4.3
