1576494763.35	750	4	3.269	2354772	3125	6028.21632	-14.0567
1576494766.39	4300	8	0.0	2123065	2907	5937.32619974	0.75
1576494768.99	4300	12	0.0	2177073	2433	6243.44444073	4.3
1576494771.85	4300	16.0	0.0	2160877	2715	6273.05931043	4.3
1576494774.54	4300	20	0.0	2233056	2559	6393.83249466	4.3
1576494776.68	4300	24	0.0	1941625	1998	6682.22427546	4.3
1576494790.27	4300	28	0.0	2157535	13410	1957.49588581	4.3
1576494792.08	1850	32	0.0	1060487	1568	1892.26806934	-0.6000000000000001
1576494793.35	1850	36	0.0	852833	1136	1794.18284638	1.85
1576494799.26	1850	40	0.0	913888	5772	1520.16433384	1.85
1576494800.62	1850	44	0.0	939819	1215	1476.02658632	1.85
1576494801.65	1850	48	0.0	917428	901	1982.48040265	1.85
1576494802.92	1850	52	0.0	946851	1117	1943.56976906	1.85
1576494807.68	4300	56	0.0	2275376	4606	2197.43147294	1.8499999999999996
