1575884752.39	750	4	2.373	2354772	2270	2838.30031733	-10.203899999999999
1575884755.79	4300	8	0.0	2123065	3245	6682.0749399	0.75
1575884762.35	4300	12	0.0	2177073	6428	3281.20371494	4.3
1575884768.08	4300	16.0	0.0	2160877	5584	2857.67143576	4.3
1575884771.26	4300	20	0.0	2233056	3044	3738.65672132	4.3
1575884773.99	4300	24	0.0	1941625	2587	5894.57661043	4.3
1575884776.63	4300	28	0.0	2157535	2507	6175.91975766	4.3
1575884779.66	4300	32	0.0	2290172	2888	6621.49009124	4.3
1575884782.69	4300	36	0.0	2055469	2904	6010.85061825	4.3
1575884787.11	4300	40	0.0	2169201	4276	4655.62471128	4.3
1575884793.14	4300	44	0.0	2173522	5884	3027.91005139	4.3
1575884796.35	4300	48	0.0	2102452	3077	3542.80935894	4.3
1575884800.79	4300	52	0.0	2209463	4302	4611.14074402	4.3
1575884807.86	4300	56	0.0	2275376	6940	2921.84861579	4.3
