1575884235.8	750	4	2.393	2354772	2286	2816.95871924	-10.2899
1575884239.19	4300	8	0.0	2123065	3245	6654.63124575	0.75
1575884245.81	4300	12	0.0	2177073	6475	3259.76731145	4.3
1575884251.44	4300	16.0	0.0	2160877	5476	2866.2611466	4.3
1575884254.63	4300	20	0.0	2233056	3044	4268.50025081	4.3
1575884257.34	4300	24	0.0	1941625	2576	5899.94334858	4.3
1575884259.99	4300	28	0.0	2157535	2479	6209.85618532	4.3
1575884263.01	4300	32	0.0	2290172	2885	6664.82076201	4.3
1575884266.03	4300	36	0.0	2055469	2875	5886.69560499	4.3
1575884270.47	4300	40	0.0	2169201	4300	4659.20677243	4.3
1575884276.44	4300	44	0.0	2173522	5842	3251.08315882	4.3
1575884279.61	4300	48	0.0	2102452	3031	3570.6270789	4.3
1575884284.03	4300	52	0.0	2209463	4277	4329.01066348	4.3
1575884290.95	4300	56	0.0	2275376	6773	2989.7794015	4.3
