1575884545.76	750	4	2.395	2354772	2286	2761.04627712	-10.2985
1575884549.14	4300	8	0.0	2123065	3244	6655.81045628	0.75
1575884555.69	4300	12	0.0	2177073	6424	3283.40274724	4.3
1575884561.42	4300	16.0	0.0	2160877	5585	2858.51930466	4.3
1575884564.6	4300	20	0.0	2233056	3038	3739.80548128	4.3
1575884567.31	4300	24	0.0	1941625	2577	5908.38893078	4.3
1575884569.94	4300	28	0.0	2157535	2477	6208.95055403	4.3
1575884572.97	4300	32	0.0	2290172	2885	6667.70734969	4.3
1575884575.98	4300	36	0.0	2055469	2874	5888.23560488	4.3
1575884580.42	4300	40	0.0	2169201	4309	4653.33239712	4.3
1575884586.4	4300	44	0.0	2173522	5842	3248.89750388	4.3
1575884589.59	4300	48	0.0	2102452	3050	3565.85370635	4.3
1575884594.0	4300	52	0.0	2209463	4279	4645.68992639	4.3
1575884600.91	4300	56	0.0	2275376	6775	2988.60849718	4.3
