1575884442.43	750	4	2.394	2354772	2286	2910.73277991	-10.294199999999998
1575884445.81	4300	8	0.0	2123065	3242	6658.1696237	0.75
1575884452.43	4300	12	0.0	2177073	6474	3261.30663329	4.3
1575884458.1	4300	16.0	0.0	2160877	5520	2858.05867376	4.3
1575884460.46	2850	20	0.0	1472558	2136	3449.27701495	1.4000000000000001
1575884461.95	2850	24	0.0	1224260	1355	5567.25882915	2.85
1575884464.13	2850	28	0.0	1388403	2047	6548.23276425	2.85
1575884466.2	2850	32	0.0	1638769	1935	5662.99287332	2.85
1575884468.91	4300	36	0.0	2055469	2575	6600.68130424	2.8499999999999996
1575884471.98	4300	40	0.0	2169201	2936	6151.81649582	4.3
1575884476.12	4300	44	0.0	2173522	4016	4954.79238226	4.3
1575884482.16	4300	48	0.0	2102452	5905	2945.10823032	4.3
1575884485.7	4300	52	0.0	2209463	3405	3446.89926786	4.3
1575884490.14	4300	56	0.0	2275376	4292	4593.54269661	4.3
