1575884339.17	750	4	2.396	2354772	2286	2822.21905521	-10.3028
1575884342.54	4300	8	0.0	2123065	3244	6655.81045672	0.75
1575884349.19	4300	12	0.0	2177073	6504	3246.99560751	4.3
1575884354.84	4300	16.0	0.0	2160877	5487	2856.68797593	4.3
1575884357.2	2850	20	0.0	1472558	2129	3015.53714666	1.4000000000000001
1575884358.69	2850	24	0.0	1224260	1366	5575.41725735	2.85
1575884360.86	2850	28	0.0	1388403	2033	6529.29682678	2.85
1575884362.94	2850	32	0.0	1638769	1933	5694.4543535	2.85
1575884365.68	4300	36	0.0	2055469	2576	6504.7334738	2.8499999999999996
1575884368.74	4300	40	0.0	2169201	2923	6164.1880605	4.3
1575884372.95	4300	44	0.0	2173522	4071	4921.50270388	4.3
1575884378.96	4300	48	0.0	2102452	5841	3240.50991203	4.3
1575884382.5	4300	52	0.0	2209463	3406	3469.89498024	4.3
1575884386.93	4300	56	0.0	2275376	4289	4595.08657358	4.3
