1575883822.72	750	4	2.384	2354772	2282	2844.94681937	-10.251199999999999
1575883826.1	4300	8	0.0	2123065	3252	6653.19752872	0.75
1575883832.73	4300	12	0.0	2177073	6488	3251.35582445	4.3
1575883838.36	4300	16.0	0.0	2160877	5493	2968.4994652	4.3
1575883840.74	2850	20	0.0	1472558	2138	3012.65153155	1.4000000000000001
1575883842.23	2850	24	0.0	1224260	1362	5559.27043253	2.85
1575883844.38	2850	28	0.0	1388403	2018	6561.57361505	2.85
1575883846.45	2850	32	0.0	1638769	1934	5734.40202652	2.85
1575883849.16	4300	36	0.0	2055469	2570	6514.35909791	2.8499999999999996
1575883852.23	4300	40	0.0	2169201	2937	6157.07236536	4.3
1575883856.39	4300	44	0.0	2173522	4025	4946.8384457	4.3
1575883862.43	4300	48	0.0	2102452	5904	3224.89831612	4.3
1575883865.97	4300	52	0.0	2209463	3414	3445.11357195	4.3
1575883870.39	4300	56	0.0	2275376	4272	4602.5306925	4.3
