1575884029.18	750	4	2.39	2354772	2287	2988.8366877	-10.277
1575884032.56	4300	8	0.0	2123065	3244	6654.10758346	0.75
1575884039.14	4300	12	0.0	2177073	6444	2831.7020372	4.3
1575884044.85	4300	16.0	0.0	2160877	5574	2949.64064345	4.3
1575884048.04	4300	20	0.0	2233056	3046	3742.39766096	4.3
1575884050.75	4300	24	0.0	1941625	2581	5919.08720025	4.3
1575884053.38	4300	28	0.0	2157535	2488	6196.22049117	4.3
1575884056.4	4300	32	0.0	2290172	2886	6650.74806304	4.3
1575884059.41	4300	36	0.0	2055469	2874	6044.21754345	4.3
1575884063.85	4300	40	0.0	2169201	4310	4257.70443076	4.3
1575884069.88	4300	44	0.0	2173522	5888	3228.48953227	4.3
1575884073.07	4300	48	0.0	2102452	3060	3545.50665204	4.3
1575884077.5	4300	52	0.0	2209463	4294	4628.1468624	4.3
1575884084.53	4300	56	0.0	2275376	6895	2940.16737111	4.3
