1575884132.53	750	4	2.392	2354772	2286	2791.10778348	-10.2856
1575884135.91	4300	8	0.0	2123065	3245	6654.63124557	0.75
1575884142.55	4300	12	0.0	2177073	6478	2816.13651422	4.3
1575884148.2	4300	16.0	0.0	2160877	5502	2860.4851601	4.3
1575884150.59	2850	20	0.0	1472558	2154	2993.12119645	1.4000000000000001
1575884152.08	2850	24	0.0	1224260	1357	5529.10993369	2.85
1575884154.23	2850	28	0.0	1388403	2017	6579.11029768	2.85
1575884156.3	2850	32	0.0	1638769	1935	5730.95843622	2.85
1575884159.01	4300	36	0.0	2055469	2568	6608.81907761	2.8499999999999996
1575884162.08	4300	40	0.0	2169201	2938	6158.55144081	4.3
1575884166.24	4300	44	0.0	2173522	4024	4946.83946903	4.3
1575884172.28	4300	48	0.0	2102452	5905	3224.72663063	4.3
1575884175.83	4300	52	0.0	2209463	3414	3444.75466657	4.3
1575884180.25	4300	56	0.0	2275376	4273	4387.36562733	4.3
