1575884649.11	750	4	2.384	2354772	2286	2958.28762245	-10.251199999999999
1575884652.48	4300	8	0.0	2123065	3243	6656.98991676	0.75
1575884659.12	4300	12	0.0	2177073	6500	3249.16231991	4.3
1575884664.77	4300	16.0	0.0	2160877	5487	2968.51014144	4.3
1575884667.15	2850	20	0.0	1472558	2154	3066.10994874	1.4000000000000001
1575884668.64	2850	24	0.0	1224260	1357	5533.05822176	2.85
1575884670.79	2850	28	0.0	1388403	2019	6576.87961256	2.85
1575884672.86	2850	32	0.0	1638769	1936	5892.27571425	2.85
1575884675.57	4300	36	0.0	2055469	2578	6595.2694797	2.8499999999999996
1575884678.64	4300	40	0.0	2169201	2937	6146.99918831	4.3
1575884682.79	4300	44	0.0	2173522	4023	4948.42803878	4.3
1575884688.83	4300	48	0.0	2102452	5906	3224.55503947	4.3
1575884692.38	4300	52	0.0	2209463	3413	3444.63405641	4.3
1575884696.8	4300	56	0.0	2275376	4290	4590.43313159	4.3
