1575883925.92	750	4	2.386	2354772	2288	2939.43628699	-10.259799999999998
1575883929.3	4300	8	0.0	2123065	3241	6655.94295859	0.75
1575883935.92	4300	12	0.0	2177073	6470	3263.48737797	4.3
1575883941.59	4300	16.0	0.0	2160877	5522	2962.08355361	4.3
1575883943.94	2850	20	0.0	1472558	2132	3075.36068229	1.4000000000000001
1575883945.44	2850	24	0.0	1224260	1365	5573.25526534	2.85
1575883947.61	2850	28	0.0	1388403	2046	6516.5545304	2.85
1575883949.68	2850	32	0.0	1638769	1936	5839.64788093	2.85
1575883952.39	4300	36	0.0	2055469	2571	6603.3987693	2.8499999999999996
1575883955.46	4300	40	0.0	2169201	2937	6155.80979072	4.3
1575883959.62	4300	44	0.0	2173522	4024	4947.63316189	4.3
1575883965.65	4300	48	0.0	2102452	5904	3225.17272815	4.3
1575883969.19	4300	52	0.0	2209463	3404	3447.49687319	4.3
1575883973.63	4300	56	0.0	2275376	4291	4594.81161836	4.3
