1594963835.27	750	4	0.752	450283	645	5584.90542636	-3.2336
1594963838.6	4300	4.669232	0.0	2123065	3019	5618.62021608	0.75
1594963844.81	4300	4.389953	1.939	2177073	6056	3524.45036626	-4.037699999999998
1594963851.47	4300	4.32857	2.6	2160877	6392	3146.0360425	-6.88
1594963853.87	2850	5.931948	0.0	1472558	2122	3313.10504178	1.4000000000000001
1594963856.46	4300	7.34305	0.0	1941625	2397	3470.9935114	2.8499999999999996
1594963859.41	4300	8.392118	0.0	2157535	2785	3483.13931121	4.3
1594963862.44	4300	9.360285	0.0	2290172	2856	4127.48492724	4.3
1594963865.41	4300	10.393515	0.0	2055469	2790	6108.26256386	4.3
1594963869.41	4300	10.392063	0.0	2169201	3838	5669.82737543	4.3
1594963875.64	4300	8.165851	0.0	2173522	6037	4244.61003013	4.3
1594963879.21	4300	8.590768	0.0	2102452	3311	4170.821971	4.3
1594963883.53	4300	8.278278	0.0	2209463	4130	3993.27490059	4.3
