1594289405.96	750	4	0.325	181801	222	2503.16929769	-1.3975
1594289409.33	4300	4.629341	0.0	2123065	3104	3346.60432849	0.75
1594289414.04	4300	4.423218	0.507	2177073	4575	4385.42697514	2.1199
1594289421.51	2850	4.430156	3.478	1520281	7246	1534.78633168	-13.555399999999999
1594289421.79	300	8.15131	0.0	163442	137	1835.85533157	-2.25
1594289422.26	300	11.677266	0.0	126289	326	2302.8433266	0.3
1594289422.6	300	15.339528	0.0	153295	205	2431.17482122	0.3
1594289423.66	1200	18.280233	0.0	709534	836	2932.00778289	0.29999999999999993
1594289425.19	1850	20.747238	0.0	852833	1306	3134.12680042	1.2000000000000002
1594289428.0	4300	21.936493	0.0	2169201	2670	5417.72687273	1.8499999999999996
1594289430.92	4300	23.017412	0.0	2173522	2779	6384.58619889	4.3
1594289433.63	4300	24.312563	0.0	2102452	2566	6316.58546193	4.3
1594289436.78	4300	25.165937	0.0	2209463	3006	6217.00305552	4.3
1594289440.9	4300	25.042201	0.0	2275376	3985	5090.46006599	4.3
1594289446.85	4300	23.093125	0.0	2005399	5798	3238.74714218	4.3
1594289450.37	4300	23.568485	0.0	2152483	3388	3356.07459977	4.3
1594289454.67	4300	23.272195	0.0	2289689	4158	4664.49385451	4.3
1594289458.61	4300	23.331384	0.0	2059512	3803	4362.70179695	4.3
1594289466.01	4300	19.931556	0.0	2220726	7261	2799.00796994	4.3
1594289473.35	2850	16.589924	0.0	1336050	7195	1667.85781543	1.4000000000000001
1594289476.89	1850	17.047292	0.0	891604	3405	1641.19271752	0.8500000000000001
1594289479.42	1850	18.519248	0.0	955231	2391	2300.64458678	1.85
1594289481.9	1850	20.044118	0.0	968026	2340	3212.78110989	1.85
1594289485.59	1850	20.349767	0.0	874175	3558	2556.23423918	1.85
1594289487.62	1850	22.325076	0.0	897976	1893	2244.03742088	1.85
1594289489.71	1850	24.228806	0.0	905935	1958	3738.5614619	1.85
1594289493.72	4300	24.22002	0.0	2395588	3858	4061.23655398	1.8499999999999996
1594289496.29	4300	25.649256	0.0	1972048	2428	5257.69583185	4.3
1594289498.06	4300	27.878256	0.0	2134614	1632	7448.52051407	4.3
1594289499.74	4300	30.204715	0.0	2164140	1536	10289.6804871	4.3
1594289501.8	4300	32.14016	0.0	2113193	1927	10373.5521841	4.3
1594289505.22	4300	32.724046	0.0	2147852	3242	6942.09883191	4.3
1594289508.07	4300	33.86758	0.0	2191074	2719	5541.33676313	4.3
1594289509.85	4300	36.089818	0.0	2286761	1639	7056.59379336	4.3
1594289511.58	4300	38.362894	0.0	2307787	1588	10943.8126678	4.3
1594289512.93	4300	41.013671	0.0	2143948	1206	11780.9215555	4.3
1594289514.51	4300	43.427069	0.0	1919781	1451	13169.5369521	4.3
1594289516.74	4300	45.196685	0.0	2147467	2094	9672.56199371	4.3
1594289519.28	4300	46.665847	0.0	2133870	2396	7745.35660775	4.3
1594289521.3	4300	48.642065	0.0	2146120	1881	7437.90436386	4.3
1594289528.31	4300	45.633965	0.0	2108491	6870	3819.61790084	4.3
1594289536.98	4300	40.964284	0.0	2184571	8529	2105.69197804	4.3
1594289540.37	2850	41.569204	0.0	1343002	3249	2357.67832522	1.4000000000000001
1594289541.45	1850	44.494612	0.0	973972	940	3644.15141951	0.8500000000000001
1594289542.94	2850	46.997035	0.0	1464921	1349	7115.0365842	1.85
1594289544.11	2850	49.828502	0.0	1483527	1040	8568.77148	2.85
1594289545.87	4300	52.071829	0.0	1961140	1631	10688.0151993	2.8499999999999996
1594289548.24	4300	53.697689	0.0	2155012	2254	8819.46899425	4.3
1594289550.7	4300	52.91997	0.0	1433658	2346	6493.85479731	4.3

