1594548978.09	750	4	0.014	450283	2	1801132.0	-0.06020000000000003
1594548978.17	4300	8	0.0	2123065	4	2923339.71224	0.75
1594548978.23	4300	12	0.0	2177073	2	3505522.82888	4.3
1594548978.32	4300	16.0	0.0	2160877	4	3741040.95739	4.3
1594548978.38	4300	20	0.0	2233056	3	4041539.19635	4.3
1594548978.45	4300	24	0.0	1941625	2	5247395.94561	4.3
1594548978.51	4300	28	0.0	2157535	2	6051374.09618	4.3
1594548978.57	4300	32	0.0	2290172	2	6083492.30293	4.3
1594548978.62	4300	36	0.0	2055469	3	6823219.1077	4.3
1594548978.68	4300	40	0.0	2169201	1	7618863.79144	4.3
1594548978.74	4300	44	0.0	2173522	3	6994747.82309	4.3
1594548978.8	4300	48	0.0	2102452	2	6967846.00875	4.3
1594548978.89	4300	51.980379	0.0	2209463	3	6418727.59924	4.3
1594548978.95	4300	55.913098	0.0	2275376	4	5905910.65837	4.3
1594548979.04	4300	59.829632	0.0	2005399	4	5094133.9719	4.3
1594548983.61	4300	59.499788	0.0	2152483	6	4030647.11116	4.3
1594548987.17	4300	59.749811	0.0	2289689	3	4026252.1152	4.3
1594548991.22	4300	59.74982	0.0	2059512	2	4041692.15536	4.3
1594548995.27	4300	59.749798	0.0	2220726	1	4125504.47474	4.3
1594548999.32	4300	59.749833	0.0	2156729	2	4497503.03995	4.3
1594549003.38	4300	59.499832	0.0	2039773	2	7890450.04809	4.3
1594549007.43	4300	59.499868	0.0	2176469	2	8948531.38039	4.3
1594549011.48	4300	59.499866	0.0	2221506	1	9765102.84126	4.3
1594549015.53	4300	59.499857	0.0	2044075	2	8932423.31052	4.3
1594549019.59	4300	59.499872	0.0	2186790	2	8960766.10705	4.3
1594549023.14	4300	59.749779	0.0	2105231	2	9029284.49075	4.3
1594549027.2	4300	59.749831	0.0	2395588	2	9223732.24954	4.3
1594549031.25	4300	59.749799	0.0	1972048	2	8525009.37935	4.3
1594549035.31	4300	59.74981	0.0	2134614	2	8601083.6071	4.3
1594549039.36	4300	59.749829	0.0	2164140	2	8583416.75603	4.3
1594549043.42	4300	59.499823	0.0	2113193	2	8590014.68086	4.3
1594549047.47	4300	59.49987	0.0	2147852	2	8415977.86278	4.3
1594549051.53	4300	59.499862	0.0	2191074	2	8599405.23684	4.3
1594549055.59	4300	59.499851	0.0	2286761	2	8716217.85529	4.3
1594549059.14	4300	59.749826	0.0	2307787	3	7836276.27714	4.3
1594549063.2	4300	59.749772	0.0	2143948	2	7855270.01749	4.3
1594549067.25	4300	59.749833	0.0	1919781	1	8112572.22445	4.3
1594549071.3	4300	59.749839	0.0	2147467	2	8082189.25185	4.3
1594549075.36	4300	59.749715	0.0	2133870	2	7981134.47786	4.3
1594549079.41	4300	59.499865	0.0	2146120	2	9013941.9259	4.3
1594549083.46	4300	59.499822	0.0	2108491	2	8978674.76663	4.3
1594549087.52	4300	59.499869	0.0	2184571	2	8575289.45462	4.3
1594549091.57	4300	59.499858	0.0	2121928	2	8554731.8769	4.3
1594549095.12	4300	59.749803	0.0	2219102	2	8621105.69999	4.3
1594549099.17	4300	59.749827	0.0	2124950	2	8603889.15818	4.3
1594549103.22	4300	59.749799	0.0	2246506	2	8713104.76482	4.3
1594549107.26	4300	59.749836	0.0	1961140	2	8519539.36821	4.3
1594549111.3	4300	59.749824	0.0	2155012	2	8545877.2257	4.3
1594549112.82	4300	59.929818	0.0	1433658	1	8720693.00569	4.3

