1594293678.03	750	4	0.178	181801	73	5746.93029127	-0.7654
1594293679.45	4300	6.576902	0.0	2123065	1163	7816.48059187	0.75
1594293680.79	4300	9.239534	0.0	2177073	1187	14190.3058337	4.3
1594293681.98	4300	12.058959	0.0	2160877	1044	14735.5920459	4.3
1594293683.38	4300	14.655309	0.0	2233056	1258	15868.9720069	4.3
1594293684.71	4300	17.323364	0.0	1941625	1180	13983.2054003	4.3
1594293685.94	4300	20.088725	0.0	2157535	1098	13707.3075417	4.3
1594293687.21	4300	22.82406	0.0	2290172	1103	15217.2190292	4.3
1594293688.32	4300	25.707186	0.0	2055469	976	16223.136305	4.3
1594293689.52	4300	28.505429	0.0	2169201	1061	16598.2370491	4.3
1594293690.7	4300	31.32992	0.0	2173522	1036	16466.8610818	4.3
1594293691.86	4300	34.164222	0.0	2102452	1024	16656.6776496	4.3
1594293693.08	4300	36.949111	0.0	2209463	1062	16485.2243311	4.3
1594293694.33	4300	39.703185	0.0	2275376	1076	16633.3085927	4.3
1594293695.45	4300	42.576269	0.0	2005399	987	16769.4758635	4.3
1594293696.64	4300	45.387707	0.0	2152483	1040	16345.5449416	4.3
1594293697.94	4300	48.086381	0.0	2289689	1160	16370.1952972	4.3
1594293699.63	4300	50.402967	0.0	2059512	1548	14247.4046225	4.3
1594293700.89	4300	53.14097	0.0	2220726	1117	11878.3676628	4.3
1594293702.26	4300	55.766134	0.0	2156729	1236	14794.2189679	4.3
1594293703.4	4300	58.631819	0.0	2039773	992	14400.3804955	4.3
1594293706.59	4300	59.682243	0.0	2176469	1054	16402.0627152	4.3
1594293710.4	4300	59.682249	0.0	2221506	1164	15269.2323744	4.3
1594293714.47	4300	59.682243	0.0	2044075	937	17278.1329311	4.3
1594293718.2	4300	59.932255	0.0	2186790	1088	16081.3289748	4.3
1594293722.26	4300	59.932245	0.0	2105231	1420	11861.2891083	4.3
1594293726.22	4300	59.932253	0.0	2395588	2322	8253.92778575	4.3
1594293730.57	4300	59.682252	0.0	1972048	1716	9174.068088	4.3
1594293734.12	4300	59.932237	0.0	2134614	2415	7075.76893388	4.3
1594293738.52	4300	59.682247	0.0	2164140	2761	6270.6271653	4.3
1594293742.15	4300	59.932244	0.0	2113193	2430	6889.28895963	4.3
1594293746.95	4300	59.082167	0.0	2147852	4658	4802.92139657	4.3
1594293750.21	4300	59.932244	0.0	2191074	1124	14056.8661458	4.3
1594293754.48	4300	59.682203	0.0	2286761	1623	11272.0252913	4.3
1594293758.28	4300	59.932255	0.0	2307787	1167	15493.3193792	4.3
1594293762.52	4300	59.682254	0.0	2143948	1102	15564.124929	4.3
1594293766.1	4300	59.932266	0.0	1919781	1428	10759.7849356	4.3
1594293770.35	4300	59.682238	0.0	2147467	3612	4796.42024612	4.3
1594293774.53	4300	59.682257	0.0	2133870	2038	8287.58044236	4.3
1594293778.34	4300	59.932249	0.0	2146120	1670	10189.407392	4.3
1594293782.57	4300	59.682249	0.0	2108491	1599	10541.5215054	4.3
1594293786.35	4300	59.682244	0.0	2184571	1637	10669.4852007	4.3
1594293790.54	4300	59.682251	0.0	2121928	1046	15894.3423824	4.3
1594293794.21	4300	59.932244	0.0	2219102	1023	17229.1011213	4.3
1594293798.33	4300	59.932239	0.0	2124950	973	17459.5529033	4.3
1594293802.48	4300	59.682231	0.0	2246506	1019	17625.9178669	4.3
1594293806.48	4300	59.682217	0.0	1961140	874	17920.4825067	4.3
1594293810.11	4300	59.932214	0.0	2155012	1004	17173.2829069	4.3
1594293812.33	4300	59.612253	0.0	1433658	613	18069.2980814	4.3

