1594279645.14	750	4	0.173	181801	68	21388.3529412	-0.7439
1594279646.61	4300	6.596411	0.0	2123065	1211	14286.6931203	0.75
1594279648.0	4300	9.213667	0.0	2177073	1239	14172.7246402	4.3
1594279649.19	4300	12.020577	0.0	2160877	1055	14761.3988773	4.3
1594279650.65	4300	14.560176	0.0	2233056	1310	14441.937315	4.3
1594279651.95	4300	17.262029	0.0	1941625	1162	14168.1847296	4.3
1594279653.22	4300	19.990702	0.0	2157535	1116	14428.2142747	4.3
1594279654.53	4300	22.678569	0.0	2290172	1169	14746.7604441	4.3
1594279655.68	4300	25.530684	0.0	2055469	989	14762.9247582	4.3
1594279656.87	4300	28.335295	0.0	2169201	1048	15385.2356768	4.3
1594279658.09	4300	31.120275	0.0	2173522	1067	16086.8995243	4.3
1594279659.28	4300	33.9322	0.0	2102452	1033	16262.1631075	4.3
1594279660.53	4300	36.676468	0.0	2209463	1103	16348.4353438	4.3
1594279661.8	4300	39.409134	0.0	2275376	1130	16247.7223782	4.3
1594279662.91	4300	42.301906	0.0	2005399	962	16263.2965439	4.3
1594279664.09	4300	45.122578	0.0	2152483	1036	16325.831794	4.3
1594279665.74	4300	47.468094	0.0	2289689	1490	15047.6746199	4.3
1594279667.12	4300	50.090092	0.0	2059512	1227	14513.1306063	4.3
1594279668.36	4300	52.850221	0.0	2220726	1105	14502.1454944	4.3
1594279669.67	4300	55.536607	0.0	2156729	1177	14235.9587033	4.3
1594279670.82	4300	58.38916	0.0	2039773	996	14193.0577555	4.3
1594279673.51	4300	59.749826	0.0	2176469	1049	15242.020096	4.3
1594279677.46	4300	59.749735	0.0	2221506	1310	15252.7549325	4.3
1594279681.58	4300	59.749815	0.0	2044075	985	15317.5457734	4.3
1594279685.86	4300	59.499812	0.0	2186790	1139	15475.6175388	4.3
1594279689.47	4300	59.749809	0.0	2105231	1475	14104.1637433	4.3
1594279693.9	4300	59.499803	0.0	2395588	2274	11418.7590272	4.3
1594279697.85	4300	59.499799	0.0	1972048	1817	10367.2537286	4.3
1594279701.9	4300	59.49982	0.0	2134614	2387	8948.11035943	4.3
1594279705.79	4300	59.499815	0.0	2164140	2748	7765.06086099	4.3
1594279709.8	4300	59.499812	0.0	2113193	2375	7330.47346911	4.3
1594279714.32	4300	58.888061	0.0	2147852	4381	5641.74143873	4.3
1594279717.55	4300	59.74981	0.0	2191074	1084	5672.09401957	4.3
1594279721.77	4300	59.499816	0.0	2286761	1581	5821.11272247	4.3
1594279725.61	4300	59.749814	0.0	2307787	1192	6130.14023929	4.3
1594279729.82	4300	59.499814	0.0	2143948	1064	6355.42373008	4.3
1594279733.94	4300	59.499798	0.0	1919781	1482	13076.9411309	4.3
1594279737.73	4300	59.484875	0.0	2147467	3648	7489.77680421	4.3
1594279741.94	4300	59.499805	0.0	2133870	2064	7212.90361238	4.3
1594279745.77	4300	59.4998	0.0	2146120	1672	7113.08126296	4.3
1594279749.47	4300	59.749829	0.0	2108491	1556	7072.72022738	4.3
1594279753.72	4300	59.499814	0.0	2184571	1614	7133.0119731	4.3
1594279757.92	4300	59.49978	0.0	2121928	1065	10327.977649	4.3
1594279761.6	4300	59.749818	0.0	2219102	1045	11909.2554029	4.3
1594279765.26	4300	59.994572	0.0	2124950	1000	13090.2936918	4.3
1594279769.95	4300	59.499819	0.0	2246506	1052	14520.2579194	4.3
1594279773.61	4300	59.749813	0.0	1961140	1041	16371.6891519	4.3
1594279777.76	4300	59.499814	0.0	2155012	1033	16526.8508646	4.3
1594279778.97	4300	59.929817	0.0	1433658	599	16716.4506411	4.3

