1594279870.86	750	4	0.179	181801	72	20200.1111111	-0.7696999999999999
1594279872.49	4300	6.397166	0.0	2123065	1358	12751.5257423	0.75
1594279873.91	4300	8.971528	0.0	2177073	1281	13137.1247053	4.3
1594279875.25	4300	11.634558	0.0	2160877	1194	13520.0475001	4.3
1594279876.85	4300	14.02888	0.0	2233056	1449	13175.5119213	4.3
1594279878.11	4300	16.772754	0.0	1941625	1112	13254.4745126	4.3
1594279879.48	4300	19.400865	0.0	2157535	1213	13612.3038321	4.3
1594279880.91	4300	21.970234	0.0	2290172	1291	13731.2710134	4.3
1594279882.16	4300	24.719274	0.0	2055469	1104	13786.3193528	4.3
1594279883.47	4300	27.415123	0.0	2169201	1159	14432.3258211	4.3
1594279884.78	4300	30.099174	0.0	2173522	1177	14589.6302802	4.3
1594279886.07	4300	32.812143	0.0	2102452	1141	14695.8258443	4.3
1594279887.42	4300	35.463201	0.0	2209463	1213	14786.553525	4.3
1594279888.8	4300	38.079911	0.0	2275376	1238	14749.2230467	4.3
1594279890.07	4300	40.811055	0.0	2005399	1107	14657.1167595	4.3
1594279891.74	4300	43.141543	0.0	2152483	1530	13625.1734666	4.3
1594279893.2	4300	45.684373	0.0	2289689	1312	13509.5616516	4.3
1594279894.44	4300	48.444454	0.0	2059512	1102	13547.9489423	4.3
1594279895.74	4300	51.144929	0.0	2220726	1154	13638.4024629	4.3
1594279897.0	4300	53.880502	0.0	2156729	1120	13778.4743182	4.3
1594279898.16	4300	56.718137	0.0	2039773	1025	15045.0789035	4.3
1594279899.54	4300	59.33988	0.0	2176469	1235	15095.7404666	4.3
1594279903.36	4300	59.702368	0.0	2221506	1180	15116.7588975	4.3
1594279907.05	4300	59.952411	0.0	2044075	1049	15146.2087414	4.3
1594279911.38	4300	59.702347	0.0	2186790	1183	15020.4795505	4.3
1594279915.0	4300	59.952407	0.0	2105231	1485	13805.4842311	4.3
1594279918.97	4300	59.952409	0.0	2395588	2332	11289.3794633	4.3
1594279923.32	4300	59.702359	0.0	1972048	1716	10372.1662823	4.3
1594279927.38	4300	59.70237	0.0	2134614	2402	8946.17958247	4.3
1594279931.24	4300	59.702366	0.0	2164140	2715	7802.37655665	4.3
1594279935.4	4300	59.70235	0.0	2113193	2428	7324.61847276	4.3
1594279939.96	4300	58.922404	0.0	2147852	4416	5619.38033397	4.3
1594279943.24	4300	59.702366	0.0	2191074	1137	5643.2556167	4.3
1594279946.97	4300	59.952378	0.0	2286761	1589	5791.64460629	4.3
1594279951.33	4300	59.702373	0.0	2307787	1224	6075.82950323	4.3
1594279955.11	4300	59.95241	0.0	2143948	1144	6322.55575153	4.3
1594279959.11	4300	59.952411	0.0	1919781	1364	13169.8555938	4.3
1594279963.38	4300	59.702366	0.0	2147467	3629	7564.2954162	4.3
1594279967.08	4300	59.952407	0.0	2133870	2059	7282.47448748	4.3
1594279971.37	4300	59.70237	0.0	2146120	1653	7181.1010389	4.3
1594279975.06	4300	59.9524	0.0	2108491	1549	7133.42110011	4.3
1594279979.32	4300	59.702346	0.0	2184571	1627	7165.21143216	4.3
1594279983.07	4300	59.952407	0.0	2121928	1108	10337.0724216	4.3
1594279987.34	4300	59.70235	0.0	2219102	1130	11835.3688701	4.3
1594279991.05	4300	59.952411	0.0	2124950	1045	12861.4447416	4.3
1594279995.29	4300	59.70237	0.0	2246506	1109	14050.4358363	4.3
1594279999.38	4300	59.702372	0.0	1961140	957	15953.2230767	4.3
1594280003.04	4300	59.952396	0.0	2155012	1048	16190.2029441	4.3
1594280004.78	4300	59.882368	0.0	1433658	631	16547.603083	4.3

