1594281686.92	750	4	0.658	450283	561	6421.14795009	-2.8294
1594281690.29	4300	4.624152	0.0	2123065	3094	5614.53607031	0.75
1594281695.17	4300	4.42118	0.677	2177073	4717	4341.17099446	1.3889
1594281703.18	4300	4.347019	3.937	2160877	7868	2947.61034671	-12.629099999999998
1594281706.36	4300	5.169243	0.0	2233056	3039	3199.02407322	4.3
1594281708.99	4300	6.540773	0.0	1941625	2491	3345.98842179	4.3
1594281711.74	4300	7.787648	0.0	2157535	2618	3359.14501903	4.3
1594281714.76	4300	8.771505	0.0	2290172	2866	3534.02954299	4.3
1594281717.69	4300	9.841281	0.0	2055469	2793	6174.12147073	4.3
1594281721.85	4300	9.67736	0.0	2169201	3999	5591.80381433	4.3
1594281727.99	4300	7.540689	0.0	2173522	5999	4239.12176159	4.3
1594281731.36	4300	8.172518	0.0	2102452	3232	4165.16697102	4.3
1594281735.59	4300	7.940718	0.0	2209463	4094	3995.5054653	4.3
1594281740.92	4300	6.605867	0.0	2275376	5194	3726.56979379	4.3
1594281746.82	4300	4.705419	0.0	2005399	5761	3377.02876837	4.3
1594281757.37	4300	4.283711	6.128	2152483	10407	2514.36368559	-22.050399999999996
1594281761.16	2850	4.494118	0.0	1491626	3546	2449.01302106	1.4000000000000001
1594281766.23	2850	4.414213	0.988	1358801	4933	2272.27046596	-1.3983999999999992
1594281768.49	1850	6.151653	0.0	987708	2038	2191.55630414	0.8500000000000001
1594281771.45	2850	7.195956	0.0	1336050	2790	2188.48256843	1.85
1594281773.89	2850	8.759608	0.0	1415116	2303	3112.82453057	2.85
1594281776.78	4300	9.870757	0.0	2176469	2746	3370.44151808	2.8499999999999996
1594281778.68	4300	11.961837	0.0	2221506	1769	4994.92410441	4.3
1594281780.28	4300	14.361219	0.0	2044075	1453	5716.18845958	4.3
1594281782.41	4300	16.238936	0.0	2186790	1968	7169.45176356	4.3
1594281785.84	4300	16.803665	0.0	2105231	3290	7006.01478337	4.3
1594281788.88	4300	17.764391	0.0	2395588	2872	7096.50126541	4.3
1594281790.4	4300	20.247955	0.0	1972048	1378	7099.36616973	4.3
1594281792.1	4300	22.550211	0.0	2134614	1562	7106.5901216	4.3
1594281793.43	4300	25.220139	0.0	2164140	1192	7257.52335232	4.3
1594281795.16	4300	27.488397	0.0	2113193	1587	9290.7985069	4.3
1594281797.39	4300	29.253973	0.0	2147852	2094	10424.6854001	4.3
1594281799.98	4300	30.666789	0.0	2191074	2448	9148.39234113	4.3
1594281802.64	4300	32.003711	0.0	2286761	2524	8369.12318739	4.3
1594281810.32	4300	28.323639	0.0	2307787	7532	3884.01135641	4.3
1594281819.22	4300	23.427269	0.0	2143948	8746	2753.5127821	4.3
1594281821.88	4300	24.767001	0.0	1919781	2526	2752.43594118	4.3
1594281824.08	4300	26.561066	0.0	2147467	2068	2737.90522923	4.3
1594281825.64	4300	29.006447	0.0	2133870	1414	2680.50328286	4.3
1594281827.76	4300	30.887041	0.0	2146120	1959	3058.28343273	4.3
1594281830.97	4300	31.674815	0.0	2108491	3072	7055.87335504	4.3
1594281837.16	4300	29.484493	0.0	2184571	6055	4486.74787032	4.3
1594281843.33	4300	27.312198	0.0	2121928	6032	3604.49719929	4.3
1594281846.52	4300	28.128186	0.0	2219102	3026	3636.08816643	4.3
1594281849.54	4300	29.10298	0.0	2124950	2882	3629.05621354	4.3
1594281852.32	4300	30.329176	0.0	2246506	2639	3662.97631951	4.3
1594281854.94	4300	31.704395	0.0	1961140	2500	4341.76871944	4.3
1594281857.96	4300	32.685041	0.0	2155012	2892	6125.99668965	4.3
1594281860.58	4300	31.744572	0.0	1433658	2505	5816.93209701	4.3

