1594543489.09	750	4	2.97	2354772	2792	6747.19770774	-12.771
1594543489.16	4300	7.940167	0.0	2123065	4	6756.84879788	0.75
1594543489.22	4300	11.878758	0.0	2177073	2	6761.67827023	4.3
1594543491.52	4300	13.578793	0.0	2160877	2155	7257.72809273	4.3
1594543494.58	4300	14.520407	0.0	2233056	2926	6782.35102901	4.3
1594543496.92	4300	16.173401	0.0	1941625	2213	6866.20563427	4.3
1594543499.86	4300	17.234708	0.0	2157535	2805	6649.6690294	4.3
1594543502.4	4300	18.695565	0.0	2290172	2396	6819.06545893	4.3
1594543504.63	4300	20.46966	0.0	2055469	2094	6793.13675474	4.3
1594543518.34	4300	10.751557	0.0	2169201	13586	1926.50673964	4.3
1594543526.24	4300	6.860494	0.0	2173522	7673	1896.25143376	4.3
1594543528.21	2850	8.890825	0.0	1519951	1663	1848.44990749	1.4000000000000001
1594543529.96	2850	11.136607	0.0	1422919	1596	1805.40904373	2.85
1594543532.26	2850	12.830999	0.0	1578343	2170	1797.60460251	2.85
1594543536.71	4300	12.386724	0.0	2005399	4306	3244.25893174	2.8499999999999996
1594543539.0	4300	14.094278	0.0	2152483	2162	5284.47020345	4.3
1594543541.45	4300	15.649014	0.0	2289689	2313	5417.66305508	4.3
1594543543.51	4300	17.585022	0.0	2059512	1915	5558.25573494	4.3
1594543545.53	4300	19.563286	0.0	2220726	1892	5873.14220918	4.3
1594543547.48	4300	21.613748	0.0	2156729	1817	8566.22871354	4.3
1594543549.29	4300	23.805065	0.0	2039773	1669	8909.37704995	4.3
1594543551.28	4300	25.81631	0.0	2176469	1850	9304.11031529	4.3
1594543553.36	4300	27.733309	0.0	2221506	1953	9419.07778814	4.3
1594543555.52	4300	29.575917	0.0	2044075	2004	9121.32797365	4.3
1594543557.73	4300	31.367711	0.0	2186790	2068	8903.56110481	4.3
1594543559.65	4300	33.44743	0.0	2105231	1778	8864.65008864	4.3
1594543561.81	4300	35.284667	0.0	2395588	2026	8882.57763143	4.3
1594543563.45	4300	37.650208	0.0	1972048	1496	9065.68539744	4.3
1594543565.2	4300	39.893755	0.0	2134614	1597	9562.17819197	4.3
1594543566.95	4300	42.142745	0.0	2164140	1613	10090.5022349	4.3
1594543568.61	4300	44.486757	0.0	2113193	1517	10418.1727051	4.3
1594543570.24	4300	46.859848	0.0	2147852	1487	10916.1111216	4.3
1594543571.87	4300	49.226315	0.0	2191074	1498	11137.1615729	4.3
1594543573.3	4300	51.798205	0.0	2286761	1292	11676.4414972	4.3
1594543574.67	4300	54.428448	0.0	2307787	1231	12408.249444	4.3
1594543576.27	4300	56.827951	0.0	2143948	1461	12568.5397531	4.3
1594543578.09	4300	59.002732	0.0	1919781	1688	11728.7160027	4.3
1594543581.6	4300	59.704489	0.0	2147467	1870	10980.5886494	4.3
1594543585.46	4300	59.704481	0.0	2133870	1718	10368.2539102	4.3
1594543589.51	4300	59.704486	0.0	2146120	2397	8945.50063385	4.3
1594543593.17	4300	59.954489	0.0	2108491	2014	8519.11795624	4.3
1594543597.58	4300	59.704495	0.0	2184571	2270	8238.85909862	4.3
1594543601.3	4300	59.954482	0.0	2121928	2088	8068.85150998	4.3
1594543605.61	4300	59.704459	0.0	2219102	2665	7488.60161737	4.3
1594543609.38	4300	59.954489	0.0	2124950	2140	7647.11250149	4.3
1594543613.27	4300	59.954489	0.0	2246506	2248	7595.60389345	4.3
1594543617.15	4300	59.954479	0.0	1961140	1762	7758.18043859	4.3
1594543621.48	4300	59.704488	0.0	2155012	2206	7702.66880307	4.3
1594543623.32	4300	59.454081	0.0	1433658	1735	7803.11753562	4.3

