1594289180.16	750	4	0.247	181801	141	4544.36089497	-1.0620999999999998
1594289182.69	4300	5.479103	0.0	2123065	2225	4136.4695501	0.75
1594289186.74	4300	5.412276	0.0	2177073	3905	5747.39345464	4.3
1594289192.79	2850	4.494321	1.139	1520281	5821	1903.40501226	-3.497699999999999
1594289195.1	300	6.195905	0.0	163442	1595	1698.02585629	-2.25
1594289195.54	300	9.749623	0.0	126289	307	1176.32044983	0.3
1594289195.86	300	13.427257	0.0	153295	187	1762.79441343	0.3
1594289196.18	300	17.108044	0.0	173849	155	2083.45111356	0.3
1594289196.58	300	20.703817	0.0	150710	274	2489.67857896	0.3
1594289197.26	750	24.029997	0.0	362795	444	2740.38143051	0.3
1594289200.38	4300	24.904575	0.0	2173522	2960	5495.57869231	0.75
1594289203.38	4300	25.908231	0.0	2102452	2857	5877.05062392	4.3
1594289206.12	4300	27.172317	0.0	2209463	2599	6071.40228927	4.3
1594289209.14	4300	28.14506	0.0	2275376	2889	6557.37783981	4.3
1594289212.01	4300	29.274279	0.0	2005399	2718	6115.09105052	4.3
1594289216.49	4300	28.797128	0.0	2152483	4342	4676.06432462	4.3
1594289222.75	4300	26.542137	0.0	2289689	6087	3243.67456716	4.3
1594289225.9	4300	27.386244	0.0	2059512	3018	3573.01811132	4.3
1594289230.35	4300	26.935818	0.0	2220726	4312	4614.58053658	4.3
1594289236.35	4300	24.933846	0.0	2156729	5864	3246.16891122	4.3
1594289241.88	4300	23.411454	0.0	2039773	5383	2975.54223399	4.3
1594289252.42	4300	16.864067	0.0	2176469	10407	1795.75075122	4.3
1594289256.05	2850	17.238609	0.0	1505760	3486	2137.75636654	1.4000000000000001
1594289260.83	2850	16.460355	0.0	1323990	4639	2684.61338511	2.85
1594289262.95	1850	18.339974	0.0	897976	1894	2375.00341511	0.8500000000000001
1594289265.13	1850	20.160939	0.0	905935	2047	3697.7588071	1.85
1594289267.1	1850	22.188527	0.0	1076599	1839	3713.35191994	1.85
1594289270.01	4300	23.278727	0.0	1972048	2766	4893.31643897	1.8499999999999996
1594289271.96	4300	25.329337	0.0	2134614	1812	6700.08375218	4.3
1594289273.47	4300	27.823283	0.0	2164140	1365	9558.2029413	4.3
1594289275.46	4300	29.836678	0.0	2113193	1836	11478.0953616	4.3
1594289278.98	4300	30.306025	0.0	2147852	3391	6958.66471014	4.3
1594289281.83	4300	31.456951	0.0	2191074	2712	5360.2081558	4.3
1594289283.75	4300	33.539082	0.0	2286761	1779	6998.13811822	4.3
1594289285.61	4300	35.683435	0.0	2307787	1713	10200.1164025	4.3
1594289286.89	4300	38.401174	0.0	2143948	1143	11100.4252942	4.3
1594289288.2	4300	41.089715	0.0	1919781	1167	13854.1621267	4.3
1594289290.27	4300	43.022179	0.0	2147467	1927	11638.0167295	4.3
1594289292.89	4300	44.401223	0.0	2133870	2477	8033.49763686	4.3
1594289295.09	4300	46.198321	0.0	2146120	2062	7138.93900373	4.3
1594289300.68	4300	44.603985	0.0	2108491	5451	4579.33255735	4.3
1594289310.14	4300	39.149025	0.0	2184571	9305	2019.88024619	4.3
1594289314.98	4300	38.307843	0.0	2121928	4704	2457.46087214	4.3
1594289317.25	4300	40.03899	0.0	2219102	2137	4402.79083426	4.3
1594289319.02	4300	42.26596	0.0	2124950	1635	8462.45223574	4.3
1594289321.14	4300	44.150338	0.0	2246506	1987	9899.07115382	4.3
1594289323.7	4300	45.58578	0.0	1961140	2440	7917.99027483	4.3
1594289328.04	4300	45.252933	0.0	2155012	4213	4975.34075078	4.3
1594289335.26	4300	39.70913	0.0	1433658	7094	1710.07406221	4.3

