1594477033.49	750	3.99952	0.33	181801	232	2929.34415239	-1.419
1594477036.86	4300	4.626402	0.0	2123065	3070	3375.11109366	0.75
1594477039.97	4300	5.515781	0.0	2177073	2958	5612.61057285	4.3
1594477042.78	4300	6.71404	0.0	2160877	2652	6017.23239945	4.3
1594477045.65	4300	7.839775	0.0	2233056	2735	6520.78560358	4.3
1594477047.92	4300	9.570744	0.0	1941625	2129	6660.46798936	4.3
1594477050.27	4300	11.224043	0.0	2157535	2206	7380.28963028	4.3
1594477064.63	4300	4.497909	3.635	2290172	14220	1533.00135225	-11.3305
1594477064.98	300	8.140955	0.0	150710	225	1413.4005359	-3.7
1594477065.77	750	11.358439	0.0	362795	559	1671.80001851	0.3
1594477066.06	300	15.068569	0.0	141840	153	2217.25459307	-0.15000000000000002
1594477066.4	300	18.727044	0.0	156148	207	2484.21939384	0.3
1594477066.96	300	22.166969	0.0	160746	419	2854.39076275	0.3
1594477074.17	4300	18.951213	0.0	2275376	7074	2670.17041072	0.2999999999999998
1594477076.66	4300	20.465874	0.0	2005399	2331	3361.30102344	4.3
1594477081.65	4300	19.46989	0.0	2152483	4861	4628.84948917	4.3
1594477084.13	4300	20.99276	0.0	2289689	2338	4329.57975716	4.3
1594477086.41	4300	22.712412	0.0	2059512	2145	7738.13668651	4.3
1594477088.68	4300	24.445183	0.0	2220726	2127	7795.24157221	4.3
1594477090.71	4300	26.418551	0.0	2156729	1892	8456.60226472	4.3
1594477092.59	4300	28.53194	0.0	2039773	1735	9133.95403854	4.3
1594477094.58	4300	30.545269	0.0	2176469	1834	9406.85732318	4.3
1594477096.55	4300	32.570186	0.0	2221506	1828	9524.20777366	4.3
1594477098.43	4300	34.697465	0.0	2044075	1728	9636.8970637	4.3
1594477100.69	4300	36.435303	0.0	2186790	2124	8987.52936562	4.3
1594477102.82	4300	38.308449	0.0	2105231	1976	8334.92172232	4.3
1594477105.12	4300	39.999178	0.0	2395588	2170	8573.03091078	4.3
1594477107.04	4300	42.082141	0.0	1972048	1780	8829.93262915	4.3
1594477108.78	4300	44.342191	0.0	2134614	1598	9096.78502096	4.3
1594477110.7	4300	46.42688	0.0	2164140	1781	10360.0006567	4.3
1594477112.38	4300	48.746794	0.0	2113193	1542	9922.68463543	4.3
1594477114.12	4300	51.008895	0.0	2147852	1596	10834.3022047	4.3
1594477115.77	4300	53.351264	0.0	2191074	1503	10882.1512299	4.3
1594477117.5	4300	55.622234	0.0	2286761	1588	11569.8179462	4.3
1594477119.03	4300	58.091286	0.0	2307787	1392	11723.1016433	4.3
1594477121.44	4300	59.884339	0.0	2143948	1249	13503.0511104	4.3
1594477125.26	4300	59.884316	0.0	1919781	1686	9110.57579576	4.3
1594477129.64	4300	59.634304	0.0	2147467	1740	9858.51061917	4.3
1594477133.52	4300	59.634347	0.0	2133870	2239	7624.93989277	4.3
1594477137.42	4300	59.884328	0.0	2146120	2248	7636.90102096	4.3
1594477141.57	4300	59.634345	0.0	2108491	2016	8348.40546936	4.3
1594477145.36	4300	59.884321	0.0	2184571	2145	8147.66313331	4.3
1594477149.4	4300	59.884335	0.0	2121928	2386	7114.74768004	4.3
1594477153.27	4300	59.884309	0.0	2219102	2229	7925.81831494	4.3
1594477157.62	4300	59.634314	0.0	2124950	2189	7765.92535558	4.3
1594477161.24	4300	59.884344	0.0	2246506	1987	8963.43519317	4.3
1594477165.44	4300	59.884317	0.0	1961140	2075	7561.08462473	4.3
1594477169.7	4300	59.634296	0.0	2155012	2642	6525.45527159	4.3
1594477171.24	4300	59.567266	0.0	1433658	1422	6704.53698274	4.3

