1594478418.12	750	4	0.29	181801	184	7904.39130435	-1.247
1594478421.27	4300	4.855093	0.0	2123065	2855	6039.50110171	0.75
1594478424.4	4300	5.723391	0.0	2177073	2995	5926.05651586	4.3
1594478427.0	4300	7.120684	0.0	2160877	2433	6222.81125051	4.3
1594478429.96	4300	8.155946	0.0	2233056	2821	6249.90617854	4.3
1594478432.28	4300	9.840465	0.0	1941625	2180	6359.68111274	4.3
1594478434.66	4300	11.462921	0.0	2157535	2218	6677.77302326	4.3
1594478448.55	4300	4.403634	2.833	2290172	13746	2001.18124209	-7.881899999999999
1594478452.01	4300	4.945017	0.0	2055469	3325	2020.46244453	4.3
1594478458.01	2850	4.486088	1.547	1429765	5759	1880.88792333	-5.252099999999999
1594478459.52	2850	6.976543	0.0	1354548	1375	1842.00992628	2.85
1594478461.57	2850	8.926105	0.0	1519951	1901	1818.3674878	2.85
1594478464.37	2850	10.125916	0.0	1422919	2664	3219.16293777	2.85
1594478468.19	4300	10.311054	0.0	2275376	3665	3246.39493427	2.8499999999999996
1594478470.43	4300	12.070185	0.0	2005399	2080	5557.14914063	4.3
1594478472.64	4300	13.856973	0.0	2152483	2075	5685.71770672	4.3
1594478474.88	4300	15.618946	0.0	2289689	2090	5932.43707244	4.3
1594478476.78	4300	17.719622	0.0	2059512	1760	6929.54125261	4.3
1594478478.81	4300	19.692871	0.0	2220726	1885	8628.62186839	4.3
1594478480.7	4300	21.800979	0.0	2156729	1755	9066.1285638	4.3
1594478482.59	4300	23.915608	0.0	2039773	1744	9314.31784041	4.3
1594478484.79	4300	25.708547	0.0	2176469	2037	9262.32613457	4.3
1594478487.01	4300	27.489105	0.0	2221506	2083	9074.28560502	4.3
1594478489.17	4300	29.32845	0.0	2044075	2017	8790.87145661	4.3
1594478491.2	4300	31.295567	0.0	2186790	1885	8713.94849474	4.3
1594478492.95	4300	33.543683	0.0	2105231	1612	8849.62716474	4.3
1594478495.06	4300	35.43431	0.0	2395588	1965	9091.07544837	4.3
1594478496.67	4300	37.828038	0.0	1972048	1469	9474.3592143	4.3
1594478498.39	4300	40.109355	0.0	2134614	1578	10112.0154339	4.3
1594478500.01	4300	42.488092	0.0	2164140	1483	10591.8884533	4.3
1594478501.62	4300	44.873478	0.0	2113193	1473	10775.5712693	4.3
1594478503.17	4300	47.331536	0.0	2147852	1405	11347.0279502	4.3
1594478504.53	4300	49.97145	0.0	2191074	1215	11917.5327601	4.3
1594478505.88	4300	52.618795	0.0	2286761	1214	12690.6983489	4.3
1594478507.9	4300	54.59389	0.0	2307787	1886	11974.9602043	4.3
1594478509.93	4300	56.569852	0.0	2143948	1865	11235.0555177	4.3
1594478511.67	4300	58.834162	0.0	1919781	1597	10707.7470957	4.3
1594478514.86	4300	59.783695	0.0	2147467	1546	10378.8697732	4.3
1594478518.73	4300	59.783693	0.0	2133870	2234	9192.39426166	4.3
1594478523.03	4300	59.533699	0.0	2146120	2161	8768.75574267	4.3
1594478527.13	4300	59.533658	0.0	2108491	1950	8665.12031132	4.3
1594478531.19	4300	59.533705	0.0	2184571	1925	8603.45251269	4.3
1594478534.84	4300	59.783692	0.0	2121928	2516	7845.95984285	4.3
1594478539.13	4300	59.533673	0.0	2219102	2140	7977.13156756	4.3
1594478542.88	4300	59.783697	0.0	2124950	2118	7993.43887983	4.3
1594478547.0	4300	59.533657	0.0	2246506	1975	8062.97962432	4.3
1594478551.14	4300	59.533691	0.0	1961140	2010	7857.27651284	4.3
1594478555.0	4300	59.533696	0.0	2155012	2715	7695.44216834	4.3
1594478556.41	4300	59.763547	0.0	1433658	1280	7715.19092378	4.3

