1594476770.6	750	4	0.172	181801	72	5243.28899909	-0.7396
1594476772.2	4300	6.403688	0.0	2123065	1341	8942.14503952	0.75
1594476773.66	4300	8.936656	0.0	2177073	1264	12562.5177429	4.3
1594476774.99	4300	11.611079	0.0	2160877	1190	13615.6286681	4.3
1594476776.59	4300	14.013933	0.0	2233056	1438	13927.0488671	4.3
1594476777.83	4300	16.769462	0.0	1941625	1108	12799.0517098	4.3
1594476779.18	4300	19.426827	0.0	2157535	1203	13755.7366662	4.3
1594476780.65	4300	21.953449	0.0	2290172	1326	14179.6111879	4.3
1594476781.91	4300	24.687858	0.0	2055469	1123	13967.4547287	4.3
1594476783.23	4300	27.374589	0.0	2169201	1159	14501.862192	4.3
1594476784.51	4300	30.089406	0.0	2173522	1146	14876.2109586	4.3
1594476785.77	4300	32.83043	0.0	2102452	1123	15073.0253256	4.3
1594476787.11	4300	35.492294	0.0	2209463	1190	14950.5481707	4.3
1594476788.51	4300	38.096101	0.0	2275376	1249	14785.0258885	4.3
1594476789.72	4300	40.879796	0.0	2005399	1068	14677.1193731	4.3
1594476791.37	4300	43.235721	0.0	2152483	1483	14027.6595846	4.3
1594476792.81	4300	45.79725	0.0	2289689	1301	12255.713214	4.3
1594476794.02	4300	48.579705	0.0	2059512	1079	13756.3270894	4.3
1594476795.36	4300	51.239813	0.0	2220726	1196	14824.1763401	4.3
1594476796.62	4300	53.988637	0.0	2156729	1103	14919.0705625	4.3
1594476797.82	4300	56.783428	0.0	2039773	1055	15417.5757991	4.3
1594476799.19	4300	59.412586	0.0	2176469	1223	15168.2077021	4.3
1594476802.99	4300	59.696165	0.0	2221506	1161	15254.9600305	4.3
1594476807.15	4300	59.696066	0.0	2044075	1016	16042.5250264	4.3
1594476810.92	4300	59.696168	0.0	2186790	1129	15496.0917191	4.3
1594476815.05	4300	59.696168	0.0	2105231	1492	11288.6407505	4.3
1594476818.86	4300	59.946161	0.0	2395588	2173	8820.26917748	4.3
1594476822.73	4300	59.946181	0.0	1972048	1734	9086.51889647	4.3
1594476826.66	4300	59.946164	0.0	2134614	2290	7457.51239632	4.3
1594476831.07	4300	59.696164	0.0	2164140	2765	6261.56971284	4.3
1594476834.67	4300	59.946179	0.0	2113193	2427	6895.94760639	4.3
1594476839.5	4300	59.10421	0.0	2147852	4685	4046.09422791	4.3
1594476842.83	4300	59.946174	0.0	2191074	1187	13487.6400705	4.3
1594476847.08	4300	59.696133	0.0	2286761	1613	11341.8661318	4.3
1594476850.99	4300	59.696165	0.0	2307787	1264	14417.6198376	4.3
1594476854.72	4300	59.946174	0.0	2143948	1090	15634.5931298	4.3
1594476858.73	4300	59.946177	0.0	1919781	1377	11154.5827685	4.3
1594476863.01	4300	59.696161	0.0	2147467	3635	4767.84201064	4.3
1594476867.14	4300	59.696158	0.0	2133870	1995	8455.32432453	4.3
1594476870.96	4300	59.696164	0.0	2146120	1688	10096.1368833	4.3
1594476874.69	4300	59.94618	0.0	2108491	1589	10590.429351	4.3
1594476878.94	4300	59.696154	0.0	2184571	1611	10842.0382168	4.3
1594476882.71	4300	59.946175	0.0	2121928	1125	14752.807979	4.3
1594476886.93	4300	59.696147	0.0	2219102	1062	16616.4839932	4.3
1594476891.11	4300	59.696161	0.0	2124950	1033	16456.6933604	4.3
1594476894.83	4300	59.946176	0.0	2246506	1091	16472.0079895	4.3
1594476898.87	4300	59.946178	0.0	1961140	907	17225.6146041	4.3
1594476903.02	4300	59.69617	0.0	2155012	1028	16770.8557728	4.3
1594476904.77	4300	59.62616	0.0	1433658	634	17378.317456	4.3

