1594477612.53	750	4	0.284	450283	188	19160.9787234	-1.2212
1594477614.01	4300	6.520591	0.0	2123065	1195	14730.059922	0.75
1594477615.32	4300	9.208923	0.0	2177073	1134	15006.7268117	4.3
1594477616.53	4300	12.00565	0.0	2160877	1062	15362.6879803	4.3
1594477618.03	4300	14.496591	0.0	2233056	1328	14794.0517433	4.3
1594477619.31	4300	17.217332	0.0	1941625	1143	14439.0026781	4.3
1594477620.55	4300	19.970109	0.0	2157535	1107	14695.705547	4.3
1594477621.85	4300	22.674799	0.0	2290172	1155	14787.6431902	4.3
1594477622.98	4300	25.547351	0.0	2055469	991	14815.0970411	4.3
1594477624.18	4300	28.347232	0.0	2169201	1042	15527.854203	4.3
1594477625.4	4300	31.124339	0.0	2173522	1069	16165.2942595	4.3
1594477626.56	4300	33.969729	0.0	2102452	992	16437.5052462	4.3
1594477627.76	4300	36.767964	0.0	2209463	1050	16653.0718274	4.3
1594477629.03	4300	39.499305	0.0	2275376	1123	16567.7679783	4.3
1594477630.12	4300	42.401892	0.0	2005399	948	16614.278754	4.3
1594477631.32	4300	45.202466	0.0	2152483	1035	16693.2300898	4.3
1594477632.91	4300	47.609592	0.0	2289689	1431	15447.6090317	4.3
1594477634.32	4300	50.209054	0.0	2059512	1254	14670.3189523	4.3
1594477635.56	4300	52.960546	0.0	2220726	1097	14661.8011079	4.3
1594477636.89	4300	55.629592	0.0	2156729	1185	14339.3970632	4.3
1594477638.01	4300	58.518541	0.0	2039773	962	14353.4691939	4.3
1594477640.7	4300	59.923016	0.0	2176469	1047	15223.6321939	4.3
1594477644.7	4300	59.923027	0.0	2221506	1341	15222.4451175	4.3
1594477648.8	4300	59.922998	0.0	2044075	962	15318.9886018	4.3
1594477653.04	4300	59.673024	0.0	2186790	1105	15599.9392224	4.3
1594477656.67	4300	59.923009	0.0	2105231	1480	14111.1466767	4.3
1594477660.64	4300	59.923015	0.0	2395588	2317	11297.4372232	4.3
1594477664.99	4300	59.67301	0.0	1972048	1717	10479.1496986	4.3
1594477669.04	4300	59.673012	0.0	2134614	2413	8962.05165299	4.3
1594477672.92	4300	59.673009	0.0	2164140	2719	7799.1280828	4.3
1594477677.06	4300	59.672998	0.0	2113193	2425	7323.00919381	4.3
1594477681.59	4300	58.932351	0.0	2147852	4386	5639.39882662	4.3
1594477684.82	4300	59.923026	0.0	2191074	1094	5659.26544599	4.3
1594477689.04	4300	59.67294	0.0	2286761	1578	5813.7747417	4.3
1594477692.82	4300	59.923025	0.0	2307787	1144	6098.07693603	4.3
1594477697.04	4300	59.672991	0.0	2143948	1080	6345.21733231	4.3
1594477700.64	4300	59.922997	0.0	1919781	1461	13181.4781843	4.3
1594477704.92	4300	59.672999	0.0	2147467	3642	7507.9854967	4.3
1594477709.06	4300	59.672956	0.0	2133870	2000	7262.47794355	4.3
1594477712.88	4300	59.673022	0.0	2146120	1685	7157.18113861	4.3
1594477717.09	4300	59.672973	0.0	2108491	1580	7107.47178667	4.3
1594477720.86	4300	59.673058	0.0	2184571	1626	7160.21271003	4.3
1594477725.04	4300	59.673013	0.0	2121928	1033	10401.344988	4.3
1594477728.71	4300	59.922958	0.0	2219102	1028	11842.5409218	4.3
1594477732.83	4300	59.923025	0.0	2124950	983	13061.4218998	4.3
1594477737.0	4300	59.673007	0.0	2246506	1030	14632.5642978	4.3
1594477741.03	4300	59.673059	0.0	1961140	893	17181.5555035	4.3
1594477744.66	4300	59.923021	0.0	2155012	1006	17337.5480404	4.3
1594477746.37	4300	59.853021	0.0	1433658	598	17577.2016058	4.3

