1594548251.57	750	3.99978	0.476	181801	288	4973.60590425	-2.0468
1594548252.82	4300	6.754696	0.0	2123065	990	7988.25735214	0.75
1594548253.96	4300	9.612908	0.0	2177073	1007	16346.8374796	4.3
1594548255.08	4300	12.4936	0.0	2160877	988	17042.3075857	4.3
1594548256.37	4300	15.204263	0.0	2233056	1155	17014.4576352	4.3
1594548257.78	4300	17.794238	0.0	1941625	1279	14644.4760392	4.3
1594548259.01	4300	20.557626	0.0	2157535	1103	12988.7539578	4.3
1594548260.01	4300	23.557689	0.0	2290172	870	15191.8533788	4.3
1594548260.94	4300	26.63165	0.0	2055469	788	18438.2338606	4.3
1594548261.87	4300	29.69882	0.0	2169201	797	19701.8257228	4.3
1594548262.72	4300	32.850127	0.0	2173522	708	20818.0078441	4.3
1594548263.73	4300	35.843335	0.0	2102452	876	22289.9893648	4.3
1594548264.78	4300	38.792682	0.0	2209463	914	19574.1690229	4.3
1594548265.75	4300	41.8216	0.0	2275376	843	19761.2461799	4.3
1594548266.66	4300	44.908175	0.0	2005399	782	20734.2345038	4.3
1594548267.64	4300	47.925873	0.0	2152483	852	20546.7394171	4.3
1594548268.78	4300	50.792084	0.0	2289689	1000	19851.0164845	4.3
1594548269.65	4300	53.917339	0.0	2059512	739	19103.452536	4.3
1594548270.58	4300	56.987055	0.0	2220726	794	20770.322936	4.3
1594548272.25	4300	59.32046	0.0	2156729	1523	19078.4698153	4.3
1594548276.03	4300	59.74972	0.0	2039773	1152	14101.6746533	4.3
1594548280.02	4300	59.749693	0.0	2176469	843	19977.5256031	4.3
1594548284.3	4300	59.499709	0.0	2221506	1147	15495.7701332	4.3
1594548288.31	4300	59.499684	0.0	2044075	879	18318.1951023	4.3
1594548292.08	4300	59.499709	0.0	2186790	1135	15416.9861686	4.3
1594548295.85	4300	59.749713	0.0	2105231	1626	10359.734434	4.3
1594548300.16	4300	59.499569	0.0	2395588	2158	8880.81296772	4.3
1594548304.09	4300	59.499696	0.0	1972048	1796	8784.19403712	4.3
1594548308.1	4300	59.499683	0.0	2134614	2374	7193.55307833	4.3
1594548311.94	4300	59.749714	0.0	2164140	2710	6389.0441717	4.3
1594548315.97	4300	59.74971	0.0	2113193	2394	7037.27438539	4.3
1594548320.48	4300	59.087161	0.0	2147852	4373	5069.72179412	4.3
1594548324.22	4300	59.499704	0.0	2191074	1099	14940.5889991	4.3
1594548327.9	4300	59.749716	0.0	2286761	1545	11843.1142472	4.3
1594548332.02	4300	59.749699	0.0	2307787	989	18192.1794646	4.3
1594548336.27	4300	59.499708	0.0	2143948	1109	15466.947364	4.3
1594548339.97	4300	59.749703	0.0	1919781	1574	9760.21651245	4.3
1594548343.7	4300	59.869178	0.0	2147467	3599	6943.38333953	4.3
1594548347.86	4300	59.749724	0.0	2133870	2018	8365.70668114	4.3
1594548352.17	4300	59.499711	0.0	2146120	1662	10285.941733	4.3
1594548355.89	4300	59.749702	0.0	2108491	1590	10593.1182519	4.3
1594548360.16	4300	59.499595	0.0	2184571	1631	10712.5122965	4.3
1594548364.14	4300	59.499707	0.0	2121928	846	19169.7893093	4.3
1594548367.91	4300	59.749732	0.0	2219102	618	26977.3929351	4.3
