1594286193.62	750	4	0.3	181801	187	7777.5828877	-1.29
1594286196.75	4300	4.851657	0.0	2123065	2876	5993.67827299	0.75
1594286199.89	4300	5.713611	0.0	2177073	3000	5899.08045165	4.3
1594286202.5	4300	7.111398	0.0	2160877	2456	6187.91382935	4.3
1594286205.45	4300	8.154922	0.0	2233056	2803	6232.80572994	4.3
1594286207.8	4300	9.810144	0.0	1941625	2198	6338.47648287	4.3
1594286210.19	4300	11.419048	0.0	2157535	2235	6659.27517017	4.3
1594286224.11	4300	4.492759	2.998	2290172	13787	1995.8337998	-8.5914
1594286227.64	4300	4.963165	0.0	2055469	3389	2015.26589579	4.3
1594286233.58	2850	4.490478	1.47	1429765	5699	1881.59202437	-4.920999999999999
1594286235.08	2850	6.994848	0.0	1354548	1352	1841.36054734	2.85
1594286237.13	2850	8.942684	0.0	1519951	1916	1817.58194828	2.85
1594286239.98	2850	10.094554	0.0	1422919	2709	3237.52941676	2.85
1594286243.75	4300	10.32542	0.0	2275376	3625	3271.77136501	2.8499999999999996
1594286245.97	4300	12.103885	0.0	2005399	2069	5547.07007144	4.3
1594286248.21	4300	13.86589	0.0	2152483	2090	5668.85587191	4.3
1594286250.43	4300	15.642358	0.0	2289689	2083	5921.06239645	4.3
1594286252.33	4300	17.740385	0.0	2059512	1764	6972.52416576	4.3
1594286254.36	4300	19.712592	0.0	2220726	1882	8631.33463094	4.3
1594286256.25	4300	21.821419	0.0	2156729	1744	9064.04338534	4.3
1594286258.14	4300	23.930861	0.0	2039773	1740	9335.13236993	4.3
1594286260.33	4300	25.746399	0.0	2176469	2041	9270.2736011	4.3
1594286262.54	4300	27.528901	0.0	2221506	2080	9088.31032071	4.3
1594286264.71	4300	29.365947	0.0	2044075	1997	8822.30993773	4.3
1594286266.75	4300	31.322314	0.0	2186790	1894	8729.38104296	4.3
1594286268.51	4300	33.564184	0.0	2105231	1608	8865.23529731	4.3
1594286270.56	4300	35.509152	0.0	2395588	1919	9149.88785585	4.3
1594286272.18	4300	37.892365	0.0	1972048	1473	9538.29509257	4.3
1594286273.89	4300	40.183594	0.0	2134614	1573	10162.5830231	4.3
1594286275.51	4300	42.560536	0.0	2164140	1482	10669.4140867	4.3
1594286277.12	4300	44.954609	0.0	2113193	1459	10869.568235	4.3
1594286278.67	4300	47.403087	0.0	2147852	1413	11360.2487905	4.3
1594286280.04	4300	50.029982	0.0	2191074	1206	11951.2955071	4.3
1594286281.44	4300	52.632678	0.0	2286761	1225	12706.6184552	4.3
1594286283.5	4300	54.573615	0.0	2307787	1917	11910.9861205	4.3
1594286285.51	4300	56.559238	0.0	2143948	1874	11145.9507858	4.3
1594286287.23	4300	58.841834	0.0	1919781	1576	10674.45558	4.3
1594286290.41	4300	59.711004	0.0	2147467	1536	10355.6682208	4.3
1594286294.31	4300	59.961036	0.0	2133870	2258	9147.04938672	4.3
1594286298.6	4300	59.711003	0.0	2146120	2147	8768.75286226	4.3
1594286302.17	4300	59.961024	0.0	2108491	1928	8692.43826444	4.3
1594286306.32	4300	59.960989	0.0	2184571	2012	8543.98103882	4.3
1594286310.39	4300	59.711065	0.0	2121928	2433	7879.42777294	4.3
1594286314.17	4300	59.961037	0.0	2219102	2143	8030.06006913	4.3
1594286318.46	4300	59.711025	0.0	2124950	2155	8007.74565139	4.3
1594286322.59	4300	59.711036	0.0	2246506	1972	8064.91414539	4.3
1594286326.24	4300	59.960982	0.0	1961140	2013	7907.0825614	4.3
1594286330.56	4300	59.711036	0.0	2155012	2700	7683.73586788	4.3
1594286331.95	4300	59.799306	0.0	1433658	1282	7703.2405711	4.3

