1594282814.41	750	4	0.325	181801	226	6435.43362832	-1.3975
1594282817.74	4300	4.666826	0.0	2123065	3056	5610.45102699	0.75
1594282822.42	4300	4.408014	0.428	2177073	4536	4426.09636149	2.4596
1594282830.77	4300	4.336575	4.276	2160877	8212	2828.47792426	-14.0868
1594282833.01	2850	6.093081	0.0	1472558	2016	3001.48425084	1.4000000000000001
1594282835.51	4300	7.60241	0.0	1941625	2347	3185.00063792	2.8499999999999996
1594282838.66	4300	8.450281	0.0	2157535	2986	3190.72003668	4.3
1594282841.63	4300	9.482816	0.0	2290172	2825	3311.11819744	4.3
1594282844.39	4300	10.713374	0.0	2055469	2629	6178.72585584	4.3
1594282847.67	4300	11.436065	0.0	2169201	3140	6067.6986157	4.3
1594282853.03	4300	10.073335	0.0	2173522	5225	4786.77957861	4.3
1594282857.85	4300	9.26146	0.0	2102452	4665	4310.6365614	4.3
1594282861.35	4300	9.762567	0.0	2209463	3360	4234.806688	4.3
1594282865.98	4300	9.124694	0.0	2275376	4495	4031.24886058	4.3
1594282873.27	4300	5.8413	0.0	2005399	7142	3193.89817216	4.3
1594282882.25	4300	4.36046	3.5	2152483	8835	2649.66293564	-10.75
1594282887.39	2850	4.361365	1.142	1491626	4997	2495.2376409	-3.5105999999999993
1594282891.24	2850	4.508417	0.0	1358801	3716	2395.11874742	2.85
1594282894.73	1850	5.022891	0.0	987708	3234	2252.14776517	0.8500000000000001
1594282896.77	1850	6.98066	0.0	923755	1904	2336.3643466	1.85
1594282899.84	2850	7.910523	0.0	1415116	2924	2827.7868081	1.85
1594282902.08	2850	9.67045	0.0	1468126	2095	3292.6074997	2.85
1594282904.92	4300	10.82868	0.0	2221506	2700	3834.16230003	2.8499999999999996
1594282906.57	4300	13.183248	0.0	2044075	1506	5132.45927413	4.3
1594282908.26	4300	15.487054	0.0	2186790	1555	5936.05919287	4.3
1594282910.39	4300	17.362391	0.0	2105231	1985	7600.66337754	4.3
1594282913.96	4300	17.791743	0.0	2395588	3429	7282.08277486	4.3
1594282916.59	4300	19.162432	0.0	1972048	2486	7229.58685429	4.3
1594282918.25	4300	21.498941	0.0	2134614	1523	7254.51970314	4.3
1594282919.94	4300	23.813256	0.0	2164140	1546	7249.36474861	4.3
1594282921.29	4300	26.454751	0.0	2113193	1216	7463.72733793	4.3
1594282923.08	4300	28.672856	0.0	2147852	1627	9257.66351699	4.3
1594282925.44	4300	30.30568	0.0	2191074	2214	10220.7549309	4.3
1594282927.96	4300	31.787036	0.0	2286761	2384	9265.97752821	4.3
1594282931.16	4300	32.590227	0.0	2307787	3060	7842.33676343	4.3
1594282938.28	4300	29.465951	0.0	2143948	6969	3980.72124572	4.3
1594282946.45	4300	25.302409	0.0	1919781	8017	2790.73411654	4.3
1594282949.75	4300	25.994822	0.0	2147467	3168	2803.09955359	4.3
1594282951.92	4300	27.828066	0.0	2133870	2029	2783.91731093	4.3
1594282953.58	4300	30.17417	0.0	2146120	1506	2719.98075419	4.3
1594282955.61	4300	32.143361	0.0	2108491	1895	3102.58437411	4.3
1594282958.91	4300	32.834863	0.0	2184571	3171	6741.71832827	4.3
1594282964.95	4300	30.796769	0.0	2121928	5883	4525.79857277	4.3
1594282971.24	4300	28.508848	0.0	2219102	6153	3654.54292343	4.3
1594282974.3	4300	29.447303	0.0	2124950	2914	3666.50519383	4.3
1594282977.44	4300	30.308502	0.0	2246506	3001	3675.07201985	4.3
1594282979.89	4300	31.855717	0.0	1961140	2316	3675.62074502	4.3
1594282982.74	4300	33.010381	0.0	2155012	2726	4380.30397298	4.3
1594282984.83	4300	32.597038	0.0	1433658	1973	6119.43319371	4.3

