1594278292.05	750	3.999558	0.306	181801	205	7094.67317073	-1.3157999999999999
1594278294.54	4300	5.496025	0.0	2123065	2222	7594.15032222	0.75
1594278296.49	4300	7.557029	0.0	2177073	1800	8360.07156051	4.3
1594278298.2	4300	9.841954	0.0	2160877	1560	8952.74597061	4.3
1594278299.76	4300	12.281299	0.0	2233056	1411	9498.04906225	4.3
1594278301.07	4300	14.967433	0.0	1941625	1178	9985.54630594	4.3
1594278302.43	4300	17.612164	0.0	2157535	1213	11686.659789	4.3
1594278303.9	4300	20.135948	0.0	2290172	1322	12799.7832449	4.3
1594278305.18	4300	22.864037	0.0	2055469	1120	13641.9907131	4.3
1594278306.53	4300	25.511926	0.0	2169201	1200	14055.1285079	4.3
1594278307.96	4300	28.077467	0.0	2173522	1284	14121.8856812	4.3
1594278309.28	4300	30.761328	0.0	2102452	1170	14148.5629471	4.3
1594278310.62	4300	33.416287	0.0	2209463	1205	14317.0447757	4.3
1594278312.34	4300	35.702069	0.0	2275376	1561	13510.2867241	4.3
1594278313.74	4300	38.298219	0.0	2005399	1220	13278.6746585	4.3
1594278315.06	4300	40.984659	0.0	2152483	1164	13479.6317007	4.3
1594278316.48	4300	43.559103	0.0	2289689	1266	13508.3071631	4.3
1594278317.8	4300	46.236892	0.0	2059512	1174	13400.5779148	4.3
1594278319.14	4300	48.900054	0.0	2220726	1181	14259.7116789	4.3
1594278320.59	4300	51.448535	0.0	2156729	1309	14249.8999814	4.3
1594278321.87	4300	54.171853	0.0	2039773	1130	14184.7259012	4.3
1594278323.22	4300	56.814783	0.0	2176469	1199	14191.7862822	4.3
1594278324.55	4300	59.493756	0.0	2221506	1176	14395.4535616	4.3
1594278328.3	4300	59.749433	0.0	2044075	1102	14352.0324081	4.3
1594278332.6	4300	59.499535	0.0	2186790	1147	14826.1398559	4.3
1594278336.26	4300	59.999472	0.0	2105231	1510	13777.1117978	4.3
1594278340.07	4300	59.999494	0.0	2395588	2156	11716.5374941	4.3
1594278344.45	4300	59.749492	0.0	1972048	1725	10670.2709021	4.3
1594278348.48	4300	59.749501	0.0	2134614	2374	9170.86238033	4.3
1594278352.4	4300	59.749462	0.0	2164140	2751	7884.85224938	4.3
1594278356.38	4300	59.749498	0.0	2113193	2294	7485.43580978	4.3
1594278360.91	4300	59.130649	0.0	2147852	4374	5678.68141442	4.3
1594278364.22	4300	59.999488	0.0	2191074	1166	5710.23995913	4.3
1594278368.48	4300	59.749502	0.0	2286761	1591	5860.13212669	4.3
1594278372.35	4300	59.749509	0.0	2307787	1195	6181.63589986	4.3
1594278376.14	4300	59.99944	0.0	2143948	1107	6381.60254789	4.3
1594278380.19	4300	59.999358	0.0	1919781	1395	13133.0110369	4.3
1594278384.45	4300	59.745538	0.0	2147467	3607	7594.87274609	4.3
1594278388.12	4300	59.999457	0.0	2133870	2009	7337.41299099	4.3
1594278392.44	4300	59.749529	0.0	2146120	1679	7224.42381393	4.3
1594278396.7	4300	59.49945	0.0	2108491	1617	7159.35092802	4.3
1594278400.4	4300	59.749461	0.0	2184571	1552	7212.71340951	4.3
1594278404.14	4300	59.999498	0.0	2121928	1078	10414.55024	4.3
1594278408.37	4300	59.749486	0.0	2219102	1090	11843.1541064	4.3
1594278412.06	4300	59.999458	0.0	2124950	1051	12952.312949	4.3
1594278416.3	4300	59.74934	0.0	2246506	1102	14474.2127729	4.3
1594278420.4	4300	59.749379	0.0	1961140	944	16213.4229238	4.3
1594278424.59	4300	59.499502	0.0	2155012	1065	16307.3159787	4.3
1594278425.83	4300	59.929426	0.0	1433658	639	16512.9921066	4.3

