1594282588.53	750	4	0.291	181801	193	7535.79274611	-1.2512999999999999
1594282591.03	4300	5.492998	0.0	2123065	2205	7689.02121727	0.75
1594282595.09	4300	5.431981	0.0	2177073	3897	5317.46043176	4.3
1594282603.9	4300	4.397834	3.771	2160877	8660	2708.21004545	-11.915299999999998
1594282607.11	4300	5.187988	0.0	2233056	3069	2979.50230387	4.3
1594282609.68	4300	6.612283	0.0	1941625	2436	3163.87477386	4.3
1594282612.83	4300	7.465254	0.0	2157535	3008	3171.42374296	4.3
1594282615.75	4300	8.541284	0.0	2290172	2785	3221.58656643	4.3
1594282618.4	4300	9.893446	0.0	2055469	2508	6165.2026354	4.3
1594282621.64	4300	10.657777	0.0	2169201	3079	6117.59047535	4.3
1594282626.71	4300	9.583255	0.0	2173522	4925	4984.22149369	4.3
1594282631.93	4300	8.369035	0.0	2102452	5078	4293.01752119	4.3
1594282635.38	4300	8.914917	0.0	2209463	3311	4221.72739261	4.3
1594282640.0	4300	8.291339	0.0	2275376	4473	4017.55862292	4.3
1594282647.26	4300	5.030016	0.0	2005399	7120	3190.23028361	4.3
1594282652.32	2850	4.41796	0.442	1471065	4824	2956.71513099	-0.5005999999999997
1594282659.28	2850	4.359965	2.909	1491626	6787	2474.15639591	-9.6587
1594282662.82	2850	4.824219	0.0	1358801	3400	2383.86935132	2.85
1594282666.28	1850	5.360107	0.0	987708	3237	2227.81642101	0.8500000000000001
1594282669.2	1850	6.444002	0.0	923755	2786	2267.23744164	1.85
1594282671.2	1850	8.439191	0.0	891604	1875	2320.71495284	1.85
1594282674.39	2850	9.251737	0.0	1468126	3052	3036.54173416	1.85
1594282676.77	2850	10.869262	0.0	1505760	2242	3233.64151613	2.85
1594282679.3	4300	12.339937	0.0	2044075	2382	3979.01795833	2.8499999999999996
1594282681.05	4300	14.59011	0.0	2186790	1613	5077.01575271	4.3
1594282682.74	4300	16.907077	0.0	2105231	1532	5863.74722609	4.3
1594282685.69	4300	17.957076	0.0	2395588	2801	7231.27193489	4.3
1594282688.36	4300	19.280358	0.0	1972048	2507	7509.63948459	4.3
1594282691.13	4300	20.515354	0.0	2134614	2597	7412.21928999	4.3
1594282692.83	4300	22.812957	0.0	2164140	1560	7417.25122884	4.3
1594282694.43	4300	25.212029	0.0	2113193	1459	7435.41898769	4.3
1594282695.71	4300	27.933034	0.0	2147852	1128	8158.88180309	4.3
1594282697.56	4300	30.087456	0.0	2191074	1683	9393.9629908	4.3
1594282700.05	4300	31.590265	0.0	2286761	2361	10152.0954399	4.3
1594282702.58	4300	33.064799	0.0	2307787	2387	9250.35904935	4.3
1594282705.9	4300	33.745179	0.0	2143948	3181	7463.90193484	4.3
1594282712.01	4300	31.637407	0.0	1919781	5953	4238.47184397	4.3
1594282720.98	4300	26.667172	0.0	2147467	8827	2822.37491023	4.3
1594282724.17	4300	27.471099	0.0	2133870	3055	2823.69582722	4.3
1594282726.36	4300	29.288212	0.0	2146120	2044	2804.39755469	4.3
1594282727.99	4300	31.657423	0.0	2108491	1492	2752.28906273	4.3
1594282730.14	4300	33.506598	0.0	2184571	2010	3063.70161059	4.3
1594282733.39	4300	34.257326	0.0	2121928	3110	6796.96396073	4.3
1594282739.72	4300	31.923199	0.0	2219102	6196	4448.3673822	4.3
1594282745.64	4300	30.005147	0.0	2124950	5773	3675.11252097	4.3
1594282748.81	4300	30.830538	0.0	2246506	3037	3701.58129549	4.3
1594282751.63	4300	32.011648	0.0	1961140	2678	3671.8565288	4.3
1594282754.29	4300	33.350417	0.0	2155012	2541	3698.91479254	4.3
1594282756.24	4300	33.080942	0.0	1433658	1840	4407.42919637	4.3

