1594285291.31	750	3.999479	0.336	181801	240	6060.03333333	-1.4447999999999999
1594285294.66	4300	4.644554	0.0	2123065	3070	5567.56422065	0.75
1594285297.78	4300	5.530602	0.0	2177073	2960	5712.59012572	4.3
1594285300.58	4300	6.731946	0.0	2160877	2654	5929.4392738	4.3
1594285303.46	4300	7.847818	0.0	2233056	2736	6060.10126668	4.3
1594285305.73	4300	9.578673	0.0	1941625	2127	6226.45687221	4.3
1594285308.07	4300	11.23472	0.0	2157535	2205	6665.98973688	4.3
1594285322.43	4300	4.497477	3.618	2290172	14212	1926.4691365	-11.2574
1594285324.72	2850	6.200048	0.0	1348011	2073	1881.06191882	1.4000000000000001
1594285331.13	2850	4.365621	0.576	1429765	6267	1742.3780429	0.3732000000000002
1594285332.64	2850	6.859955	0.0	1354548	1358	1705.92495737	2.85
1594285334.65	2850	8.847917	0.0	1519951	1872	1683.4562965	2.85
1594285337.4	2850	10.100528	0.0	1422919	2609	2900.44732445	2.85
1594285341.28	4300	10.21717	0.0	2275376	3730	3013.8624659	2.8499999999999996
1594285343.49	4300	12.007319	0.0	2005399	2071	5574.68185167	4.3
1594285345.72	4300	13.783586	0.0	2152483	2082	5698.85911834	4.3
1594285347.96	4300	15.543764	0.0	2289689	2101	5933.54266378	4.3
1594285349.83	4300	17.665343	0.0	2059512	1739	6863.90963932	4.3
1594285351.87	4300	19.634487	0.0	2220726	1887	8636.15055321	4.3
1594285353.78	4300	21.717394	0.0	2156729	1778	9045.13323922	4.3
1594285355.68	4300	23.822746	0.0	2039773	1740	9303.4795631	4.3
1594285357.87	4300	25.628626	0.0	2176469	2053	9245.08764928	4.3
1594285360.12	4300	27.383383	0.0	2221506	2096	9026.40077128	4.3
1594285362.26	4300	29.244521	0.0	2044075	2004	8763.04903079	4.3
1594285364.28	4300	31.21953	0.0	2186790	1885	8703.18672353	4.3
1594285366.04	4300	33.457313	0.0	2105231	1623	8827.95071686	4.3
1594285368.15	4300	35.35135	0.0	2395588	1956	9091.83766264	4.3
1594285369.76	4300	37.735293	0.0	1972048	1478	9484.73359208	4.3
1594285371.48	4300	40.024729	0.0	2134614	1572	10107.795658	4.3
1594285373.1	4300	42.401085	0.0	2164140	1482	10587.7812422	4.3
1594285374.72	4300	44.775845	0.0	2113193	1472	10788.2765023	4.3
1594285376.29	4300	47.213007	0.0	2147852	1400	11351.1115591	4.3
1594285377.64	4300	49.855719	0.0	2191074	1214	11942.0954589	4.3
1594285379.0	4300	52.504657	0.0	2286761	1209	12713.0317891	4.3
1594285381.04	4300	54.459867	0.0	2307787	1897	11964.0791912	4.3
1594285383.05	4300	56.455172	0.0	2143948	1865	11224.4662586	4.3
1594285384.78	4300	58.72008	0.0	1919781	1597	10693.2368753	4.3
1594285387.97	4300	59.691315	0.0	2147467	1549	10362.1087009	4.3
1594285391.87	4300	59.691303	0.0	2133870	2248	9160.90148746	4.3
1594285395.67	4300	59.941313	0.0	2146120	2157	8754.67048965	4.3
1594285399.79	4300	59.941283	0.0	2108491	1983	8621.27273653	4.3
1594285403.94	4300	59.691314	0.0	2184571	2015	8490.51174126	4.3
1594285408.02	4300	59.691316	0.0	2121928	2426	7851.80671703	4.3
1594285411.8	4300	59.941252	0.0	2219102	2140	7994.13350736	4.3
1594285415.58	4300	59.941281	0.0	2124950	2139	7991.73024824	4.3
1594285419.67	4300	59.941297	0.0	2246506	1957	8093.31149374	4.3
1594285423.81	4300	59.691336	0.0	1961140	2020	7930.26305816	4.3
1594285427.64	4300	59.941316	0.0	2155012	2701	7697.49034518	4.3
1594285429.64	4300	59.621324	0.0	1433658	1377	7660.00294011	4.3

