1594284614.51	750	4	0.286	181801	182	7991.25274725	-1.2298
1594284617.64	4300	4.871048	0.0	2123065	2849	6053.90049527	0.75
1594284620.77	4300	5.733796	0.0	2177073	2992	5935.94641243	4.3
1594284623.38	4300	7.126723	0.0	2160877	2463	6214.18188521	4.3
1594284626.35	4300	8.159953	0.0	2233056	2803	6252.95150879	4.3
1594284628.66	4300	9.846473	0.0	1941625	2176	6363.27886203	4.3
1594284631.04	4300	11.473276	0.0	2157535	2235	6671.55501026	4.3
1594284644.93	4300	4.49736	2.919	2290172	13748	2001.93318948	-8.2517
1594284648.39	4300	5.032614	0.0	2055469	3331	2020.20325926	4.3
1594284654.38	2850	4.415955	1.374	1429765	5752	1881.6406323	-4.5081999999999995
1594284655.88	2850	6.917571	0.0	1354548	1362	1842.42428541	2.85
1594284657.89	2850	8.908666	0.0	1519951	1871	1817.23999111	2.85
1594284660.58	2850	10.221741	0.0	1422919	2548	3233.60010571	2.85
1594284664.52	4300	10.280457	0.0	2275376	3799	3251.86443459	2.8499999999999996
1594284666.73	4300	12.068214	0.0	2005399	2070	5575.88591119	4.3
1594284668.97	4300	13.829049	0.0	2152483	2097	5698.08866324	4.3
1594284671.21	4300	15.587547	0.0	2289689	2097	5932.60393768	4.3
1594284673.09	4300	17.706539	0.0	2059512	1741	6786.45914202	4.3
1594284675.12	4300	19.676457	0.0	2220726	1893	8620.50417158	4.3
1594284677.04	4300	21.754659	0.0	2156729	1774	9028.62692824	4.3
1594284678.94	4300	23.861845	0.0	2039773	1740	9303.86481941	4.3
1594284681.13	4300	25.668117	0.0	2176469	2054	9239.79057201	4.3
1594284683.36	4300	27.436342	0.0	2221506	2090	9029.744788	4.3
1594284685.52	4300	29.280109	0.0	2044075	2002	8772.88156287	4.3
1594284687.55	4300	31.251619	0.0	2186790	1890	8705.96596815	4.3
1594284689.31	4300	33.487623	0.0	2105231	1624	8830.22891015	4.3
1594284691.38	4300	35.416499	0.0	2395588	1917	9126.72171779	4.3
1594284692.99	4300	37.811786	0.0	1972048	1469	9526.77564155	4.3
1594284694.69	4300	40.107144	0.0	2134614	1553	10177.5656	4.3
1594284696.3	4300	42.497025	0.0	2164140	1469	10694.94394	4.3
1594284697.93	4300	44.873738	0.0	2113193	1482	10892.8270772	4.3
1594284699.47	4300	47.325339	0.0	2147852	1409	11389.9427192	4.3
1594284700.84	4300	49.963796	0.0	2191074	1220	11963.2216021	4.3
1594284702.21	4300	52.58851	0.0	2286761	1228	12667.412185	4.3
1594284704.23	4300	54.571601	0.0	2307787	1873	11963.8733567	4.3
1594284706.24	4300	56.559758	0.0	2143948	1861	11248.8974553	4.3
1594284707.98	4300	58.816277	0.0	1919781	1606	10709.2600557	4.3
1594284711.16	4300	59.790626	0.0	2147467	1542	10387.9326806	4.3
1594284715.06	4300	59.790616	0.0	2133870	2256	9170.79990483	4.3
1594284719.38	4300	59.540637	0.0	2146120	2170	8730.6480026	4.3
1594284723.46	4300	59.540646	0.0	2108491	1937	8637.06972707	4.3
1594284727.02	4300	59.790638	0.0	2184571	1925	8583.05845778	4.3
1594284731.1	4300	59.790638	0.0	2121928	2445	7897.53372455	4.3
1594284735.34	4300	59.540652	0.0	2219102	2105	8074.85775597	4.3
1594284739.1	4300	59.790641	0.0	2124950	2123	8095.43474551	4.3
1594284743.21	4300	59.79055	0.0	2246506	1968	8162.72123699	4.3
1594284747.34	4300	59.540625	0.0	1961140	2013	7946.79489803	4.3
1594284751.19	4300	59.790612	0.0	2155012	2722	7707.2276076	4.3
1594284752.77	4300	59.707878	0.0	1433658	1473	7584.72215644	4.3

