1594278743.04	750	4	0.172	181801	76	19136.9473684	-0.7396
1594278744.58	4300	6.460599	0.0	2123065	1282	13480.5978961	0.75
1594278746.01	4300	9.026798	0.0	2177073	1285	13516.0705627	4.3
1594278747.32	4300	11.716543	0.0	2160877	1157	13920.3485021	4.3
1594278748.93	4300	14.105232	0.0	2233056	1447	13447.3973319	4.3
1594278750.18	4300	16.862272	0.0	1941625	1086	13539.0682207	4.3
1594278751.44	4300	19.596963	0.0	2157535	1124	13906.4446955	4.3
1594278752.77	4300	22.270675	0.0	2290172	1190	14259.310149	4.3
1594278753.98	4300	25.061734	0.0	2055469	1064	14330.8038455	4.3
1594278755.25	4300	27.788772	0.0	2169201	1118	15197.8193986	4.3
1594278756.54	4300	30.503329	0.0	2173522	1135	15408.5107597	4.3
1594278757.79	4300	33.254106	0.0	2102452	1103	15387.3766077	4.3
1594278759.09	4300	35.947894	0.0	2209463	1164	15342.9629033	4.3
1594278760.41	4300	38.626356	0.0	2275376	1170	15365.8933068	4.3
1594278761.56	4300	41.477804	0.0	2005399	1003	15444.0617428	4.3
1594278762.87	4300	44.168466	0.0	2152483	1147	15378.7051492	4.3
1594278764.61	4300	46.428256	0.0	2289689	1596	14138.848332	4.3
1594278765.82	4300	49.218375	0.0	2059512	1053	14189.4075561	4.3
1594278767.21	4300	51.834504	0.0	2220726	1244	13969.9416297	4.3
1594278768.49	4300	54.554983	0.0	2156729	1128	13904.0948597	4.3
1594278769.68	4300	57.356789	0.0	2039773	1039	13983.6211892	4.3
1594278771.44	4300	59.688656	0.0	2176469	1112	15263.2111337	4.3
1594278775.28	4300	59.938634	0.0	2221506	1181	15149.8482173	4.3
1594278779.41	4300	59.688552	0.0	2044075	986	15611.2965961	4.3
1594278783.18	4300	59.938634	0.0	2186790	1133	15642.1093741	4.3
1594278787.31	4300	59.938615	0.0	2105231	1478	14294.9489986	4.3
1594278791.16	4300	59.938658	0.0	2395588	2191	11781.8825997	4.3
1594278795.53	4300	59.68865	0.0	1972048	1730	10698.3011023	4.3
1594278799.57	4300	59.688637	0.0	2134614	2391	9123.26617019	4.3
1594278803.46	4300	59.688587	0.0	2164140	2737	7871.48528634	4.3
1594278807.5	4300	59.688652	0.0	2113193	2382	7406.96048266	4.3
1594278812.04	4300	58.995418	0.0	2147852	4403	5635.18952998	4.3
1594278815.36	4300	59.688647	0.0	2191074	1177	5665.77998357	4.3
1594278819.58	4300	59.68865	0.0	2286761	1578	5813.79072065	4.3
1594278823.38	4300	59.68864	0.0	2307787	1156	6107.12264619	4.3
1594278827.14	4300	59.938567	0.0	2143948	1117	6335.83461926	4.3
1594278831.14	4300	59.93866	0.0	1919781	1362	13283.2143243	4.3
1594278835.43	4300	59.688634	0.0	2147467	3645	7536.28508504	4.3
1594278839.15	4300	59.938639	0.0	2133870	2070	7246.53831567	4.3
1594278843.44	4300	59.688653	0.0	2146120	1652	7151.13152977	4.3
1594278847.13	4300	59.938632	0.0	2108491	1552	7105.54542404	4.3
1594278851.41	4300	59.688626	0.0	2184571	1628	7137.12078971	4.3
1594278855.16	4300	59.938652	0.0	2121928	1085	10322.3071086	4.3
1594278859.4	4300	59.68866	0.0	2219102	1091	11881.926197	4.3
1594278863.59	4300	59.688649	0.0	2124950	1029	12947.8019627	4.3
1594278867.33	4300	59.938627	0.0	2246506	1104	14198.1405364	4.3
1594278871.4	4300	59.68865	0.0	1961140	950	16230.2935632	4.3
1594278875.57	4300	59.688675	0.0	2155012	1046	16407.954173	4.3
1594278877.33	4300	59.618667	0.0	1433658	635	16642.9143944	4.3

