1594283716.82	750	3.999344	0.334	181801	230	6323.51304348	-1.4362000000000001
1594283720.16	4300	4.651872	0.0	2123065	3074	5574.20437946	0.75
1594283724.86	4300	4.497356	0.541	2177073	4555	4405.24400286	1.9737
1594283733.19	4300	4.289443	4.126	2160877	8198	2831.05488523	-13.441799999999997
1594283735.42	2850	6.060507	0.0	1472558	2005	3003.83379185	1.4000000000000001
1594283737.94	4300	7.546996	0.0	1941625	2375	3187.35043187	2.8499999999999996
1594283741.03	4300	8.448523	0.0	2157535	2950	3194.07334491	4.3
1594283744.02	4300	9.460189	0.0	2290172	2836	3317.62050974	4.3
1594283746.86	4300	10.619831	0.0	2055469	2701	6152.85841739	4.3
1594283750.23	4300	11.256105	0.0	2169201	3222	5997.78909985	4.3
1594283755.63	4300	9.850848	0.0	2173522	5271	4739.18341689	4.3
1594283760.29	4300	9.194468	0.0	2102452	4516	4321.83630569	4.3
1594283763.76	4300	9.719664	0.0	2209463	3336	4249.57763213	4.3
1594283768.4	4300	9.078499	0.0	2275376	4474	4052.09598052	4.3
1594283775.65	4300	5.82834	0.0	2005399	7019	3234.49051762	4.3
1594283781.64	2850	4.414189	0.57	1471065	5819	2830.63796348	-1.051
1594283787.91	2850	4.48412	2.342	1491626	6135	2472.70270472	-7.220600000000001
1594283791.25	2850	5.142419	0.0	1358801	3198	2391.25547007	2.85
1594283795.08	1850	5.308967	0.0	987708	3597	2206.07465342	0.8500000000000001
1594283797.64	1850	6.747635	0.0	923755	2420	2251.52083496	1.85
1594283799.59	1850	8.807006	0.0	891604	1807	2457.09542368	1.85
1594283801.81	1850	10.579776	0.0	955231	2088	2980.21144567	1.85
1594283804.19	2850	12.201311	0.0	1505760	2241	3136.18300739	1.85
1594283806.94	4300	13.454869	0.0	2044075	2594	4208.89955787	2.8499999999999996
1594283808.79	4300	15.601226	0.0	2186790	1700	5158.58326487	4.3
1594283810.43	4300	17.962915	0.0	2105231	1497	5962.91137727	4.3
1594283813.06	4300	19.332055	0.0	2395588	2491	7255.1152423	4.3
1594283815.94	4300	20.453612	0.0	1972048	2733	7309.38581556	4.3
1594283818.77	4300	21.625099	0.0	2134614	2687	7316.20419126	4.3
1594283820.44	4300	23.955883	0.0	2164140	1533	7348.78509026	4.3
1594283822.15	4300	26.24418	0.0	2113193	1552	7339.29913699	4.3
1594283823.49	4300	28.897937	0.0	2147852	1204	7712.75732867	4.3
1594283825.3	4300	31.087735	0.0	2191074	1665	9158.15678261	4.3
1594283827.78	4300	32.616596	0.0	2286761	2337	10119.8358728	4.3
1594283830.33	4300	34.063984	0.0	2307787	2411	9183.73673133	4.3
1594283833.13	4300	35.260663	0.0	2143948	2663	8098.44432064	4.3
1594283839.45	4300	32.940568	0.0	1919781	6185	4151.73927312	4.3
1594283847.95	4300	28.444153	0.0	2147467	8354	2895.79412959	4.3
1594283851.91	4300	28.486131	0.0	2133870	3818	2880.15380043	4.3
1594283854.11	4300	30.285148	0.0	2146120	2060	2860.81084863	4.3
1594283855.64	4300	32.748652	0.0	2108491	1392	2807.16393445	4.3
1594283857.77	4300	34.62321	0.0	2184571	1981	3199.27606361	4.3
1594283860.98	4300	35.413795	0.0	2121928	3074	6171.26527872	4.3
1594283867.19	4300	33.204449	0.0	2219102	6075	4525.61135191	4.3
1594283873.39	4300	31.004633	0.0	2124950	6062	3617.93776818	4.3
1594283876.58	4300	31.815509	0.0	2246506	3049	3654.25310616	4.3
1594283879.36	4300	33.034146	0.0	1961140	2658	3628.58279508	4.3
1594283882.03	4300	34.362372	0.0	2155012	2541	3651.4954639	4.3
1594283884.02	4300	34.056296	0.0	1433658	1874	4247.78823691	4.3

