1594542968.26	750	4	3.286	2354772	3177	5929.54863078	-14.1298
1594542971.35	4300	4.902823	0.0	2123065	2954	5841.49561202	0.75
1594542973.94	4300	6.314295	0.0	2177073	2450	6154.77191652	4.3
1594542976.81	4300	7.450074	0.0	2160877	2712	6206.09301314	4.3
1594542979.56	4300	8.694529	0.0	2233056	2613	6315.56365336	4.3
1594542981.73	4300	10.531075	0.0	1941625	2002	6616.59170742	4.3
1594542995.24	4300	4.448522	3.43	2157535	13327	1974.63821298	-10.449000000000002
1594542997.93	2850	5.756278	0.0	1638769	2426	1955.16116506	1.4000000000000001
1594543004.42	2850	4.379108	1.111	1348011	6352	1767.1230399	-1.9273000000000002
1594543006.15	2850	6.652796	0.0	1429765	1584	1717.5674051	2.85
1594543007.77	2850	9.0254	0.0	1354548	1493	1689.44898126	2.85
1594543009.99	2850	10.810875	0.0	1519951	2072	2803.0686764	2.85
1594543014.79	4300	10.012894	0.0	2209463	4642	2813.03484464	2.8499999999999996
1594543017.23	4300	11.564204	0.0	2275376	2311	5283.30802654	4.3
1594543019.41	4300	13.391147	0.0	2005399	2013	5392.3911449	4.3
1594543021.54	4300	15.258073	0.0	2152483	1996	5547.58423336	4.3
1594543023.63	4300	17.168363	0.0	2289689	1951	5858.30001106	4.3
1594543025.52	4300	19.27489	0.0	2059512	1749	8558.23423694	4.3
1594543027.51	4300	21.288785	0.0	2220726	1848	8934.83549088	4.3
1594543029.47	4300	23.323865	0.0	2156729	1821	9279.20068641	4.3
1594543031.4	4300	25.394772	0.0	2039773	1787	9404.47887236	4.3
1594543033.67	4300	27.126248	0.0	2176469	2132	9093.01253759	4.3
1594543035.95	4300	28.84632	0.0	2221506	2136	8856.96850832	4.3
1594543037.83	4300	30.971883	0.0	2044075	1702	8845.5043348	4.3
1594543039.79	4300	33.006764	0.0	2186790	1829	8860.8537436	4.3
1594543041.6	4300	35.200238	0.0	2105231	1653	9015.79397111	4.3
1594543043.51	4300	37.28472	0.0	2395588	1770	9560.37146744	4.3
1594543045.13	4300	39.665663	0.0	1972048	1479	10126.9366584	4.3
1594543046.79	4300	42.013589	0.0	2134614	1511	10442.4340516	4.3
1594543048.45	4300	44.349599	0.0	2164140	1514	10852.1050059	4.3
1594543050.05	4300	46.744786	0.0	2113193	1454	11147.1287262	4.3
1594543051.4	4300	49.402693	0.0	2147852	1205	11660.3355871	4.3
1594543052.72	4300	52.076772	0.0	2191074	1179	12366.8071615	4.3
1594543054.44	4300	54.353537	0.0	2286761	1581	12427.2015739	4.3
1594543056.64	4300	56.157027	0.0	2307787	2037	11466.5201003	4.3
1594543058.63	4300	58.169317	0.0	2143948	1853	10828.8335534	4.3
1594543061.06	4300	59.740948	0.0	1919781	1284	10603.8280731	4.3
1594543064.85	4300	59.990908	0.0	2147467	2148	9496.6787306	4.3
1594543068.82	4300	59.990931	0.0	2133870	2335	8620.47852083	4.3
1594543073.09	4300	59.740947	0.0	2146120	2126	8410.78930564	4.3
1594543076.97	4300	59.990937	0.0	2108491	2238	8069.35439548	4.3
1594543081.02	4300	59.990948	0.0	2184571	2404	7608.05257582	4.3
1594543084.91	4300	59.990937	0.0	2121928	2249	7526.74630506	4.3
1594543088.86	4300	59.990932	0.0	2219102	2305	7608.29150419	4.3
1594543092.98	4300	59.990917	0.0	2124950	1978	7679.69191847	4.3
1594543096.98	4300	59.990939	0.0	2246506	2356	7697.723779	4.3
1594543100.86	4300	59.99095	0.0	1961140	2259	7627.06481507	4.3
1594543105.19	4300	59.740928	0.0	2155012	2200	7684.07072439	4.3
1594543106.53	4300	59.950217	0.0	1433658	1225	7852.03560195	4.3

