1575953421.86	750	4	2.033	2354772	1914	5145.22615821	-8.7419
1575953423.53	4300	8	0.0	2123065	1534	9926.39435185	0.75
1575953425.2	4300	12	0.0	2177073	1528	10996.9533841	4.3
1575953426.73	4300	16.0	0.0	2160877	1390	11473.5256527	4.3
1575953428.18	4300	20	0.0	2233056	1317	12399.2046197	4.3
1575953429.42	4300	24	0.0	1941625	1117	13356.0423683	4.3
1575953430.78	4300	28	0.0	2157535	1224	13785.1146233	4.3
1575953432.18	4300	32	0.0	2290172	1274	14066.5434816	4.3
1575953433.39	4300	36	0.0	2055469	1079	14381.4865622	4.3
1575953434.63	4300	40	0.0	2169201	1098	15059.5941434	4.3
1575953435.86	4300	44	0.0	2173522	1106	15580.9658641	4.3
1575953437.07	4300	48	0.0	2102452	1073	15676.9603504	4.3
1575953438.29	4300	52	0.0	2209463	1083	15733.6446346	4.3
1575953440.13	4300	56	0.0	2275376	1702	14488.9257739	4.3
