1575953610.94	750	4	1.211	2354772	1104	9640.43332836	-5.2073
1575953612.02	4300	8	0.0	2123065	937	16098.4223035	0.75
1575953613.22	4300	12	0.0	2177073	1064	17381.7620316	4.3
1575953614.75	4300	16.0	0.0	2160877	1388	15313.6278013	4.3
1575953616.08	4300	20	0.0	2233056	1186	13113.380962	4.3
1575953617.03	4300	24	0.0	1941625	820	15003.3533827	4.3
1575953618.07	4300	28	0.0	2157535	898	17173.679933	4.3
1575953619.03	4300	32	0.0	2290172	819	18756.0307522	4.3
1575953619.88	4300	36	0.0	2055469	716	20480.9292257	4.3
1575953620.88	4300	40	0.0	2169201	859	21527.3876498	4.3
1575953621.92	4300	44	0.0	2173522	905	20252.1958436	4.3
1575953622.89	4300	48	0.0	2102452	839	19466.1123617	4.3
1575953623.87	4300	52	0.0	2209463	836	20060.7804883	4.3
1575953624.91	4300	56	0.0	2275376	899	20590.8382111	4.3
