1575953547.62	750	4	1.189	2354772	1083	6504.94929246	-5.1127
1575953548.7	4300	8	0.0	2123065	941	16318.3361309	0.75
1575953549.89	4300	12	0.0	2177073	1060	17406.8640179	4.3
1575953551.42	4300	16.0	0.0	2160877	1394	15343.5210991	4.3
1575953552.75	4300	20	0.0	2233056	1186	13524.7431377	4.3
1575953553.71	4300	24	0.0	1941625	825	14756.0840147	4.3
1575953554.74	4300	28	0.0	2157535	896	17018.19923	4.3
1575953555.7	4300	32	0.0	2290172	813	18523.7230127	4.3
1575953556.55	4300	36	0.0	2055469	711	20585.5972758	4.3
1575953557.52	4300	40	0.0	2169201	833	21609.4271726	4.3
1575953558.56	4300	44	0.0	2173522	908	20682.962267	4.3
1575953559.54	4300	48	0.0	2102452	841	19580.8543681	4.3
1575953560.52	4300	52	0.0	2209463	841	20102.9847194	4.3
1575953561.5	4300	56	0.0	2275376	848	20639.2137392	4.3
