1575953737.54	750	4	1.211	2354772	1106	9586.76619116	-5.2073
1575953738.62	4300	8	0.0	2123065	936	16066.5360711	0.75
1575953739.81	4300	12	0.0	2177073	1056	17396.1427887	4.3
1575953741.33	4300	16.0	0.0	2160877	1377	15442.5583679	4.3
1575953742.65	4300	20	0.0	2233056	1185	13183.5557528	4.3
1575953743.6	4300	24	0.0	1941625	822	14726.1681131	4.3
1575953744.63	4300	28	0.0	2157535	898	17029.4057767	4.3
1575953745.58	4300	32	0.0	2290172	813	18508.5588208	4.3
1575953746.43	4300	36	0.0	2055469	715	20409.104862	4.3
1575953747.41	4300	40	0.0	2169201	839	21540.2299993	4.3
1575953748.47	4300	44	0.0	2173522	913	20541.1129524	4.3
1575953749.45	4300	48	0.0	2102452	848	19334.7288812	4.3
1575953750.44	4300	52	0.0	2209463	841	20019.0497722	4.3
1575953751.47	4300	56	0.0	2275376	899	20514.1370568	4.3
