1575953674.25	750	4	1.198	2354772	1089	6645.87569551	-5.1514
1575953675.33	4300	8	0.0	2123065	933	16301.6797592	0.75
1575953676.53	4300	12	0.0	2177073	1062	17490.5168278	4.3
1575953678.04	4300	16.0	0.0	2160877	1379	15370.3172306	4.3
1575953679.37	4300	20	0.0	2233056	1183	13631.403674	4.3
1575953680.33	4300	24	0.0	1941625	824	14816.8677323	4.3
1575953681.36	4300	28	0.0	2157535	894	17057.7870839	4.3
1575953682.32	4300	32	0.0	2290172	813	18560.7210799	4.3
1575953683.17	4300	36	0.0	2055469	718	20580.8980309	4.3
1575953684.14	4300	40	0.0	2169201	840	21511.7768956	4.3
1575953685.2	4300	44	0.0	2173522	916	20503.6499266	4.3
1575953686.18	4300	48	0.0	2102452	847	19288.9241728	4.3
1575953687.15	4300	52	0.0	2209463	835	19942.6288002	4.3
1575953688.15	4300	56	0.0	2275376	863	20611.2582643	4.3
