1575953357.78	750	4	1.191	2354772	1084	6589.75225853	-5.1213
1575953358.87	4300	8	0.0	2123065	941	16329.1712726	0.75
1575953360.07	4300	12	0.0	2177073	1062	17407.0685633	4.3
1575953361.59	4300	16.0	0.0	2160877	1380	15365.1776167	4.3
1575953362.91	4300	20	0.0	2233056	1184	13619.648553	4.3
1575953363.87	4300	24	0.0	1941625	824	14805.7734623	4.3
1575953364.9	4300	28	0.0	2157535	898	17047.0914803	4.3
1575953365.86	4300	32	0.0	2290172	814	18514.5978275	4.3
1575953366.71	4300	36	0.0	2055469	715	20558.5490221	4.3
1575953367.69	4300	40	0.0	2169201	842	21531.5741972	4.3
1575953368.74	4300	44	0.0	2173522	917	20468.3423481	4.3
1575953369.72	4300	48	0.0	2102452	848	19266.0806364	4.3
1575953370.69	4300	52	0.0	2209463	836	19920.365816	4.3
1575953371.69	4300	56	0.0	2275376	861	20593.0494943	4.3
