1575953230.26	750	4	0.26	450283	170	5215.97978769	-1.118
1575953231.49	4300	8	0.0	2123065	1004	8864.20863567	0.75
1575953232.58	4300	12	0.0	2177073	960	16193.8888371	4.3
1575953233.84	4300	16.0	0.0	2160877	1114	17403.7650141	4.3
1575953235.44	4300	20	0.0	2233056	1465	14586.4221748	4.3
1575953236.57	4300	24	0.0	1941625	995	12941.8431269	4.3
1575953237.55	4300	28	0.0	2157535	840	15016.0531257	4.3
1575953238.62	4300	32	0.0	2290172	942	18174.2320152	4.3
1575953239.49	4300	36	0.0	2055469	740	18999.2844821	4.3
1575953240.33	4300	40	0.0	2169201	708	20656.0840506	4.3
1575953241.37	4300	44	0.0	2173522	902	22187.0956978	4.3
1575953242.38	4300	48	0.0	2102452	883	19628.3539793	4.3
1575953243.36	4300	52	0.0	2209463	827	19514.9557241	4.3
1575953244.38	4300	56	0.0	2275376	881	20624.9840704	4.3
