1575953800.81	750	4	1.191	2354772	1080	6598.23781994	-5.1213
1575953801.88	4300	8	0.0	2123065	941	16376.4958331	0.75
1575953803.08	4300	12	0.0	2177073	1061	17422.3671158	4.3
1575953804.6	4300	16.0	0.0	2160877	1377	15385.7384447	4.3
1575953805.92	4300	20	0.0	2233056	1185	13192.4343392	4.3
1575953806.88	4300	24	0.0	1941625	824	14806.6277525	4.3
1575953807.91	4300	28	0.0	2157535	898	17047.4884943	4.3
1575953808.87	4300	32	0.0	2290172	813	18516.3080044	4.3
1575953809.72	4300	36	0.0	2055469	719	20406.4254365	4.3
1575953810.68	4300	40	0.0	2169201	831	21502.6047539	4.3
1575953811.73	4300	44	0.0	2173522	911	20411.3103696	4.3
1575953812.71	4300	48	0.0	2102452	842	19408.0447538	4.3
1575953813.69	4300	52	0.0	2209463	840	20047.0938559	4.3
1575953814.67	4300	56	0.0	2275376	848	20625.7972734	4.3
