1575953484.33	750	4	1.185	2354772	1085	6632.05012923	-5.0955
1575953485.41	4300	8	0.0	2123065	941	16328.7157581	0.75
1575953486.59	4300	12	0.0	2177073	1059	17411.7881053	4.3
1575953488.12	4300	16.0	0.0	2160877	1393	15357.7381523	4.3
1575953489.44	4300	20	0.0	2233056	1184	13085.0922973	4.3
1575953490.4	4300	24	0.0	1941625	827	14771.7796332	4.3
1575953491.43	4300	28	0.0	2157535	898	17004.103145	4.3
1575953492.37	4300	32	0.0	2290172	798	18520.7878765	4.3
1575953493.21	4300	36	0.0	2055469	708	20574.4323751	4.3
1575953494.17	4300	40	0.0	2169201	820	21747.1096312	4.3
1575953495.22	4300	44	0.0	2173522	914	20947.0022976	4.3
1575953496.22	4300	48	0.0	2102452	861	19307.1091487	4.3
1575953497.18	4300	52	0.0	2209463	828	19824.8309104	4.3
1575953498.17	4300	56	0.0	2275376	850	20681.1384063	4.3
