1575953294.5	750	4	1.192	2354772	1088	6309.06807822	-5.1255999999999995
1575953295.58	4300	8	0.0	2123065	942	16208.1073295	0.75
1575953296.76	4300	12	0.0	2177073	1058	17366.08588	4.3
1575953298.28	4300	16.0	0.0	2160877	1385	15393.6553042	4.3
1575953299.6	4300	20	0.0	2233056	1185	13137.4249591	4.3
1575953300.56	4300	24	0.0	1941625	829	14781.8364401	4.3
1575953301.57	4300	28	0.0	2157535	880	17015.6641655	4.3
1575953302.51	4300	32	0.0	2290172	805	18606.2267735	4.3
1575953303.35	4300	36	0.0	2055469	703	20711.0488063	4.3
1575953304.31	4300	40	0.0	2169201	809	21815.5239492	4.3
1575953305.35	4300	44	0.0	2173522	910	21153.8530714	4.3
1575953306.35	4300	48	0.0	2102452	853	19422.2583109	4.3
1575953307.31	4300	52	0.0	2209463	815	20014.6824305	4.3
1575953308.28	4300	56	0.0	2275376	837	20940.4931698	4.3
