1575640532.5	750	4	2.379	2354772	2270	8298.75594714	-10.2297
1575640535.9	4300	8	0.0	2123065	3245	6172.2677947	0.75
1575640542.57	4300	12	0.0	2177073	6520	3609.43934117	4.3
1575640548.19	4300	16.0	0.0	2160877	5455	3459.48622216	4.3
1575640550.54	2850	20	0.0	1472558	2135	3605.81679788	1.4000000000000001
1575640552.03	2850	24	0.0	1224260	1354	3492.93141024	2.85
1575640554.18	2850	28	0.0	1388403	2022	3425.69842247	2.85
1575640556.25	2850	32	0.0	1638769	1946	4373.37012169	2.85
1575640558.96	4300	36	0.0	2055469	2578	6136.73711811	2.8499999999999996
1575640562.04	4300	40	0.0	2169201	2941	6206.45979184	4.3
1575640566.19	4300	44	0.0	2173522	4003	5437.1294579	4.3
1575640572.23	4300	48	0.0	2102452	5906	4149.69365173	4.3
1575640575.78	4300	52	0.0	2209463	3420	4133.6204579	4.3
1575640580.21	4300	56	0.0	2275376	4287	3979.94549608	4.3
