1575641049.46	750	4	2.462	2354772	2354	8002.62361937	-10.5866
1575641052.97	4300	8	0.0	2123065	3370	5945.06517738	0.75
1575641061.32	4300	12	0.0	2177073	8208	2883.8509446	4.3
1575641063.41	1850	16.0	0.0	933276	1813	2986.93694936	-0.6000000000000001
1575641065.01	1850	20	0.0	996749	1457	3106.45150995	1.85
1575641066.35	1850	24	0.0	801058	1210	2934.67367311	1.85
1575641067.66	1850	28	0.0	905515	1171	2775.99379605	1.85
1575641070.02	2850	32	0.0	1638769	2131	5291.69432583	1.85
1575641072.64	4300	36	0.0	2055469	2488	6011.49879966	2.8499999999999996
1575641075.44	4300	40	0.0	2169201	2666	6235.50737218	4.3
1575641078.53	4300	44	0.0	2173522	2953	6257.70188605	4.3
1575641082.24	4300	48	0.0	2102452	3569	5774.04276241	4.3
1575641088.66	4300	52	0.0	2209463	6262	4207.55595966	4.3
1575641092.33	4300	56	0.0	2275376	3523	4152.84201022	4.3
