1575640429.15	750	4	2.371	2354772	2270	8298.75594714	-10.1953
1575640432.55	4300	8	0.0	2123065	3245	6172.2677947	0.75
1575640439.12	4300	12	0.0	2177073	6436	3652.70012774	4.3
1575640444.83	4300	16.0	0.0	2160877	5571	3457.94973961	4.3
1575640448.02	4300	20	0.0	2233056	3045	3681.76099753	4.3
1575640450.73	4300	24	0.0	1941625	2578	3636.43064377	4.3
1575640453.36	4300	28	0.0	2157535	2478	3671.82254076	4.3
1575640456.39	4300	32	0.0	2290172	2887	4660.6911373	4.3
1575640459.41	4300	36	0.0	2055469	2877	6132.43654337	4.3
1575640463.84	4300	40	0.0	2169201	4302	5384.59282668	4.3
1575640469.84	4300	44	0.0	2173522	5871	4220.89579789	4.3
1575640473.03	4300	48	0.0	2102452	3060	4162.57008137	4.3
1575640477.46	4300	52	0.0	2209463	4293	3960.58465064	4.3
1575640484.48	4300	56	0.0	2275376	6885	3365.96923708	4.3
