1575640325.96	750	4	2.392	2354772	2287	8237.06864889	-10.2856
1575640329.33	4300	8	0.0	2123065	3245	6162.92929826	0.75
1575640335.95	4300	12	0.0	2177073	6467	3637.26778116	4.3
1575640341.63	4300	16.0	0.0	2160877	5521	3460.97241138	4.3
1575640344.82	4300	20	0.0	2233056	3051	3684.4266495	4.3
1575640347.53	4300	24	0.0	1941625	2590	3638.20576033	4.3
1575640350.18	4300	28	0.0	2157535	2510	3673.34338325	4.3
1575640353.2	4300	32	0.0	2290172	2879	4683.89909918	4.3
1575640356.23	4300	36	0.0	2055469	2903	6103.36977997	4.3
1575640360.65	4300	40	0.0	2169201	4275	5384.56088877	4.3
1575640366.61	4300	44	0.0	2173522	5832	4240.28663977	4.3
1575640369.8	4300	48	0.0	2102452	3056	4182.72822508	4.3
1575640374.23	4300	52	0.0	2209463	4286	3977.94787775	4.3
1575640381.23	4300	56	0.0	2275376	6870	3379.27484165	4.3
