1575640945.89	750	4	2.402	2354772	2283	8251.50065703	-10.3286
1575640949.28	4300	8	0.0	2123065	3256	6148.53441251	0.75
1575640955.92	4300	12	0.0	2177073	6509	3614.28834433	4.3
1575640961.53	4300	16.0	0.0	2160877	5470	3459.13822627	4.3
1575640963.91	2850	20	0.0	1472558	2129	3605.5983409	1.4000000000000001
1575640965.41	2850	24	0.0	1224260	1351	3492.44704506	2.85
1575640967.54	2850	28	0.0	1388403	2001	3426.88578635	2.85
1575640969.62	2850	32	0.0	1638769	1936	4370.95437581	2.85
1575640972.33	4300	36	0.0	2055469	2570	6168.00625838	2.8499999999999996
1575640975.4	4300	40	0.0	2169201	2936	6235.21611094	4.3
1575640979.56	4300	44	0.0	2173522	4025	5438.36232446	4.3
1575640985.6	4300	48	0.0	2102452	5908	4145.57274426	4.3
1575640989.16	4300	52	0.0	2209463	3421	4129.23274442	4.3
1575640993.59	4300	56	0.0	2275376	4289	3975.58575874	4.3
