1575641152.48	750	4	2.391	2354772	2287	8237.06864889	-10.2813
1575641155.88	4300	8	0.0	2123065	3247	6159.91132244	0.75
1575641162.52	4300	12	0.0	2177073	6502	3619.05348595	4.3
1575641168.15	4300	16.0	0.0	2160877	5464	3463.44864764	4.3
1575641170.51	2850	20	0.0	1472558	2129	3609.91350611	1.4000000000000001
1575641172.01	2850	24	0.0	1224260	1364	3496.55292649	2.85
1575641174.18	2850	28	0.0	1388403	2033	3428.99285236	2.85
1575641176.25	2850	32	0.0	1638769	1936	4367.25032305	2.85
1575641178.97	4300	36	0.0	2055469	2576	6134.70256367	2.8499999999999996
1575641182.05	4300	40	0.0	2169201	2944	6198.353335	4.3
1575641186.21	4300	44	0.0	2173522	4029	5419.02667818	4.3
1575641192.25	4300	48	0.0	2102452	5906	4144.41018214	4.3
1575641195.8	4300	52	0.0	2209463	3395	4131.55681247	4.3
1575641200.22	4300	56	0.0	2275376	4285	3978.44820924	4.3
