1575640220.75	750	4	0.553	450283	459	7848.06971678	-2.3779
1575640223.13	4300	8	0.0	2123065	2157	7869.55322754	0.75
1575640227.04	4300	12	0.0	2177073	3748	5587.45800423	4.3
1575640235.85	4300	16.0	0.0	2160877	8667	2740.75392495	4.3
1575640238.12	2850	20	0.0	1472558	2036	2924.36627488	1.4000000000000001
1575640239.95	2850	24	0.0	1224260	1706	3014.74285721	2.85
1575640241.83	2850	28	0.0	1388403	1741	2946.76879978	2.85
1575640244.26	2850	32	0.0	1638769	2300	2900.86804967	2.85
1575640245.99	2850	36	0.0	1348011	1591	6008.34978204	2.85
1575640248.79	4300	40	0.0	2169201	2663	6185.16159842	2.8499999999999996
1575640251.88	4300	44	0.0	2173522	2946	6180.11229909	4.3
1575640255.55	4300	48	0.0	2102452	3537	5693.5039382	4.3
1575640262.0	4300	52	0.0	2209463	6277	4134.23944582	4.3
1575640265.72	4300	56	0.0	2275376	3524	4152.41123704	4.3
