1575640635.83	750	4	2.388	2354772	2285	8244.27833698	-10.2684
1575640639.21	4300	8	0.0	2123065	3246	6162.52393008	0.75
1575640645.86	4300	12	0.0	2177073	6504	3618.07195546	4.3
1575640651.51	4300	16.0	0.0	2160877	5475	3460.23238656	4.3
1575640653.89	2850	20	0.0	1472558	2137	3606.27098497	1.4000000000000001
1575640655.38	2850	24	0.0	1224260	1356	3493.08469412	2.85
1575640657.53	2850	28	0.0	1388403	2019	3426.09546616	2.85
1575640659.61	2850	32	0.0	1638769	1933	4362.80090448	2.85
1575640662.32	4300	36	0.0	2055469	2577	6143.71291682	2.8499999999999996
1575640665.39	4300	40	0.0	2169201	2936	6217.76055161	4.3
1575640669.55	4300	44	0.0	2173522	4031	5426.4416326	4.3
1575640675.6	4300	48	0.0	2102452	5900	4147.5647676	4.3
1575640679.15	4300	52	0.0	2209463	3411	4132.21886238	4.3
1575640683.58	4300	56	0.0	2275376	4293	3977.74097164	4.3
