1575640842.49	750	4	2.393	2354772	2286	8240.67191601	-10.2899
1575640845.88	4300	8	0.0	2123065	3249	6157.44547071	0.75
1575640852.5	4300	12	0.0	2177073	6479	3630.58215944	4.3
1575640858.16	4300	16.0	0.0	2160877	5517	3457.91813614	4.3
1575640860.52	2850	20	0.0	1472558	2129	3604.31538977	1.4000000000000001
1575640862.02	2850	24	0.0	1224260	1366	3491.26181759	2.85
1575640864.19	2850	28	0.0	1388403	2034	3423.75164703	2.85
1575640866.26	2850	32	0.0	1638769	1935	4335.59616194	2.85
1575640868.97	4300	36	0.0	2055469	2577	6133.00619593	2.8499999999999996
1575640872.05	4300	40	0.0	2169201	2942	6197.99213935	4.3
1575640876.22	4300	44	0.0	2173522	4030	5418.65875559	4.3
1575640882.27	4300	48	0.0	2102452	5907	4143.91093423	4.3
1575640885.8	4300	52	0.0	2209463	3404	4129.8900636	4.3
1575640890.23	4300	56	0.0	2275376	4290	3976.30612475	4.3
