1575640739.13	750	4	2.39	2354772	2283	8251.50065703	-10.277
1575640742.5	4300	8	0.0	2123065	3244	6166.65014342	0.75
1575640749.09	4300	12	0.0	2177073	6457	3642.40724776	4.3
1575640754.79	4300	16.0	0.0	2160877	5555	3455.84319487	4.3
1575640757.97	4300	20	0.0	2233056	3045	3679.52951475	4.3
1575640760.69	4300	24	0.0	1941625	2587	3633.72076839	4.3
1575640763.33	4300	28	0.0	2157535	2501	3668.61378462	4.3
1575640766.36	4300	32	0.0	2290172	2893	4665.27790419	4.3
1575640769.4	4300	36	0.0	2055469	2901	6105.97191357	4.3
1575640773.82	4300	40	0.0	2169201	4279	5382.03631646	4.3
1575640779.79	4300	44	0.0	2173522	5832	4238.90713316	4.3
1575640782.99	4300	48	0.0	2102452	3061	4180.44721042	4.3
1575640787.41	4300	52	0.0	2209463	4293	3975.64757002	4.3
1575640794.44	4300	56	0.0	2275376	6893	3373.17407394	4.3
