1575692488.42	750	4	1.187	2354772	1086	17346.3867403	-5.1041
1575692489.5	4300	8	0.0	2123065	943	17678.7713129	0.75
1575692490.68	4300	12	0.0	2177073	1057	17278.3054417	4.3
1575692492.21	4300	16.0	0.0	2160877	1392	16063.4374146	4.3
1575692493.54	4300	20	0.0	2233056	1182	15505.2772777	4.3
1575692494.5	4300	24	0.0	1941625	826	15703.7594928	4.3
1575692495.54	4300	28	0.0	2157535	905	16352.4492172	4.3
1575692496.49	4300	32	0.0	2290172	812	18888.5586178	4.3
1575692497.35	4300	36	0.0	2055469	713	20875.8135142	4.3
1575692498.32	4300	40	0.0	2169201	841	21333.1653955	4.3
1575692499.37	4300	44	0.0	2173522	918	21300.4742943	4.3
1575692500.35	4300	48	0.0	2102452	849	20612.429234	4.3
1575692501.31	4300	52	0.0	2209463	834	20145.2102115	4.3
1575692502.31	4300	56	0.0	2275376	858	20290.4939036	4.3
