1575692177.82	750	4	0.533	450283	409	8807.49144254	-2.2919
1575692179.67	4300	8	0.0	2123065	1630	9613.72118139	0.75
1575692181.37	4300	12	0.0	2177073	1572	10102.2314237	4.3
1575692183.0	4300	16.0	0.0	2160877	1495	10467.478919	4.3
1575692184.54	4300	20	0.0	2233056	1410	11433.0613775	4.3
1575692185.86	4300	24	0.0	1941625	1173	12138.6022067	4.3
1575692187.27	4300	28	0.0	2157535	1277	12747.857358	4.3
1575692188.7	4300	32	0.0	2290172	1303	13372.2814773	4.3
1575692190.0	4300	36	0.0	2055469	1165	13733.5283041	4.3
1575692191.26	4300	40	0.0	2169201	1130	14262.2935501	4.3
1575692192.52	4300	44	0.0	2173522	1124	14750.70229	4.3
1575692193.76	4300	48	0.0	2102452	1108	15030.5125308	4.3
1575692194.99	4300	52	0.0	2209463	1092	15548.445916	4.3
1575692196.53	4300	56	0.0	2275376	1408	14941.2202925	4.3
