1575691661.9	750	4	1.214	2354772	1104	17063.5652174	-5.2202
1575691662.97	4300	8	0.0	2123065	931	17653.436744	0.75
1575691664.16	4300	12	0.0	2177073	1061	17240.7090075	4.3
1575691665.68	4300	16.0	0.0	2160877	1378	16066.7828442	4.3
1575691667.0	4300	20	0.0	2233056	1186	15566.5846258	4.3
1575691667.96	4300	24	0.0	1941625	825	15712.7272551	4.3
1575691668.99	4300	28	0.0	2157535	896	16424.8402108	4.3
1575691669.94	4300	32	0.0	2290172	812	18929.4068562	4.3
1575691670.79	4300	36	0.0	2055469	715	20913.2774066	4.3
1575691671.76	4300	40	0.0	2169201	831	21427.0080707	4.3
1575691672.82	4300	44	0.0	2173522	918	21346.4237793	4.3
1575691673.81	4300	48	0.0	2102452	851	20646.7388303	4.3
1575691674.77	4300	52	0.0	2209463	834	20195.647616	4.3
1575691675.77	4300	56	0.0	2275376	857	20285.0429376	4.3
