1575691557.61	750	4	0.269	450283	175	20584.3657143	-1.1567
1575691558.84	4300	8	0.0	2123065	1005	18742.1928074	0.75
1575691559.93	4300	12	0.0	2177073	958	18554.8453093	4.3
1575691561.19	4300	16.0	0.0	2160877	1126	17754.2814065	4.3
1575691562.79	4300	20	0.0	2233056	1466	15654.6510966	4.3
1575691563.91	4300	24	0.0	1941625	992	15344.2126537	4.3
1575691564.89	4300	28	0.0	2157535	840	15936.1631707	4.3
1575691565.96	4300	32	0.0	2290172	941	16965.5439077	4.3
1575691566.83	4300	36	0.0	2055469	747	19422.3465106	4.3
1575691567.69	4300	40	0.0	2169201	723	21508.3359949	4.3
1575691568.74	4300	44	0.0	2173522	907	21164.1196748	4.3
1575691569.77	4300	48	0.0	2102452	884	21053.2702463	4.3
1575691570.72	4300	52	0.0	2209463	807	21025.7512583	4.3
1575691571.74	4300	56	0.0	2275376	885	20167.2878971	4.3
