1575691971.74	750	4	1.188	2354772	1085	17362.3741935	-5.1084
1575691972.82	4300	8	0.0	2123065	941	17705.9054815	0.75
1575691974.01	4300	12	0.0	2177073	1059	17286.0219735	4.3
1575691975.54	4300	16.0	0.0	2160877	1390	16073.6920197	4.3
1575691976.85	4300	20	0.0	2233056	1185	15501.9693574	4.3
1575691977.81	4300	24	0.0	1941625	828	15679.525624	4.3
1575691978.84	4300	28	0.0	2157535	896	16383.8882239	4.3
1575691979.78	4300	32	0.0	2290172	797	19021.6938637	4.3
1575691980.63	4300	36	0.0	2055469	713	21018.5144222	4.3
1575691981.58	4300	40	0.0	2169201	819	21625.7931025	4.3
1575691982.64	4300	44	0.0	2173522	913	21571.1416811	4.3
1575691983.63	4300	48	0.0	2102452	861	20707.9049848	4.3
1575691984.59	4300	52	0.0	2209463	826	20292.0028865	4.3
1575691985.58	4300	56	0.0	2275376	850	20348.6346296	4.3
