1575691868.5	750	4	1.19	2354772	1085	17362.3741935	-5.117
1575691869.58	4300	8	0.0	2123065	942	17696.325101	0.75
1575691870.76	4300	12	0.0	2177073	1057	17290.0079671	4.3
1575691872.29	4300	16.0	0.0	2160877	1389	16078.9199422	4.3
1575691873.61	4300	20	0.0	2233056	1183	15513.5689973	4.3
1575691874.57	4300	24	0.0	1941625	828	15695.9154542	4.3
1575691875.58	4300	28	0.0	2157535	881	16474.4948444	4.3
1575691876.52	4300	32	0.0	2290172	803	19067.120728	4.3
1575691877.38	4300	36	0.0	2055469	716	21033.411644	4.3
1575691878.32	4300	40	0.0	2169201	814	21673.2283718	4.3
1575691879.36	4300	44	0.0	2173522	902	21594.644803	4.3
1575691880.35	4300	48	0.0	2102452	857	20797.1440423	4.3
1575691881.31	4300	52	0.0	2209463	820	20444.544669	4.3
1575691882.28	4300	56	0.0	2275376	836	20558.2957359	4.3
