1575692385.11	750	4	1.179	2354772	1073	17556.5479963	-5.0697
1575692386.19	4300	8	0.0	2123065	940	17812.5931471	0.75
1575692387.4	4300	12	0.0	2177073	1061	17346.8132762	4.3
1575692388.91	4300	16.0	0.0	2160877	1377	16148.6386427	4.3
1575692390.23	4300	20	0.0	2233056	1181	15541.1375454	4.3
1575692391.18	4300	24	0.0	1941625	828	15713.8934299	4.3
1575692392.2	4300	28	0.0	2157535	878	16524.7383606	4.3
1575692393.13	4300	32	0.0	2290172	801	19104.4918224	4.3
1575692393.95	4300	36	0.0	2055469	682	21350.624249	4.3
1575692394.89	4300	40	0.0	2169201	805	22050.0280448	4.3
1575692395.94	4300	44	0.0	2173522	924	21839.962804	4.3
1575692396.95	4300	48	0.0	2102452	874	20932.7836315	4.3
1575692397.88	4300	52	0.0	2209463	808	20373.9831249	4.3
1575692398.86	4300	56	0.0	2275376	841	20395.7839653	4.3
