1575691766.05	750	4	2.033	2354772	1923	9796.24336973	-8.7419
1575691767.72	4300	8	0.0	2123065	1538	10419.7471725	0.75
1575691769.38	4300	12	0.0	2177073	1533	10733.535297	4.3
1575691770.91	4300	16.0	0.0	2160877	1393	11152.6310133	4.3
1575691772.39	4300	20	0.0	2233056	1342	12031.5224809	4.3
1575691773.66	4300	24	0.0	1941625	1128	12713.3072548	4.3
1575691775.01	4300	28	0.0	2157535	1214	13427.452762	4.3
1575691776.41	4300	32	0.0	2290172	1263	13951.532208	4.3
1575691777.62	4300	36	0.0	2055469	1075	14447.7082701	4.3
1575691778.85	4300	40	0.0	2169201	1096	14963.5067378	4.3
1575691780.11	4300	44	0.0	2173522	1124	15276.5602124	4.3
1575691781.33	4300	48	0.0	2102452	1085	15525.4887834	4.3
1575691782.59	4300	52	0.0	2209463	1115	15664.5227432	4.3
1575691784.45	4300	56	0.0	2275376	1726	14342.715402	4.3
