1575692075.99	750	4	2.076	2354772	1959	9616.22052067	-8.9268
1575692077.7	4300	8	0.0	2123065	1556	10265.860903	0.75
1575692079.37	4300	12	0.0	2177073	1540	10613.7306453	4.3
1575692080.92	4300	16.0	0.0	2160877	1420	11003.7867164	4.3
1575692082.4	4300	20	0.0	2233056	1344	11922.7315862	4.3
1575692083.69	4300	24	0.0	1941625	1155	12555.977477	4.3
1575692085.06	4300	28	0.0	2157535	1241	13205.7010001	4.3
1575692086.48	4300	32	0.0	2290172	1279	13743.4038236	4.3
1575692087.7	4300	36	0.0	2055469	1070	14262.4019545	4.3
1575692088.93	4300	40	0.0	2169201	1109	14812.2753321	4.3
1575692090.2	4300	44	0.0	2173522	1125	15199.2233876	4.3
1575692091.37	4300	48	0.0	2102452	1046	15638.0165353	4.3
1575692092.66	4300	52	0.0	2209463	1150	15638.5627523	4.3
1575692094.53	4300	56	0.0	2275376	1735	14349.4799781	4.3
