1575692282.67	750	4	2.041	2354772	1909	9868.08590885	-8.776299999999999
1575692284.36	4300	8	0.0	2123065	1556	10391.7935971	0.75
1575692286.02	4300	12	0.0	2177073	1532	10717.3715364	4.3
1575692287.55	4300	16.0	0.0	2160877	1394	11138.2825978	4.3
1575692289.03	4300	20	0.0	2233056	1345	11991.7904886	4.3
1575692290.29	4300	24	0.0	1941625	1128	12705.512685	4.3
1575692291.62	4300	28	0.0	2157535	1204	13447.326014	4.3
1575692293.02	4300	32	0.0	2290172	1264	13970.7619419	4.3
1575692294.22	4300	36	0.0	2055469	1073	14481.4888646	4.3
1575692295.46	4300	40	0.0	2169201	1094	15004.523888	4.3
1575692296.71	4300	44	0.0	2173522	1124	15288.0555737	4.3
1575692297.94	4300	48	0.0	2102452	1093	15511.4873837	4.3
1575692299.19	4300	52	0.0	2209463	1118	15632.758821	4.3
1575692301.06	4300	56	0.0	2275376	1727	14302.188237	4.3
