1575701470.45	750	4	1.193	2354772	1087	6561.4808538	-5.129899999999999
1575701471.53	4300	8	0.0	2123065	941	16288.239039	0.75
1575701472.72	4300	12	0.0	2177073	1060	17398.2848513	4.3
1575701474.25	4300	16.0	0.0	2160877	1390	15355.9999446	4.3
1575701475.57	4300	20	0.0	2233056	1185	13102.8501021	4.3
1575701476.52	4300	24	0.0	1941625	827	14770.9059668	4.3
1575701477.57	4300	28	0.0	2157535	919	16974.1018572	4.3
1575701478.52	4300	32	0.0	2290172	814	18275.944014	4.3
1575701479.38	4300	36	0.0	2055469	716	20435.3207958	4.3
1575701480.35	4300	40	0.0	2169201	841	21456.0608978	4.3
1575701481.41	4300	44	0.0	2173522	914	20496.6164355	4.3
1575701482.39	4300	48	0.0	2102452	847	19318.9433565	4.3
1575701483.36	4300	52	0.0	2209463	836	19945.2147553	4.3
1575701484.35	4300	56	0.0	2275376	865	20597.3535246	4.3
