1575700747.34	750	4	1.183	2354772	1075	6457.65977177	-5.0869
1575700748.41	4300	8	0.0	2123065	941	16395.8690586	0.75
1575700749.6	4300	12	0.0	2177073	1056	17435.5231696	4.3
1575700751.12	4300	16.0	0.0	2160877	1385	15416.428815	4.3
1575700752.44	4300	20	0.0	2233056	1184	13140.2948025	4.3
1575700753.39	4300	24	0.0	1941625	826	14795.18986	4.3
1575700754.4	4300	28	0.0	2157535	886	17040.8505686	4.3
1575700755.34	4300	32	0.0	2290172	798	18572.6786155	4.3
1575700756.17	4300	36	0.0	2055469	689	20822.5751178	4.3
1575700757.11	4300	40	0.0	2169201	805	22052.0145143	4.3
1575700758.17	4300	44	0.0	2173522	922	20792.7645329	4.3
1575700759.17	4300	48	0.0	2102452	874	19117.344794	4.3
1575700760.12	4300	52	0.0	2209463	812	19659.0143396	4.3
1575700761.09	4300	56	0.0	2275376	839	20830.283594	4.3
