1575701264.77	750	4	2.077	2354772	1942	6797.62437005	-8.9311
1575701266.46	4300	8	0.0	2123065	1557	9785.6312604	0.75
1575701268.14	4300	12	0.0	2177073	1543	10860.0930425	4.3
1575701269.69	4300	16.0	0.0	2160877	1423	11342.9933568	4.3
1575701271.18	4300	20	0.0	2233056	1350	12155.3432884	4.3
1575701272.47	4300	24	0.0	1941625	1164	13036.9100235	4.3
1575701273.82	4300	28	0.0	2157535	1215	13355.9622027	4.3
1575701275.23	4300	32	0.0	2290172	1276	14047.6255532	4.3
1575701276.44	4300	36	0.0	2055469	1076	14365.5453573	4.3
1575701277.68	4300	40	0.0	2169201	1111	15065.4752205	4.3
1575701278.97	4300	44	0.0	2173522	1133	15427.6860565	4.3
1575701280.15	4300	48	0.0	2102452	1045	15436.8244866	4.3
1575701281.43	4300	52	0.0	2209463	1152	15840.2438331	4.3
1575701283.28	4300	56	0.0	2275376	1722	13779.2622426	4.3
