1575700643.15	750	4	0.27	450283	175	5445.72611928	-1.161
1575700644.38	4300	8	0.0	2123065	1004	9002.17621676	0.75
1575700645.47	4300	12	0.0	2177073	961	16218.2194094	4.3
1575700646.73	4300	16.0	0.0	2160877	1128	17376.25997	4.3
1575700648.34	4300	20	0.0	2233056	1467	14443.5665384	4.3
1575700649.46	4300	24	0.0	1941625	983	12957.2546059	4.3
1575700650.43	4300	28	0.0	2157535	842	15092.21445	4.3
1575700651.51	4300	32	0.0	2290172	927	18207.8328924	4.3
1575700652.38	4300	36	0.0	2055469	735	19157.3100112	4.3
1575700653.23	4300	40	0.0	2169201	720	20774.3953373	4.3
1575700654.28	4300	44	0.0	2173522	908	22079.2368778	4.3
1575700655.31	4300	48	0.0	2102452	884	19429.6451021	4.3
1575700656.25	4300	52	0.0	2209463	813	19544.7346326	4.3
1575700657.28	4300	56	0.0	2275376	893	20751.4577177	4.3
