1575700953.94	750	4	1.181	2354772	1074	6502.10001321	-5.0783000000000005
1575700955.02	4300	8	0.0	2123065	941	16419.2080301	0.75
1575700956.22	4300	12	0.0	2177073	1061	17434.466526	4.3
1575700957.74	4300	16.0	0.0	2160877	1377	15385.8059765	4.3
1575700959.06	4300	20	0.0	2233056	1184	13642.7299752	4.3
1575700960.02	4300	24	0.0	1941625	827	14810.6230681	4.3
1575700961.04	4300	28	0.0	2157535	883	17042.8698129	4.3
1575700961.99	4300	32	0.0	2290172	804	18678.8465479	4.3
1575700962.81	4300	36	0.0	2055469	694	20624.8433143	4.3
1575700963.76	4300	40	0.0	2169201	809	21876.7806147	4.3
1575700964.8	4300	44	0.0	2173522	911	21168.3019862	4.3
1575700965.79	4300	48	0.0	2102452	853	19408.1066685	4.3
1575700966.73	4300	52	0.0	2209463	811	20029.4221869	4.3
1575700967.7	4300	56	0.0	2275376	830	21003.1844208	4.3
