1575701573.79	750	4	1.181	2354772	1077	6495.93200251	-5.0783000000000005
1575701574.85	4300	8	0.0	2123065	938	16388.9802742	0.75
1575701576.05	4300	12	0.0	2177073	1059	17463.1254049	4.3
1575701577.58	4300	16.0	0.0	2160877	1388	15374.2785326	4.3
1575701578.9	4300	20	0.0	2233056	1189	13106.3148618	4.3
1575701579.86	4300	24	0.0	1941625	827	14747.40226	4.3
1575701580.86	4300	28	0.0	2157535	869	17034.0418418	4.3
1575701581.82	4300	32	0.0	2290172	818	18951.4058968	4.3
1575701582.63	4300	36	0.0	2055469	682	20653.5927531	4.3
1575701583.57	4300	40	0.0	2169201	805	22044.5817687	4.3
1575701584.62	4300	44	0.0	2173522	925	20775.7227379	4.3
1575701585.64	4300	48	0.0	2102452	873	19074.3078044	4.3
1575701586.59	4300	52	0.0	2209463	811	19672.5713263	4.3
1575701587.55	4300	56	0.0	2275376	837	20842.8536896	4.3
