1575700850.67	750	4	1.187	2354772	1086	6563.58111918	-5.1041
1575700851.75	4300	8	0.0	2123065	942	16298.1788983	0.75
1575700852.94	4300	12	0.0	2177073	1058	17392.9781215	4.3
1575700854.47	4300	16.0	0.0	2160877	1391	15374.8599412	4.3
1575700855.78	4300	20	0.0	2233056	1186	13093.6829267	4.3
1575700856.74	4300	24	0.0	1941625	826	14763.4188001	4.3
1575700857.79	4300	28	0.0	2157535	915	16985.5319264	4.3
1575700858.74	4300	32	0.0	2290172	813	18321.5421246	4.3
1575700859.59	4300	36	0.0	2055469	715	20309.058734	4.3
1575700860.56	4300	40	0.0	2169201	832	21502.7550446	4.3
1575700861.6	4300	44	0.0	2173522	911	20404.0520613	4.3
1575700862.59	4300	48	0.0	2102452	844	19399.0222197	4.3
1575700863.57	4300	52	0.0	2209463	840	20020.4936553	4.3
1575700864.54	4300	56	0.0	2275376	846	20617.2993264	4.3
