1575701367.17	750	4	1.186	2354772	1086	6585.51762168	-5.0998
1575701368.25	4300	8	0.0	2123065	941	16305.6165628	0.75
1575701369.45	4300	12	0.0	2177073	1059	17404.970585	4.3
1575701370.97	4300	16.0	0.0	2160877	1377	15407.9376517	4.3
1575701372.29	4300	20	0.0	2233056	1180	13205.7714884	4.3
1575701373.25	4300	24	0.0	1941625	825	14844.2177016	4.3
1575701374.31	4300	28	0.0	2157535	913	17176.4348712	4.3
1575701375.24	4300	32	0.0	2290172	810	18366.3042864	4.3
1575701376.09	4300	36	0.0	2055469	711	20368.8928686	4.3
1575701377.05	4300	40	0.0	2169201	832	21583.5191664	4.3
1575701378.1	4300	44	0.0	2173522	911	20413.3923208	4.3
1575701379.08	4300	48	0.0	2102452	842	19408.3025441	4.3
1575701380.06	4300	52	0.0	2209463	839	20053.3480165	4.3
1575701381.04	4300	56	0.0	2275376	848	20640.2581445	4.3
