1575701160.54	750	4	1.188	2354772	1083	6704.37918637	-5.1084
1575701161.62	4300	8	0.0	2123065	939	16373.1223813	0.75
1575701162.82	4300	12	0.0	2177073	1060	17446.0522179	4.3
1575701164.34	4300	16.0	0.0	2160877	1377	15397.3513176	4.3
1575701165.65	4300	20	0.0	2233056	1181	13203.0280553	4.3
1575701166.61	4300	24	0.0	1941625	826	14835.2707405	4.3
1575701167.67	4300	28	0.0	2157535	921	17133.2632684	4.3
1575701168.61	4300	32	0.0	2290172	814	18267.0876357	4.3
1575701169.47	4300	36	0.0	2055469	714	20426.4031058	4.3
1575701170.44	4300	40	0.0	2169201	839	21478.3423607	4.3
1575701171.49	4300	44	0.0	2173522	913	20540.9031189	4.3
1575701172.47	4300	48	0.0	2102452	848	19334.7079569	4.3
1575701173.44	4300	52	0.0	2209463	837	19945.0363537	4.3
1575701174.45	4300	56	0.0	2275376	863	20589.0860912	4.3
