1575701057.19	750	4	1.202	2354772	1089	6347.2850498	-5.1686
1575701058.27	4300	8	0.0	2123065	932	16225.3459469	0.75
1575701059.47	4300	12	0.0	2177073	1060	17481.7616669	4.3
1575701060.98	4300	16.0	0.0	2160877	1377	15399.0831009	4.3
1575701062.3	4300	20	0.0	2233056	1181	13203.0491568	4.3
1575701063.25	4300	24	0.0	1941625	826	14835.7877911	4.3
1575701064.3	4300	28	0.0	2157535	919	17148.0306087	4.3
1575701065.25	4300	32	0.0	2290172	814	18292.1102689	4.3
1575701066.11	4300	36	0.0	2055469	718	20432.0229967	4.3
1575701067.08	4300	40	0.0	2169201	835	21441.6701365	4.3
1575701068.13	4300	44	0.0	2173522	919	20581.0824203	4.3
1575701069.12	4300	48	0.0	2102452	851	19234.5425931	4.3
1575701070.08	4300	52	0.0	2209463	834	19888.8974248	4.3
1575701071.07	4300	56	0.0	2275376	857	20609.0032481	4.3
