1594288052.27	750	4	0.253	181801	148	3485.66302845	-1.0878999999999999
1594288054.76	4300	5.507121	0.0	2123065	2211	4253.766034	0.75
1594288058.79	4300	5.47516	0.0	2177073	3880	5791.58433591	4.3
1594288067.76	4300	4.418207	3.911	2160877	8826	2287.89109262	-12.517299999999999
1594288068.09	300	8.083118	0.0	163442	204	2153.31354105	-3.7
1594288068.31	300	11.863465	0.0	126289	86	2371.27190016	0.3
1594288069.82	1850	14.352638	0.0	905515	1286	2557.28098237	0.30000000000000004
1594288071.49	1850	16.687907	0.0	1060487	1517	5222.34736923	1.85
1594288072.75	1850	19.422251	0.0	852833	1132	5572.36421672	1.85
1594288075.75	4300	20.418982	0.0	2169201	2863	6015.89928589	1.8499999999999996
1594288078.43	4300	21.738542	0.0	2173522	2545	6213.84186371	4.3
1594288081.22	4300	22.950963	0.0	2102452	2652	6607.77872822	4.3
1594288084.64	4300	23.535696	0.0	2209463	3256	5859.21215683	4.3
1594288089.41	4300	22.761444	0.0	2275376	4631	4444.5087007	4.3
1594288094.94	4300	21.233457	0.0	2005399	5390	3251.13299647	4.3
1594288098.21	4300	21.964193	0.0	2152483	3126	3577.26217337	4.3
1594288102.97	4300	21.207694	0.0	2289689	4602	4508.07265303	4.3
1594288109.82	4300	18.349068	0.0	2059512	6707	2780.08703057	4.3
1594288117.15	4300	15.022106	0.0	2220726	7189	2463.36563318	4.3
1594288123.25	2850	12.921603	0.0	1336050	5798	1489.45664143	1.4000000000000001
1594288126.83	2850	13.340204	0.0	1415116	3440	2216.54040062	2.85
1594288132.02	2850	12.148595	0.0	1468126	5038	2630.92286193	2.85
1594288134.24	1850	13.935019	0.0	968026	2076	2561.63685734	0.8500000000000001
1594288136.3	1850	15.878328	0.0	874175	1898	3700.72586692	1.85
1594288138.14	1850	18.033394	0.0	897976	1699	3759.75210886	1.85
1594288140.5	2850	19.67151	0.0	1480464	2218	4411.30355282	1.85
1594288143.37	4300	20.801365	0.0	2395588	2723	5693.94504517	2.8499999999999996
1594288144.88	4300	23.296897	0.0	1972048	1366	7506.94490384	4.3
1594288146.58	4300	25.59379	0.0	2134614	1564	10997.383168	4.3
1594288149.19	4300	26.98417	0.0	2164140	2474	9211.73239713	4.3
1594288152.1	4300	28.071221	0.0	2113193	2761	6585.34307668	4.3
1594288154.85	4300	29.320767	0.0	2147852	2609	6292.06887045	4.3
1594288156.58	4300	31.59375	0.0	2191074	1589	7152.23180442	4.3
1594288158.24	4300	33.934458	0.0	2286761	1526	10774.2295517	4.3
1594288159.6	4300	36.57713	0.0	2307787	1219	12133.1352047	4.3
1594288161.4	4300	38.772606	0.0	2143948	1659	13604.7016281	4.3
1594288163.4	4300	40.772115	0.0	1919781	1864	9604.96225078	4.3
1594288165.9	4300	42.271829	0.0	2147467	2348	7853.09844171	4.3
1594288167.94	4300	44.232421	0.0	2133870	1901	7580.65910764	4.3
1594288175.04	4300	41.13093	0.0	2146120	6965	3768.26102207	4.3
1594288183.5	4300	36.677544	0.0	2108491	8311	2093.41377241	4.3
1594288187.71	4300	36.458775	0.0	2184571	4078	2701.09713386	4.3
1594288189.19	2850	38.981108	0.0	1343002	1309	4699.05764694	1.4000000000000001
1594288190.53	2850	41.645945	0.0	1587250	1172	7735.79401056	2.85
1594288191.74	2850	44.43429	0.0	1464921	1051	10025.586618	2.85
1594288193.99	4300	46.179377	0.0	2246506	2118	10118.5457066	2.8499999999999996
1594288196.98	4300	47.188547	0.0	1961140	2851	7046.43496479	4.3
1594288203.12	4300	45.053873	0.0	2155012	6006	3527.70327766	4.3
1594288208.28	4300	41.579693	0.0	1433658	5041	2460.93065594	4.3

