1594284389.04	750	3.999825	0.336	181801	236	6162.74576271	-1.4447999999999999
1594284392.39	4300	4.649912	0.0	2123065	3099	5523.91038232	0.75
1594284395.49	4300	5.55449	0.0	2177073	2957	5690.09834522	4.3
1594284398.29	4300	6.753524	0.0	2160877	2628	5925.75536043	4.3
1594284401.17	4300	7.872112	0.0	2233056	2738	6056.31241919	4.3
1594284403.45	4300	9.593522	0.0	1941625	2139	6217.23702337	4.3
1594284405.84	4300	11.198445	0.0	2157535	2229	6666.82899546	4.3
1594284420.23	4300	4.498131	3.688	2290172	14251	1920.87718448	-11.558399999999999
1594284422.67	2850	6.059991	0.0	1348011	2206	1879.29224748	1.4000000000000001
1594284428.9	2850	4.436701	0.608	1429765	6086	1752.37965323	0.2355999999999998
1594284430.43	2850	6.908564	0.0	1354548	1378	1716.15972786	2.85
1594284432.54	2850	8.791938	0.0	1519951	1961	1695.41164264	2.85
1594284435.53	2850	9.802152	0.0	1422919	2855	2958.11576223	2.85
1594284439.1	4300	10.234672	0.0	2275376	3371	3086.95294451	2.8499999999999996
1594284441.33	4300	12.006623	0.0	2005399	2083	5540.71169159	4.3
1594284443.55	4300	13.78625	0.0	2152483	2080	5669.63826259	4.3
1594284445.77	4300	15.564122	0.0	2289689	2084	5942.02976481	4.3
1594284447.68	4300	17.654405	0.0	2059512	1762	7241.49033418	4.3
1594284449.7	4300	19.635754	0.0	2220726	1878	8629.29793086	4.3
1594284451.6	4300	21.734388	0.0	2156729	1756	9070.09315929	4.3
1594284453.49	4300	23.84938	0.0	2039773	1737	9332.11320015	4.3
1594284455.69	4300	25.647167	0.0	2176469	2064	9241.04179698	4.3
1594284457.9	4300	27.440683	0.0	2221506	2060	9081.08125657	4.3
1594284460.04	4300	29.297319	0.0	2044075	1989	8821.05357642	4.3
1594284462.12	4300	31.220995	0.0	2186790	1922	8713.88509149	4.3
1594284463.84	4300	33.491917	0.0	2105231	1563	8874.00556718	4.3
1594284465.96	4300	35.372644	0.0	2395588	1986	9129.93854526	4.3
1594284467.58	4300	37.760927	0.0	1972048	1468	9492.39931753	4.3
1594284469.29	4300	40.047435	0.0	2134614	1569	10095.2435648	4.3
1594284470.92	4300	42.420454	0.0	2164140	1462	10658.5844251	4.3
1594284472.54	4300	44.801654	0.0	2113193	1471	10780.2750331	4.3
1594284474.07	4300	47.265005	0.0	2147852	1371	11441.7065371	4.3
1594284475.44	4300	49.899323	0.0	2191074	1225	12018.0397044	4.3
1594284476.8	4300	52.531707	0.0	2286761	1229	12774.581402	4.3
1594284478.91	4300	54.42878	0.0	2307787	1951	11846.6748146	4.3
1594284480.91	4300	56.425472	0.0	2143948	1857	11146.4166026	4.3
1594284482.59	4300	58.746158	0.0	1919781	1538	10693.4107019	4.3
1594284485.78	4300	59.7955	0.0	2147467	1546	10372.5063362	4.3
1594284489.66	4300	59.795523	0.0	2133870	2233	9194.30086809	4.3
1594284493.95	4300	59.545523	0.0	2146120	2148	8835.79919833	4.3
1594284497.56	4300	59.795492	0.0	2108491	1948	8724.34639607	4.3
1594284501.69	4300	59.795553	0.0	2184571	1990	8566.99938164	4.3
1594284505.77	4300	59.795501	0.0	2121928	2441	7892.07009811	4.3
1594284509.56	4300	59.795524	0.0	2219102	2135	8028.23569786	4.3
1594284513.85	4300	59.545538	0.0	2124950	2154	8007.45597341	4.3
1594284517.95	4300	59.54555	0.0	2246506	1953	8088.53029534	4.3
1594284521.62	4300	59.795555	0.0	1961140	2040	7895.1137043	4.3
1594284525.94	4300	59.545523	0.0	2155012	2702	7677.60934714	4.3
1594284527.37	4300	59.647247	0.0	1433658	1319	7670.59310124	4.3

