1594281911.89	750	4	0.241	181801	145	10030.4	-1.0363
1594281914.35	4300	8	0.0	2123065	2214	7783.9424666	0.75
1594281918.37	4300	12	0.0	2177073	3859	5369.13872708	4.3
1594281927.32	4300	16.0	0.0	2160877	8811	2660.48552986	4.3
1594281930.43	4300	20	0.0	2233056	2978	2930.15870801	4.3
1594281933.01	4300	24	0.0	1941625	2422	3116.49305233	4.3
1594281936.14	4300	28	0.0	2157535	2995	3125.51659528	4.3
1594281939.06	4300	32	0.0	2290172	2780	3169.12641875	4.3
1594281941.7	4300	36	0.0	2055469	2510	6224.04385536	4.3
1594281944.96	4300	40	0.0	2169201	3124	6107.25817816	4.3
1594281950.0	4300	44	0.0	2173522	4904	4988.52011401	4.3
1594281955.25	4300	48	0.0	2102452	5114	4281.20814704	4.3
1594281958.69	4300	52	0.0	2209463	3299	4212.05486734	4.3
1594281963.3	4300	56	0.0	2275376	4473	4010.16794301	4.3
