1594292324.55	750	4	0.176	181801	77	5373.97989942	-0.7567999999999999
1594292326.17	4300	6.379823	0.0	2123065	1335	7385.010484	0.75
1594292327.58	4300	8.971488	0.0	2177073	1268	12592.7580452	4.3
1594292328.89	4300	11.656036	0.0	2160877	1172	13616.2464582	4.3
1594292330.49	4300	14.061434	0.0	2233056	1454	14039.6698569	4.3
1594292331.74	4300	16.802754	0.0	1941625	1096	12725.6055825	4.3
1594292333.07	4300	19.476949	0.0	2157535	1181	13856.7359648	4.3
1594292334.46	4300	22.088966	0.0	2290172	1248	14459.2879785	4.3
1594292335.7	4300	24.844623	0.0	2055469	1108	14640.344961	4.3
1594292337.03	4300	27.513455	0.0	2169201	1179	14781.8512179	4.3
1594292338.3	4300	30.244514	0.0	2173522	1133	14794.3938963	4.3
1594292339.55	4300	33.002046	0.0	2102452	1104	15196.6471944	4.3
1594292340.87	4300	35.675746	0.0	2209463	1189	15148.537124	4.3
1594292342.25	4300	38.298927	0.0	2275376	1231	14851.0464239	4.3
1594292343.47	4300	41.081183	0.0	2005399	1082	14797.6972383	4.3
1594292345.07	4300	43.478765	0.0	2152483	1450	13986.7134864	4.3
1594292346.57	4300	45.978242	0.0	2289689	1359	12317.8453987	4.3
1594292347.77	4300	48.774161	0.0	2059512	1070	13410.4833419	4.3
1594292349.1	4300	51.445602	0.0	2220726	1185	14821.1378275	4.3
1594292350.36	4300	54.191578	0.0	2156729	1105	15008.1124926	4.3
1594292351.51	4300	57.032015	0.0	2039773	1019	15472.1705371	4.3
1594292352.76	4300	59.786905	0.0	2176469	1102	15823.7621084	4.3
1594292356.76	4300	59.91355	0.0	2221506	1341	13253.6414463	4.3
1594292360.92	4300	59.663545	0.0	2044075	1016	15911.5248009	4.3
1594292364.69	4300	59.913541	0.0	2186790	1131	15468.7129338	4.3
1594292368.75	4300	59.91352	0.0	2105231	1418	11877.9021281	4.3
1594292372.71	4300	59.913552	0.0	2395588	2320	8261.04707286	4.3
1594292377.07	4300	59.663529	0.0	1972048	1714	9184.6317561	4.3
1594292381.11	4300	59.663514	0.0	2134614	2405	7100.75325053	4.3
1594292385.0	4300	59.663515	0.0	2164140	2733	6335.57782715	4.3
1594292389.12	4300	59.663545	0.0	2113193	2428	6941.06630874	4.3
1594292393.68	4300	58.869873	0.0	2147852	4398	5013.10766762	4.3
1594292396.94	4300	59.663548	0.0	2191074	1123	14094.0940907	4.3
1594292400.66	4300	59.913552	0.0	2286761	1569	11661.6626984	4.3
1594292405.04	4300	59.66357	0.0	2307787	1224	14956.889033	4.3
1594292408.8	4300	59.913551	0.0	2143948	1119	15305.1285163	4.3
1594292412.81	4300	59.913512	0.0	1919781	1372	11194.8511814	4.3
1594292416.58	4300	59.962628	0.0	2147467	3642	7509.14293062	4.3
1594292420.84	4300	59.913528	0.0	2133870	2116	7996.34182732	4.3
1594292425.11	4300	59.663538	0.0	2146120	1637	10435.4232616	4.3
1594292428.82	4300	59.913564	0.0	2108491	1568	10741.7898459	4.3
1594292433.06	4300	59.663567	0.0	2184571	1609	10858.9392242	4.3
1594292436.79	4300	59.913555	0.0	2121928	1086	15218.073788	4.3
1594292441.0	4300	59.663533	0.0	2219102	1070	16529.643463	4.3
1594292444.67	4300	59.913522	0.0	2124950	1027	16552.7587089	4.3
1594292448.91	4300	59.663547	0.0	2246506	1111	16176.562714	4.3
1594292452.96	4300	59.663545	0.0	1961140	919	16996.6407872	4.3
1594292456.64	4300	59.91356	0.0	2155012	1062	16235.0333589	4.3
1594292458.4	4300	59.843549	0.0	1433658	646	16953.6999148	4.3

