1594292550.13	750	4	0.174	181801	70	5555.34764593	-0.7482
1594292551.59	4300	6.543492	0.0	2123065	1194	7709.9450535	0.75
1594292552.9	4300	9.235676	0.0	2177073	1164	13918.4003021	4.3
1594292554.1	4300	12.028293	0.0	2160877	1044	14864.3297442	4.3
1594292555.54	4300	14.590232	0.0	2233056	1299	15805.6182937	4.3
1594292556.86	4300	17.273339	0.0	1941625	1174	13660.1675072	4.3
1594292558.1	4300	20.033004	0.0	2157535	1095	13704.5090608	4.3
1594292559.39	4300	22.741081	0.0	2290172	1155	15230.0809093	4.3
1594292560.54	4300	25.586456	0.0	2055469	1011	15722.0195484	4.3
1594292561.72	4300	28.407197	0.0	2169201	1014	16162.4922577	4.3
1594292562.92	4300	31.214357	0.0	2173522	1048	16725.4048586	4.3
1594292564.03	4300	34.095944	0.0	2102452	983	16679.3222132	4.3
1594292565.26	4300	36.86797	0.0	2209463	1088	16891.5258622	4.3
1594292566.51	4300	39.621868	0.0	2275376	1099	16391.5769567	4.3
1594292567.61	4300	42.517287	0.0	2005399	966	16540.7304482	4.3
1594292568.77	4300	45.357669	0.0	2152483	1021	16605.2167589	4.3
1594292570.03	4300	48.09816	0.0	2289689	1120	16741.8161382	4.3
1594292571.73	4300	50.401976	0.0	2059512	1555	14619.9382153	4.3
1594292572.96	4300	53.175212	0.0	2220726	1089	11909.5992254	4.3
1594292574.34	4300	55.793796	0.0	2156729	1224	15062.880757	4.3
1594292575.48	4300	58.652227	0.0	2039773	979	14581.9884634	4.3
1594292578.67	4300	59.694348	0.0	2176469	1044	16563.6663819	4.3
1594292582.47	4300	59.694375	0.0	2221506	1167	15230.1404794	4.3
1594292586.54	4300	59.694318	0.0	2044075	930	17392.5214559	4.3
1594292590.27	4300	59.944407	0.0	2186790	1089	16066.7624451	4.3
1594292594.32	4300	59.944415	0.0	2105231	1416	11894.8037165	4.3
1594292598.28	4300	59.944372	0.0	2395588	2320	8261.33306722	4.3
1594292602.64	4300	59.694378	0.0	1972048	1717	9169.01926745	4.3
1594292606.2	4300	59.944402	0.0	2134614	2405	7105.21195069	4.3
1594292610.61	4300	59.694374	0.0	2164140	2777	6234.48471733	4.3
1594292614.22	4300	59.944416	0.0	2113193	2429	6888.23676753	4.3
1594292619.02	4300	59.113939	0.0	2147852	4658	4068.96840999	4.3
1594292622.28	4300	59.944412	0.0	2191074	1124	14056.128218	4.3
1594292626.54	4300	59.694351	0.0	2286761	1625	11258.1501289	4.3
1594292630.32	4300	59.94441	0.0	2307787	1131	15965.8273031	4.3
1594292634.56	4300	59.694365	0.0	2143948	1105	15522.0884636	4.3
1594292638.61	4300	59.694347	0.0	1919781	1407	10916.3093791	4.3
1594292642.36	4300	59.775576	0.0	2147467	3604	7440.77749238	4.3
1594292646.57	4300	59.694292	0.0	2133870	2063	8192.73379058	4.3
1594292650.37	4300	59.944409	0.0	2146120	1662	10230.2344131	4.3
1594292654.6	4300	59.694395	0.0	2108491	1582	10652.7532224	4.3
1594292658.38	4300	59.944396	0.0	2184571	1650	10591.882922	4.3
1594292662.57	4300	59.694372	0.0	2121928	1047	15875.7260248	4.3
1594292666.24	4300	59.944411	0.0	2219102	1028	17153.8550256	4.3
1594292670.36	4300	59.944381	0.0	2124950	969	17519.928152	4.3
1594292674.55	4300	59.69438	0.0	2246506	1059	16971.0633128	4.3
1594292678.55	4300	59.694316	0.0	1961140	876	17821.890171	4.3
1594292682.68	4300	59.694393	0.0	2155012	1012	17036.2896942	4.3
1594292684.37	4300	59.624415	0.0	1433658	580	18215.9492832	4.3

