1594302411.16	750	4	0.008	450283	1	3602264.0	-0.034399999999999986
1594302412.77	4300	6.962422	0.0	2123065	1352	12571.7741657	0.75
1594302413.95	4300	9.790534	0.0	2177073	1006	14234.0253387	4.3
1594302415.07	4300	12.668008	0.0	2160877	960	15152.3912026	4.3
1594302416.33	4300	15.409711	0.0	2233056	1088	15446.6872844	4.3
1594302417.76	4300	17.979688	0.0	1941625	1251	14653.2798615	4.3
1594302419.05	4300	20.690819	0.0	2157535	1136	15404.7844691	4.3
1594302420.21	4300	23.531912	0.0	2290172	952	15634.3698574	4.3
1594302421.22	4300	26.513221	0.0	2055469	841	15760.1003499	4.3
1594302422.18	4300	29.567676	0.0	2169201	791	16349.0651654	4.3
1594302423.08	4300	32.65683	0.0	2173522	722	19041.4947737	4.3
1594302424.14	4300	35.603445	0.0	2102452	873	20502.8709126	4.3
