1594292098.86	750	4	0.189	181801	90	5061.94889008	-0.8127
1594292100.36	4300	6.562193	0.0	2123065	1242	7551.34446261	0.75
1594292101.64	4300	9.283864	0.0	2177073	1134	13491.9667452	4.3
1594292102.83	4300	12.099231	0.0	2160877	1045	15010.5667361	4.3
1594292104.23	4300	14.696431	0.0	2233056	1256	15927.9176905	4.3
1594292105.56	4300	17.359494	0.0	1941625	1189	13974.6692987	4.3
1594292106.79	4300	20.13123	0.0	2157535	1080	13698.4912013	4.3
1594292108.04	4300	22.883267	0.0	2290172	1092	15438.5453665	4.3
1594292109.17	4300	25.754924	0.0	2055469	968	16359.7729019	4.3
1594292110.35	4300	28.573522	0.0	2169201	1039	16753.1694422	4.3
1594292111.58	4300	31.339324	0.0	2173522	1070	16612.6584517	4.3
1594292112.72	4300	34.201349	0.0	2102452	999	16386.172953	4.3
1594292113.93	4300	36.99382	0.0	2209463	1043	16713.9497179	4.3
1594292115.16	4300	39.763205	0.0	2275376	1091	16851.6452344	4.3
1594292116.32	4300	42.601486	0.0	2005399	987	16604.6763304	4.3
1594292117.48	4300	45.440687	0.0	2152483	1024	16395.3556946	4.3
1594292118.77	4300	48.154836	0.0	2289689	1145	16611.1139585	4.3
1594292120.48	4300	50.440656	0.0	2059512	1569	14331.1285099	4.3
1594292121.71	4300	53.208083	0.0	2220726	1099	11776.6391701	4.3
1594292123.05	4300	55.871854	0.0	2156729	1190	14854.1143315	4.3
1594292124.17	4300	58.749169	0.0	2039773	982	14776.709191	4.3
1594292127.38	4300	59.747575	0.0	2176469	1066	16279.172934	4.3
1594292131.25	4300	59.747573	0.0	2221506	1238	14356.6160398	4.3
1594292135.37	4300	59.747577	0.0	2044075	957	16881.2005726	4.3
1594292139.08	4300	59.997547	0.0	2186790	1076	16259.9531765	4.3
1594292143.13	4300	59.997582	0.0	2105231	1411	11937.008357	4.3
1594292147.1	4300	59.997526	0.0	2395588	2322	8253.93606259	4.3
1594292150.96	4300	59.997575	0.0	1972048	1715	9157.46788092	4.3
1594292155.34	4300	59.747572	0.0	2134614	2245	7606.67192159	4.3
1594292159.2	4300	59.747583	0.0	2164140	2717	6372.80628408	4.3
1594292162.97	4300	59.997577	0.0	2113193	2620	6445.89308426	4.3
1594292167.76	4300	59.157951	0.0	2147852	4659	4630.20261303	4.3
1594292171.03	4300	59.997569	0.0	2191074	1120	14092.9899458	4.3
1594292175.31	4300	59.747575	0.0	2286761	1635	11189.2866599	4.3
1594292179.08	4300	59.997544	0.0	2307787	1130	15935.980986	4.3
1594292183.28	4300	59.747572	0.0	2143948	1068	16059.6682282	4.3
1594292187.32	4300	59.747576	0.0	1919781	1395	11010.6551308	4.3
1594292191.08	4300	59.847085	0.0	2147467	3614	7467.87863154	4.3
1594292195.3	4300	59.747578	0.0	2133870	2092	8097.03615499	4.3
1594292199.12	4300	59.997506	0.0	2146120	1678	10133.8805641	4.3
1594292203.32	4300	59.74758	0.0	2108491	1555	10828.7549082	4.3
1594292207.12	4300	59.997535	0.0	2184571	1663	10509.1667186	4.3
1594292211.35	4300	59.747577	0.0	2121928	1078	15457.7758582	4.3
1594292215.01	4300	59.997572	0.0	2219102	1025	17154.1929033	4.3
1594292219.13	4300	59.997411	0.0	2124950	973	17455.6534721	4.3
1594292223.33	4300	59.747547	0.0	2246506	1076	16702.9925306	4.3
1594292227.33	4300	59.747576	0.0	1961140	876	17796.7337093	4.3
1594292230.95	4300	59.997502	0.0	2155012	984	17521.4773578	4.3
1594292233.15	4300	59.677534	0.0	1433658	587	18653.313815	4.3

