1594282140.91	750	4	3.434	2354772	3297	5713.73248408	-14.7662
1594282145.3	4300	4.451061	0.841	2123065	4234	4613.15012367	-2.8663
1594282153.75	4300	4.291657	4.289	2177073	8309	2830.33271281	-14.142700000000001
1594282156.04	2850	6.006764	0.0	1520281	2041	3010.76389878	1.4000000000000001
1594282158.07	2850	7.972422	0.0	1472558	1883	3167.30528929	2.85
1594282160.8	4300	9.247046	0.0	1941625	2588	3126.7596956	2.8499999999999996
1594282163.45	4300	10.592819	0.0	2157535	2509	3207.23568481	4.3
1594282166.47	4300	11.569465	0.0	2290172	2882	6288.74992401	4.3
1594282169.56	4300	12.484061	0.0	2055469	2948	6162.36642363	4.3
1594282174.02	4300	12.023804	0.0	2169201	4319	5344.43368409	4.3
1594282179.99	4300	10.049558	0.0	2173522	5814	4231.36715795	4.3
1594282183.21	4300	10.836659	0.0	2102452	3078	4171.94968982	4.3
1594282187.72	4300	10.326079	0.0	2209463	4367	3955.19672533	4.3
1594282194.99	4300	7.05468	0.0	2275376	7131	3314.56426058	4.3
1594282201.36	4300	4.680661	0.0	2005399	6219	3027.01994494	4.3
1594282208.23	2850	4.329007	2.521	1471065	6715	2576.32352038	-9.440299999999999
1594282212.01	2850	4.556978	0.0	1491626	3612	2502.13094453	2.85
1594282216.74	2850	4.350063	0.524	1358801	4575	2343.6708665	0.5968000000000004
1594282219.32	1850	5.763308	0.0	987708	2293	2358.74957211	0.8500000000000001
1594282221.45	1850	7.638115	0.0	923755	1993	2382.65743435	1.85
1594282224.19	2850	8.896221	0.0	1415116	2606	3127.40824964	1.85
1594282226.53	2850	10.560703	0.0	1468126	2191	3301.44697049	2.85
1594282228.83	4300	12.25903	0.0	2221506	2162	4544.32172195	2.8499999999999996
1594282230.25	4300	14.833369	0.0	2044075	1292	5360.02314372	4.3
1594282232.12	4300	16.964837	0.0	2186790	1728	6461.48415695	4.3
1594282235.52	4300	17.571429	0.0	2105231	3258	6750.92115799	4.3
1594282238.07	4300	19.013186	0.0	2395588	2423	7377.93327028	4.3
1594282240.33	4300	20.759671	0.0	1972048	2118	7243.10315761	4.3
1594282242.07	4300	23.020345	0.0	2134614	1601	7217.93667842	4.3
1594282243.59	4300	25.500187	0.0	2164140	1383	7278.39449072	4.3
1594282244.96	4300	28.121794	0.0	2113193	1238	9303.3582591	4.3
1594282246.91	4300	30.176061	0.0	2147852	1802	9874.39362897	4.3
1594282249.39	4300	31.701453	0.0	2191074	2334	9821.45738836	4.3
1594282251.76	4300	33.327083	0.0	2286761	2234	9233.81750962	4.3
1594282256.72	4300	32.368354	0.0	2307787	4819	5858.82125792	4.3
1594282264.88	4300	28.203156	0.0	2143948	8028	3320.13629558	4.3
1594282271.24	4300	25.848194	0.0	1919781	6192	2916.07513788	4.3
1594282273.68	4300	27.409938	0.0	2147467	2302	2912.95872163	4.3
1594282275.56	4300	29.52255	0.0	2133870	1735	2885.69940714	4.3
1594282277.4	4300	31.688441	0.0	2146120	1683	2888.26264651	4.3
1594282279.69	4300	33.393066	0.0	2108491	2154	4111.34340085	4.3
1594282283.52	4300	33.567854	0.0	2184571	3687	6789.91954574	4.3
1594282292.27	4300	28.818057	0.0	2121928	8612	3100.84461837	4.3
1594282295.34	4300	29.746529	0.0	2219102	2936	3140.71912155	4.3
1594282298.35	4300	30.733667	0.0	2124950	2875	3169.34903586	4.3
1594282301.54	4300	31.545744	0.0	2246506	3046	3188.57771683	4.3
1594282303.95	4300	33.138963	0.0	1961140	2284	3191.32354354	4.3
1594282306.68	4300	34.405802	0.0	2155012	2615	6204.25651049	4.3
1594282308.86	4300	33.90347	0.0	1433658	2059	6129.16861533	4.3

