1594291873.28	750	4	0.185	181801	85	5614.34907184	-0.7955
1594291874.77	4300	6.584168	0.0	2123065	1217	7582.76432917	0.75
1594291876.16	4300	9.18967	0.0	2177073	1213	13653.3601859	4.3
1594291877.37	4300	11.984207	0.0	2160877	1065	14370.8807356	4.3
1594291878.82	4300	14.528188	0.0	2233056	1305	15054.7320145	4.3
1594291880.14	4300	17.21506	0.0	1941625	1164	13628.6500104	4.3
1594291881.4	4300	19.954895	0.0	2157535	1117	13714.1037996	4.3
1594291882.64	4300	22.711683	0.0	2290172	1105	15106.6560951	4.3
1594291883.81	4300	25.540013	0.0	2055469	1032	16055.0337502	4.3
1594291885.03	4300	28.319464	0.0	2169201	1053	16016.0911287	4.3
1594291886.24	4300	31.112995	0.0	2173522	1066	16323.7133271	4.3
1594291887.43	4300	33.92309	0.0	2102452	1046	16266.547476	4.3
1594291888.63	4300	36.72307	0.0	2209463	1029	16239.9216696	4.3
1594291889.89	4300	39.459067	0.0	2275376	1124	16794.5554115	4.3
1594291890.98	4300	42.369723	0.0	2005399	943	16388.2712563	4.3
1594291892.15	4300	45.200916	0.0	2152483	1023	16803.8143155	4.3
1594291893.63	4300	47.724053	0.0	2289689	1329	16028.6130899	4.3
1594291895.11	4300	50.237168	0.0	2059512	1346	13393.0949173	4.3
1594291896.37	4300	52.986113	0.0	2220726	1111	12954.5940023	4.3
1594291897.71	4300	55.63981	0.0	2156729	1206	15041.2297555	4.3
1594291898.83	4300	58.518706	0.0	2039773	975	14696.158942	4.3
1594291901.51	4300	59.998309	0.0	2176469	1026	16719.82273	4.3
1594291905.54	4300	59.998356	0.0	2221506	1377	12907.3915645	4.3
1594291909.66	4300	59.748322	0.0	2044075	986	16327.8988665	4.3
1594291913.44	4300	59.998353	0.0	2186790	1126	15537.9059762	4.3
1594291917.47	4300	59.998316	0.0	2105231	1397	12056.5140453	4.3
1594291921.47	4300	59.998262	0.0	2395588	2364	8107.52931652	4.3
1594291925.85	4300	59.748356	0.0	1972048	1711	9197.03390711	4.3
1594291929.4	4300	59.998255	0.0	2134614	2402	7114.16781885	4.3
1594291933.81	4300	59.748316	0.0	2164140	2773	6243.49253767	4.3
1594291937.46	4300	59.99835	0.0	2113193	2429	6889.12500077	4.3
1594291942.25	4300	59.099794	0.0	2147852	4657	4804.67741571	4.3
1594291945.51	4300	59.998281	0.0	2191074	1122	14075.5551248	4.3
1594291949.78	4300	59.748351	0.0	2286761	1626	11251.2269425	4.3
1594291953.56	4300	59.99833	0.0	2307787	1136	15866.372967	4.3
1594291957.8	4300	59.748346	0.0	2143948	1108	15480.0450333	4.3
1594291961.85	4300	59.748324	0.0	1919781	1407	10916.5732447	4.3
1594291965.59	4300	59.761793	0.0	2147467	3603	7442.14291522	4.3
1594291969.8	4300	59.748335	0.0	2133870	2076	8144.05169595	4.3
1594291973.6	4300	59.99835	0.0	2146120	1664	10216.2826904	4.3
1594291977.8	4300	59.748364	0.0	2108491	1560	10797.7807642	4.3
1594291981.57	4300	59.998282	0.0	2184571	1636	10682.545279	4.3
1594291985.75	4300	59.748333	0.0	2121928	1039	15991.1665829	4.3
1594291989.4	4300	59.998268	0.0	2219102	1015	17360.268601	4.3
1594291993.54	4300	59.998427	0.0	2124950	1005	16915.455087	4.3
1594291997.69	4300	59.748339	0.0	2246506	1019	17591.0762043	4.3
1594292001.7	4300	59.74833	0.0	1961140	876	17882.1888217	4.3
1594292005.81	4300	59.748361	0.0	2155012	991	17397.090288	4.3
1594292007.5	4300	59.678331	0.0	1433658	566	18603.203106	4.3

