1594287601.84	750	4	1.014	1034108	911	4775.21705295	-4.3602
1594287604.69	4300	5.157726	0.0	2123065	2586	4834.3117179	0.75
1594287609.09	4300	4.747046	0.0	2177073	4267	4427.79379334	4.3
1594287616.82	2850	4.44312	3.428	1520281	7481	1494.20540535	-13.340399999999999
1594287617.19	300	8.081635	0.0	163442	135	1789.76450899	-2.25
1594287617.52	300	11.746019	0.0	126289	203	2380.10629075	0.3
1594287617.9	300	15.365551	0.0	153295	235	2610.17830808	0.3
1594287618.23	300	19.033324	0.0	173849	199	2836.94774822	0.3
1594287619.43	1850	21.837383	0.0	852833	1062	3860.10648373	0.30000000000000004
1594287622.4	4300	22.869328	0.0	2169201	2831	6233.35879998	1.8499999999999996
1594287625.58	4300	23.686373	0.0	2173522	3048	5914.97248469	4.3
1594287628.33	4300	24.940766	0.0	2102452	2592	5862.69628945	4.3
1594287631.22	4300	26.047341	0.0	2209463	2741	6470.0875553	4.3
1594287634.63	4300	26.635829	0.0	2275376	3269	5981.98032143	4.3
1594287639.51	4300	25.752996	0.0	2005399	4703	4138.97453	4.3
1594287644.71	4300	24.555095	0.0	2152483	5061	3405.19732504	4.3
1594287648.3	4300	24.967302	0.0	2289689	3450	3895.18535734	4.3
1594287652.6	4300	24.666211	0.0	2059512	4153	4481.40762892	4.3
1594287660.23	4300	21.033455	0.0	2220726	7482	2657.21696661	4.3
1594287669.18	4300	16.089708	0.0	2156729	8803	2014.21707378	4.3
1594287675.55	4300	13.713804	0.0	2039773	6225	2235.71642574	4.3
1594287682.29	4300	10.972786	0.0	2176469	6602	2628.34310071	4.3
1594287684.43	1850	12.831896	0.0	968026	1974	2839.4755425	-0.6000000000000001
1594287686.48	1850	14.789345	0.0	874175	1907	3831.8630959	1.85
1594287688.12	1850	17.142845	0.0	897976	1516	3808.98631206	1.85
1594287689.45	1850	19.812634	0.0	905935	1179	4723.24740392	1.85
1594287692.3	4300	20.97558	0.0	2395588	2694	6456.6251785	1.8499999999999996
1594287693.78	4300	23.48244	0.0	1972048	1354	7593.90218748	4.3
1594287695.5	4300	25.770641	0.0	2134614	1574	11120.880555	4.3
1594287698.18	4300	27.083075	0.0	2164140	2549	9043.56670475	4.3
1594287701.06	4300	28.214561	0.0	2113193	2725	6517.2907726	4.3
1594287703.79	4300	29.472733	0.0	2147852	2598	6353.00079622	4.3
1594287705.53	4300	31.738048	0.0	2191074	1591	7175.95015715	4.3
1594287707.18	4300	34.088595	0.0	2286761	1505	10784.9739753	4.3
1594287708.57	4300	36.700851	0.0	2307787	1236	12239.6232114	4.3
1594287710.49	4300	38.780653	0.0	2143948	1775	11981.2380428	4.3
1594287712.54	4300	40.73065	0.0	1919781	1912	9081.0900797	4.3
1594287714.98	4300	42.290012	0.0	2147467	2306	7791.95892023	4.3
1594287717.57	4300	43.699636	0.0	2133870	2435	7260.97183223	4.3
1594287724.57	4300	40.700129	0.0	2146120	6863	3425.14051611	4.3
1594287733.52	4300	35.742408	0.0	2108491	8820	1989.24192041	4.3
1594287736.27	2850	36.995529	0.0	1527299	2598	2474.9329926	1.4000000000000001
1594287737.7	2850	39.567093	0.0	1343002	1278	5023.09434694	2.85
1594287739.19	2850	42.081104	0.0	1587250	1351	8045.79717184	2.85
1594287740.33	2850	44.939836	0.0	1464921	1003	9246.88183063	2.85
1594287742.51	4300	46.76139	0.0	2246506	2040	10597.0193727	2.8499999999999996
1594287745.43	4300	47.839786	0.0	1961140	2796	7287.73650588	4.3
1594287750.73	4300	46.536826	0.0	2155012	5184	4015.60151598	4.3
1594287756.9	4300	42.041057	0.0	1433658	6063	2244.98956184	4.3

