1594280096.25	750	4	0.173	181801	81	17955.654321	-0.7439
1594280097.97	4300	6.367716	0.0	2123065	1476	11726.2127831	0.75
1594280099.46	4300	8.869706	0.0	2177073	1322	12349.5760326	4.3
1594280100.8	4300	11.537386	0.0	2160877	1186	12925.5820695	4.3
1594280102.4	4300	13.932951	0.0	2233056	1463	12728.4038934	4.3
1594280103.64	4300	16.697215	0.0	1941625	1094	12905.3432756	4.3
1594280104.94	4300	19.390769	0.0	2157535	1169	13618.7952707	4.3
1594280106.41	4300	21.922179	0.0	2290172	1291	13834.4644629	4.3
1594280107.67	4300	24.662679	0.0	2055469	1112	13860.1128844	4.3
1594280108.98	4300	27.349753	0.0	2169201	1169	14546.0261173	4.3
1594280110.29	4300	30.044371	0.0	2173522	1160	14698.2917527	4.3
1594280111.55	4300	32.779289	0.0	2102452	1125	14732.7957268	4.3
1594280112.9	4300	35.428618	0.0	2209463	1211	14830.030236	4.3
1594280114.27	4300	38.063611	0.0	2275376	1226	14841.7086049	4.3
1594280115.51	4300	40.823346	0.0	2005399	1100	14791.8392215	4.3
1594280117.15	4300	43.186258	0.0	2152483	1493	13811.1051274	4.3
1594280118.6	4300	45.735837	0.0	2289689	1306	13669.1965764	4.3
1594280119.83	4300	48.5056	0.0	2059512	1087	13735.1610309	4.3
1594280121.14	4300	51.19721	0.0	2220726	1168	13783.178815	4.3
1594280122.43	4300	53.902752	0.0	2156729	1152	13853.2555354	4.3
1594280123.6	4300	56.732264	0.0	2039773	1025	14984.9056275	4.3
1594280124.88	4300	59.455037	0.0	2176469	1137	15297.3267405	4.3
1594280128.74	4300	59.749806	0.0	2221506	1215	15175.779022	4.3
1594280132.89	4300	59.49982	0.0	2044075	1011	15341.303944	4.3
1594280136.65	4300	59.749819	0.0	2186790	1125	15462.2811593	4.3
1594280140.77	4300	59.749803	0.0	2105231	1471	14166.4614281	4.3
1594280144.62	4300	59.749848	0.0	2395588	2206	11707.0607579	4.3
1594280148.98	4300	59.499824	0.0	1972048	1724	10680.9166853	4.3
1594280153.0	4300	59.499811	0.0	2134614	2393	9115.16981679	4.3
1594280156.88	4300	59.499829	0.0	2164140	2737	7865.87454717	4.3
1594280160.98	4300	59.499824	0.0	2113193	2429	7367.85323783	4.3
1594280165.54	4300	58.793594	0.0	2147852	4412	5616.67413157	4.3
1594280168.82	4300	59.749832	0.0	2191074	1147	5642.30408899	4.3
1594280173.05	4300	59.499811	0.0	2286761	1589	5787.68133041	4.3
1594280176.88	4300	59.499824	0.0	2307787	1186	6076.93740294	4.3
1594280180.63	4300	59.749824	0.0	2143948	1112	6321.70529554	4.3
1594280184.64	4300	59.749789	0.0	1919781	1363	13263.0266192	4.3
1594280188.43	4300	59.906592	0.0	2147467	3641	7541.64027908	4.3
1594280192.69	4300	59.749831	0.0	2133870	2130	7218.34912083	4.3
1594280196.97	4300	59.499811	0.0	2146120	1636	7127.94652047	4.3
1594280200.66	4300	59.749766	0.0	2108491	1558	7082.78676243	4.3
1594280204.91	4300	59.499825	0.0	2184571	1613	7117.99493841	4.3
1594280208.68	4300	59.749836	0.0	2121928	1137	10212.626422	4.3
1594280212.9	4300	59.499822	0.0	2219102	1074	11899.0073754	4.3
1594280217.08	4300	59.499827	0.0	2124950	1041	12906.5841497	4.3
1594280220.85	4300	59.499816	0.0	2246506	1126	14119.8603095	4.3
1594280224.94	4300	59.499848	0.0	1961140	953	15994.0257402	4.3
1594280228.64	4300	59.749828	0.0	2155012	1084	16224.2775318	4.3
1594280230.39	4300	59.679835	0.0	1433658	633	16381.251369	4.3

