1594293001.78	750	4	0.32	181801	221	2976.61472473	-1.376
1594293004.26	4300	5.514154	0.0	2123065	2238	4377.3730468	0.75
1594293006.24	4300	7.537539	0.0	2177073	1829	7854.73131006	4.3
1594293007.94	4300	9.829925	0.0	2160877	1568	9616.05192143	4.3
1594293009.51	4300	12.265057	0.0	2233056	1418	11065.1579989	4.3
1594293010.8	4300	14.972822	0.0	1941625	1154	12399.4770457	4.3
1594293012.15	4300	17.621416	0.0	2157535	1214	13275.5281554	4.3
1594293013.58	4300	20.192654	0.0	2290172	1286	14050.6019129	4.3
1594293014.86	4300	22.909456	0.0	2055469	1143	14213.3002281	4.3
1594293016.17	4300	25.600615	0.0	2169201	1169	14387.4440072	4.3
1594293017.53	4300	28.243223	0.0	2173522	1219	14686.9690071	4.3
1594293018.85	4300	30.922184	0.0	2102452	1185	14255.8447915	4.3
1594293020.22	4300	33.558116	0.0	2209463	1222	14255.2219604	4.3
1594293021.94	4300	35.83628	0.0	2275376	1572	13584.7391551	4.3
1594293023.3	4300	38.469621	0.0	2005399	1212	11993.7134346	4.3
1594293024.63	4300	41.146505	0.0	2152483	1186	13095.0186883	4.3
1594293026.07	4300	43.706119	0.0	2289689	1291	14182.1357369	4.3
1594293027.32	4300	46.456837	0.0	2059512	1114	14242.5818707	4.3
1594293028.68	4300	49.097616	0.0	2220726	1218	14629.1358723	4.3
1594293030.1	4300	51.670657	0.0	2156729	1288	14281.2377969	4.3
1594293031.36	4300	54.418229	0.0	2039773	1112	13704.8348319	4.3
1594293032.61	4300	57.161132	0.0	2176469	1122	14517.8402616	4.3
1594293033.95	4300	59.820409	0.0	2221506	1196	15198.6991022	4.3
1594293038.17	4300	59.692594	0.0	2044075	1082	15104.7812189	4.3
1594293041.97	4300	59.94263	0.0	2186790	1154	15156.0868638	4.3
1594293046.09	4300	59.692638	0.0	2105231	1474	11426.4812714	4.3
1594293050.32	4300	59.692613	0.0	2395588	2085	9191.79483766	4.3
1594293053.85	4300	59.942617	0.0	1972048	1892	8339.25182854	4.3
1594293057.91	4300	59.942621	0.0	2134614	2403	7106.66772324	4.3
1594293062.27	4300	59.69264	0.0	2164140	2716	6374.52381481	4.3
1594293066.11	4300	59.692639	0.0	2113193	2053	8126.5410652	4.3
1594293070.54	4300	59.235526	0.0	2147852	4278	5586.33096705	4.3
1594293074.29	4300	59.692643	0.0	2191074	1110	14827.4161413	4.3
1594293077.93	4300	59.942606	0.0	2286761	1503	12174.1785482	4.3
1594293082.27	4300	59.692641	0.0	2307787	1196	15306.8940763	4.3
1594293085.99	4300	59.942614	0.0	2143948	1083	15799.2522666	4.3
1594293090.14	4300	59.692553	0.0	1919781	1502	10225.8752666	4.3
1594293093.92	4300	59.855155	0.0	2147467	3645	7087.63958071	4.3
1594293098.12	4300	59.692631	0.0	2133870	2066	8180.17644918	4.3
1594293101.93	4300	59.942621	0.0	2146120	1651	10293.0292942	4.3
1594293106.16	4300	59.69264	0.0	2108491	1590	10602.6674183	4.3
1594293109.88	4300	59.942631	0.0	2184571	1579	11042.1237908	4.3
1594293114.12	4300	59.69263	0.0	2121928	1109	15091.1615835	4.3
1594293117.86	4300	59.942617	0.0	2219102	1103	16023.6687284	4.3
1594293122.03	4300	59.94263	0.0	2124950	1026	16537.2568396	4.3
1594293126.25	4300	59.692643	0.0	2246506	1073	16738.6236124	4.3
1594293129.83	4300	59.942612	0.0	1961140	956	16412.2971811	4.3
1594293134.02	4300	59.942612	0.0	2155012	1055	16341.3597959	4.3
1594293135.78	4300	59.87259	0.0	1433658	657	16894.8573765	4.3

