1594291647.89	750	4	0.349	450283	244	6774.41709426	-1.5007000000000001
1594291649.43	4300	6.457783	0.0	2123065	1293	7938.61210822	0.75
1594291650.95	4300	8.938593	0.0	2177073	1369	12821.1740895	4.3
1594291652.36	4300	11.529891	0.0	2160877	1262	12840.4836024	4.3
1594291653.96	4300	13.933759	0.0	2233056	1452	13295.698331	4.3
1594291655.21	4300	16.678322	0.0	1941625	1105	12809.3551411	4.3
1594291656.6	4300	19.292444	0.0	2157535	1241	13719.2489184	4.3
1594291657.99	4300	21.903408	0.0	2290172	1248	13949.8457014	4.3
1594291659.47	4300	24.424061	0.0	2055469	1333	14053.4511265	4.3
1594291660.83	4300	27.055042	0.0	2169201	1213	12834.907873	4.3
1594291662.14	4300	29.757264	0.0	2173522	1158	14045.6484961	4.3
1594291663.37	4300	32.523091	0.0	2102452	1090	14788.3263345	4.3
1594291664.68	4300	35.212844	0.0	2209463	1174	15224.5608823	4.3
1594291666.06	4300	37.8273	0.0	2275376	1243	14957.8731077	4.3
1594291667.28	4300	40.607869	0.0	2005399	1085	14683.6604644	4.3
1594291669.05	4300	42.842077	0.0	2152483	1621	13484.9924914	4.3
1594291670.38	4300	45.513407	0.0	2289689	1184	11620.9594279	4.3
1594291671.65	4300	48.23644	0.0	2059512	1130	14467.9233531	4.3
1594291672.94	4300	50.949212	0.0	2220726	1131	14657.2434709	4.3
1594291674.16	4300	53.728183	0.0	2156729	1063	15458.4054794	4.3
1594291675.33	4300	56.559448	0.0	2039773	1018	15979.9260097	4.3
1594291676.77	4300	59.123495	0.0	2176469	1298	15355.8730389	4.3
1594291680.07	4300	59.945929	0.0	2221506	1161	15143.7131392	4.3
1594291684.27	4300	59.695944	0.0	2044075	1030	15837.465288	4.3
1594291688.05	4300	59.945889	0.0	2186790	1150	15213.1156104	4.3
1594291692.16	4300	59.945947	0.0	2105231	1471	11449.7976485	4.3
1594291696.01	4300	59.945912	0.0	2395588	2204	8696.21618607	4.3
1594291700.38	4300	59.695943	0.0	1972048	1726	9131.38708383	4.3
1594291704.4	4300	59.695946	0.0	2134614	2390	7145.44178296	4.3
1594291708.29	4300	59.695916	0.0	2164140	2750	6296.46300224	4.3
1594291712.38	4300	59.695918	0.0	2113193	2428	6939.71516234	4.3
1594291716.93	4300	58.956992	0.0	2147852	4415	4999.15191051	4.3
1594291720.22	4300	59.695936	0.0	2191074	1142	14052.1973734	4.3
1594291723.94	4300	59.945917	0.0	2286761	1589	11514.6764091	4.3
1594291728.3	4300	59.695902	0.0	2307787	1222	14974.5286227	4.3
1594291732.06	4300	59.945945	0.0	2143948	1116	15344.9816699	4.3
1594291736.06	4300	59.9459	0.0	1919781	1367	11236.1240739	4.3
1594291740.34	4300	59.695909	0.0	2147467	3642	4758.93782189	4.3
1594291744.05	4300	59.945942	0.0	2133870	2061	8078.11984504	4.3
1594291748.34	4300	59.69591	0.0	2146120	1651	10347.6042975	4.3
1594291752.03	4300	59.945945	0.0	2108491	1548	10866.5706756	4.3
1594291756.3	4300	59.695947	0.0	2184571	1619	10794.6744011	4.3
1594291760.04	4300	59.945906	0.0	2121928	1107	14959.6633202	4.3
1594291764.26	4300	59.695947	0.0	2219102	1080	16370.6213433	4.3
1594291768.44	4300	59.695909	0.0	2124950	1044	16283.2292151	4.3
1594291772.17	4300	59.945947	0.0	2246506	1102	16306.6759918	4.3
1594291776.22	4300	59.695947	0.0	1961140	920	16995.2231481	4.3
1594291780.39	4300	59.695903	0.0	2155012	1048	16450.8046016	4.3
1594291782.12	4300	59.625912	0.0	1433658	623	17337.0063307	4.3

