1594289631.24	750	4	0.294	181801	189	3121.40140306	-1.2642
1594289633.69	4300	5.556363	0.0	2123065	2172	4276.0405378	0.75
1594289637.69	4300	5.55438	0.0	2177073	3852	5875.91255453	4.3
1594289646.73	4300	4.432279	3.921	2160877	8877	2278.42476005	-12.560299999999998
1594289647.07	300	8.093144	0.0	163442	202	2142.56333637	-3.7
1594289647.81	750	11.347406	0.0	318564	517	2228.15745309	0.3
1594289648.73	1200	14.43246	0.0	561791	669	2465.12766925	0.75
1594289650.47	1850	16.690175	0.0	1060487	1513	2792.18138897	1.2000000000000002
1594289651.72	1850	19.44279	0.0	852833	1114	5189.90388545	1.85
1594289654.72	4300	20.44487	0.0	2169201	2855	6074.02978365	1.8499999999999996
1594289657.4	4300	21.764852	0.0	2173522	2541	6229.433121	4.3
1594289660.19	4300	22.972876	0.0	2102452	2655	6610.13271044	4.3
1594289663.42	4300	23.74278	0.0	2209463	3088	6023.3851233	4.3
1594289668.08	4300	23.082974	0.0	2275376	4519	4625.06734337	4.3
1594289673.74	4300	21.422895	0.0	2005399	5525	3217.44084393	4.3
1594289677.0	4300	22.161893	0.0	2152483	3124	3522.28188693	4.3
1594289681.62	4300	21.542789	0.0	2289689	4464	4605.6084086	4.3
1594289687.37	4300	19.792277	0.0	2059512	5599	3261.03016482	4.3
1594289693.57	4300	17.598807	0.0	2220726	6057	2935.46766604	4.3
1594289701.65	2850	13.516191	0.0	1336050	6414	713.26307611	1.4000000000000001
1594289705.38	2850	13.777367	0.0	1415116	3604	2061.9731196	2.85
1594289708.17	1850	14.989551	0.0	955231	2627	3035.53953466	0.8500000000000001
1594289711.69	1850	15.468203	0.0	968026	3382	2573.24583649	1.85
1594289713.61	1850	17.55616	0.0	874175	1773	2728.79883716	1.85
1594289715.76	1850	19.404632	0.0	897976	2013	3804.57749052	1.85
1594289717.45	1850	21.708914	0.0	905935	1564	3716.08592118	1.85
1594289721.16	4300	22.002208	0.0	2395588	3562	4827.65565818	1.8499999999999996
1594289723.01	4300	24.151588	0.0	1972048	1682	6389.86390521	4.3
1594289724.53	4300	26.635675	0.0	2134614	1366	9429.56352945	4.3
1594289726.54	4300	28.627977	0.0	2164140	1869	11363.1765253	4.3
1594289730.03	4300	29.130553	0.0	2113193	3345	6997.38604336	4.3
1594289732.78	4300	30.385612	0.0	2147852	2607	5365.75117672	4.3
1594289734.63	4300	32.528301	0.0	2191074	1715	7077.7753903	4.3
1594289736.47	4300	34.695964	0.0	2286761	1690	10115.9131286	4.3
1594289737.88	4300	37.28137	0.0	2307787	1273	11127.2713009	4.3
1594289739.29	4300	39.871202	0.0	2143948	1270	13753.4218055	4.3
1594289741.19	4300	41.972814	0.0	1919781	1738	11963.0056177	4.3
1594289743.74	4300	43.424018	0.0	2147467	2413	8102.95539128	4.3
1594289745.87	4300	45.28772	0.0	2133870	1999	7360.69964298	4.3
1594289750.79	4300	44.374244	0.0	2146120	4770	5240.41827777	4.3
1594289758.98	4300	40.182621	0.0	2108491	8053	2328.71291668	4.3
1594289765.65	4300	37.51586	0.0	2184571	6506	2349.53945132	4.3
1594289767.06	2850	40.097791	0.0	1343002	1281	3285.01331901	1.4000000000000001
1594289768.73	2850	42.429198	0.0	1587250	1525	7702.16724676	2.85
1594289769.83	2850	45.332281	0.0	1464921	935	8519.37256323	2.85
1594289771.83	4300	47.332393	0.0	2246506	1863	11427.78393	2.8499999999999996
1594289774.33	4300	48.834206	0.0	1961140	2367	8375.27154461	4.3
1594289778.47	4300	48.696245	0.0	2155012	4010	5221.40555509	4.3
1594289783.95	4300	44.889178	0.0	1433658	5373	2760.13770015	4.3

