1594293452.5	750	4	0.17	181801	62	8577.50696555	-0.731
1594293454.02	4300	6.473432	0.0	2123065	1266	7703.33702331	0.75
1594293455.5	4300	8.982741	0.0	2177073	1308	13152.6604243	4.3
1594293456.82	4300	11.666246	0.0	2160877	1177	13422.2463256	4.3
1594293458.37	4300	14.121024	0.0	2233056	1411	14110.8172788	4.3
1594293459.58	4300	16.905281	0.0	1941625	1078	13068.8912097	4.3
1594293460.83	4300	19.659456	0.0	2157535	1109	14173.4556206	4.3
1594293462.13	4300	22.361198	0.0	2290172	1153	15234.1472718	4.3
1594293463.31	4300	25.181755	0.0	2055469	1016	15733.8556737	4.3
1594293464.55	4300	27.936017	0.0	2169201	1087	16022.3055386	4.3
1594293465.83	4300	30.661491	0.0	2173522	1124	15856.231284	4.3
1594293467.03	4300	33.454653	0.0	2102452	1073	15528.3716944	4.3
1594293468.29	4300	36.198296	0.0	2209463	1107	15711.1991559	4.3
1594293469.58	4300	38.912484	0.0	2275376	1149	15882.0821983	4.3
1594293470.75	4300	41.738591	0.0	2005399	1035	15772.6840841	4.3
1594293471.98	4300	44.513828	0.0	2152483	1086	15591.5774267	4.3
1594293473.84	4300	46.6478	0.0	2289689	1725	14133.1188601	4.3
1594293475.04	4300	49.452385	0.0	2059512	1060	11711.6438339	4.3
1594293476.39	4300	52.102738	0.0	2220726	1198	14431.6331871	4.3
1594293477.6	4300	54.884402	0.0	2156729	1079	14839.1699562	4.3
1594293478.76	4300	57.723255	0.0	2039773	1006	15632.4364009	4.3
1594293480.52	4300	59.993364	0.0	2176469	1112	15776.1374278	4.3
1594293484.53	4300	59.993357	0.0	2221506	1370	12973.0143513	4.3
1594293488.67	4300	59.99337	0.0	2044075	999	16139.1537021	4.3
1594293492.5	4300	59.993361	0.0	2186790	1198	14604.2609823	4.3
1594293496.99	4300	59.743377	0.0	2105231	1352	12457.085973	4.3
1594293500.8	4300	59.743383	0.0	2395588	2172	8824.7121013	4.3
1594293504.67	4300	59.993365	0.0	1972048	1735	9081.80501899	4.3
1594293508.6	4300	59.993365	0.0	2134614	2291	7454.2557205	4.3
1594293512.51	4300	59.993374	0.0	2164140	2767	6258.05696488	4.3
1594293516.86	4300	59.74337	0.0	2113193	2714	6229.01523072	4.3
1594293521.54	4300	58.944619	0.0	2147852	4536	4643.94421279	4.3
1594293524.79	4300	59.743386	0.0	2191074	1111	14336.7408531	4.3
1594293528.53	4300	59.993299	0.0	2286761	1589	11514.8683735	4.3
1594293532.87	4300	59.743381	0.0	2307787	1198	15256.3177131	4.3
1594293536.58	4300	59.993218	0.0	2143948	1080	15835.9207174	4.3
1594293540.63	4300	59.993346	0.0	1919781	1384	11098.1723148	4.3
1594293544.92	4300	59.743388	0.0	2147467	3631	4772.87861689	4.3
1594293548.56	4300	59.99336	0.0	2133870	2002	8290.46939649	4.3
1594293552.81	4300	59.743386	0.0	2146120	1611	10600.5165613	4.3
1594293556.55	4300	59.993338	0.0	2108491	1598	10555.6932053	4.3
1594293560.81	4300	59.74338	0.0	2184571	1609	10853.6087799	4.3
1594293564.52	4300	59.993312	0.0	2121928	1071	15403.1009712	4.3
1594293568.72	4300	59.993364	0.0	2219102	1065	16614.0172477	4.3
1594293572.89	4300	59.743376	0.0	2124950	1022	16633.6830782	4.3
1594293576.6	4300	59.993323	0.0	2246506	1080	16640.1875552	4.3
1594293580.65	4300	59.993358	0.0	1961140	920	17018.5085774	4.3
1594293584.8	4300	59.743358	0.0	2155012	1035	16657.3366148	4.3
1594293586.52	4300	59.673361	0.0	1433658	607	17647.2533311	4.3

