1594474051.73	750	4	0.326	450283	226	15939.2212389	-1.4018
1594474053.31	4300	6.415815	0.0	2123065	1317	13267.341545	0.75
1594474054.66	4300	9.07035	0.0	2177073	1199	13789.7951728	4.3
1594474055.95	4300	11.771738	0.0	2160877	1153	14125.3766298	4.3
1594474057.54	4300	14.191366	0.0	2233056	1442	13609.8787458	4.3
1594474058.74	4300	16.986346	0.0	1941625	1054	13715.773178	4.3
1594474060.07	4300	19.655305	0.0	2157535	1193	14054.7601029	4.3
1594474061.41	4300	22.31861	0.0	2290172	1203	14181.2556919	4.3
1594474062.65	4300	25.076802	0.0	2055469	1099	14169.3111701	4.3
1594474063.96	4300	27.765798	0.0	2169201	1170	14842.9350262	4.3
1594474065.23	4300	30.494183	0.0	2173522	1129	14968.2319372	4.3
1594474066.47	4300	33.25906	0.0	2102452	1097	15147.1504608	4.3
1594474067.76	4300	35.967836	0.0	2209463	1154	15163.9696401	4.3
1594474069.08	4300	38.645452	0.0	2275376	1182	15251.5885912	4.3
1594474070.26	4300	41.467275	0.0	2005399	1041	15371.9661227	4.3
1594474071.54	4300	44.188941	0.0	2152483	1139	15313.961718	4.3
1594474073.35	4300	46.379361	0.0	2289689	1650	13899.6405788	4.3
1594474074.52	4300	49.203358	0.0	2059512	1038	13950.9778568	4.3
1594474075.9	4300	51.821861	0.0	2220726	1244	13765.2530537	4.3
1594474077.13	4300	54.597352	0.0	2156729	1085	13843.0841191	4.3
1594474078.3	4300	57.427176	0.0	2039773	1025	13929.886775	4.3
1594474080.03	4300	59.927069	0.0	2176469	1084	15530.2682693	4.3
1594474083.94	4300	59.927155	0.0	2221506	1248	15168.9269626	4.3
1594474088.08	4300	59.677113	0.0	2044075	1001	15595.4341253	4.3
1594474091.81	4300	59.927167	0.0	2186790	1093	15615.7585977	4.3
1594474095.86	4300	59.927171	0.0	2105231	1414	14476.8486195	4.3
1594474099.82	4300	59.927089	0.0	2395588	2318	11478.5123433	4.3
1594474104.17	4300	59.677127	0.0	1972048	1714	10547.5361009	4.3
1594474108.22	4300	59.677131	0.0	2134614	2410	9005.75101392	4.3
1594474112.09	4300	59.677135	0.0	2164140	2728	7809.58868047	4.3
1594474116.25	4300	59.67713	0.0	2113193	2430	7314.78675498	4.3
1594474120.8	4300	58.92415	0.0	2147852	4404	5622.33534167	4.3
1594474124.04	4300	59.927167	0.0	2191074	1095	5641.05915767	4.3
1594474128.26	4300	59.677133	0.0	2286761	1578	5791.96570524	4.3
1594474132.09	4300	59.677121	0.0	2307787	1197	6081.23175195	4.3
1594474135.81	4300	59.927167	0.0	2143948	1084	6325.57160822	4.3
1594474139.85	4300	59.927122	0.0	1919781	1371	13371.4747202	4.3
1594474144.12	4300	59.677137	0.0	2147467	3632	7558.42938707	4.3
1594474148.27	4300	59.677114	0.0	2133870	2010	7300.76808436	4.3
1594474152.1	4300	59.677122	0.0	2146120	1692	7186.40187655	4.3
1594474155.83	4300	59.927156	0.0	2108491	1546	7141.85306039	4.3
1594474160.11	4300	59.677107	0.0	2184571	1638	7172.28767334	4.3
1594474163.85	4300	59.927166	0.0	2121928	1079	10381.7223803	4.3
1594474168.03	4300	59.927154	0.0	2219102	1035	11829.6171086	4.3
1594474172.18	4300	59.677092	0.0	2124950	1009	13030.1351188	4.3
1594474175.87	4300	59.927167	0.0	2246506	1046	14401.7569289	4.3
1594474179.9	4300	59.927037	0.0	1961140	907	16800.8988098	4.3
1594474184.04	4300	59.92716	0.0	2155012	1016	17084.8364721	4.3
1594474185.77	4300	59.857111	0.0	1433658	615	17263.3982602	4.3

