1594285968.2	750	4	0.313	181801	211	6892.92890995	-1.3458999999999999
1594285971.28	4300	4.922934	0.0	2123065	2827	6062.02072813	0.75
1594285974.39	4300	5.812906	0.0	2177073	2973	5959.49646965	4.3
1594285976.98	4300	7.225522	0.0	2160877	2441	6245.37333758	4.3
1594285979.94	4300	8.261883	0.0	2233056	2811	6272.42501871	4.3
1594285982.25	4300	9.949202	0.0	1941625	2177	6390.38988126	4.3
1594285984.62	4300	11.583133	0.0	2157535	2226	6693.24781519	4.3
1594285998.56	4300	4.497877	2.854	2290172	13780	1995.5725059	-7.9722
1594286002.09	4300	4.963882	0.0	2055469	3395	2015.66081145	4.3
1594286008.03	2850	4.352004	1.333	1429765	5705	1881.20660928	-4.331899999999999
1594286009.55	2850	6.84081	0.0	1354548	1377	1842.57888718	2.85
1594286011.63	2850	8.760932	0.0	1519951	1944	1819.95562583	2.85
1594286014.53	2850	9.851739	0.0	1422919	2769	3227.96226705	2.85
1594286018.21	4300	10.178005	0.0	2275376	3536	3267.68586906	2.8499999999999996
1594286020.44	4300	11.946114	0.0	2005399	2083	5531.82152054	4.3
1594286022.66	4300	13.722468	0.0	2152483	2062	5662.98166164	4.3
1594286024.89	4300	15.497456	0.0	2289689	2088	5925.84864508	4.3
1594286026.78	4300	17.610066	0.0	2059512	1751	7074.6731965	4.3
1594286028.8	4300	19.581583	0.0	2220726	1889	8642.96520814	4.3
1594286030.72	4300	21.670819	0.0	2156729	1762	9081.52951173	4.3
1594286032.6	4300	23.782711	0.0	2039773	1750	9309.22151701	4.3
1594286034.82	4300	25.570181	0.0	2176469	2077	9207.69156357	4.3
1594286037.02	4300	27.370437	0.0	2221506	2063	9037.58992067	4.3
1594286039.17	4300	29.219654	0.0	2044075	2009	8769.45849899	4.3
1594286041.22	4300	31.167182	0.0	2186790	1903	8684.09760516	4.3
1594286042.95	4300	33.43526	0.0	2105231	1590	8836.43530689	4.3
1594286045.04	4300	35.349741	0.0	2395588	1946	9136.3824386	4.3
1594286046.64	4300	37.742094	0.0	1972048	1468	9504.05900763	4.3
1594286048.37	4300	40.018895	0.0	2134614	1582	10131.6961099	4.3
1594286049.99	4300	42.391786	0.0	2164140	1473	10657.4645378	4.3
1594286051.62	4300	44.768607	0.0	2113193	1480	10805.5226617	4.3
1594286053.15	4300	47.240045	0.0	2147852	1388	11367.8962966	4.3
1594286054.51	4300	49.879364	0.0	2191074	1213	11942.9511497	4.3
1594286055.87	4300	52.519272	0.0	2286761	1220	12725.6465537	4.3
1594286057.92	4300	54.465777	0.0	2307787	1918	11907.7448954	4.3
1594286059.93	4300	56.455598	0.0	2143948	1871	11178.398787	4.3
1594286061.66	4300	58.725785	0.0	1919781	1577	10675.0098073	4.3
1594286064.85	4300	59.68521	0.0	2147467	1536	10360.0388794	4.3
1594286068.74	4300	59.685184	0.0	2133870	2252	9156.76555516	4.3
1594286072.53	4300	59.935194	0.0	2146120	2148	8776.84307843	4.3
1594286076.64	4300	59.935181	0.0	2108491	1977	8652.51743274	4.3
1594286080.79	4300	59.685215	0.0	2184571	2009	8510.85628277	4.3
1594286084.86	4300	59.68522	0.0	2121928	2427	7861.33262242	4.3
1594286088.66	4300	59.935198	0.0	2219102	2144	8004.85867792	4.3
1594286092.94	4300	59.685205	0.0	2124950	2141	7994.17735111	4.3
1594286096.54	4300	59.935225	0.0	2246506	1961	8089.46612296	4.3
1594286100.7	4300	59.935211	0.0	1961140	2033	7912.92148359	4.3
1594286104.55	4300	59.935198	0.0	2155012	2710	7674.0175052	4.3
1594286106.52	4300	59.61521	0.0	1433658	1358	7649.36210318	4.3

