1594287826.73	750	4	0.244	181801	142	3560.27224255	-1.0492000000000001
1594287829.22	4300	5.511998	0.0	2123065	2199	4276.34242579	0.75
1594287833.26	4300	5.473186	0.0	2177073	3893	5795.83740487	4.3
1594287842.22	4300	4.49838	3.99	2160877	8824	2001.71250718	-12.857
1594287842.55	300	8.173231	0.0	163442	179	2095.50369437	-3.7
1594287843.31	750	11.404276	0.0	318564	539	2201.95061562	0.3
1594287843.86	750	14.857034	0.0	352642	416	2959.57006396	0.75
1594287845.61	1850	17.111065	0.0	1060487	1510	3095.45973771	0.75
1594287846.88	1850	19.836133	0.0	852833	1137	5236.98867082	1.85
1594287849.96	4300	20.762164	0.0	2169201	2933	5953.81624677	1.8499999999999996
1594287852.65	4300	22.068163	0.0	2173522	2552	6094.623251	4.3
1594287855.47	4300	23.243058	0.0	2102452	2678	6567.68463392	4.3
1594287858.58	4300	24.142419	0.0	2209463	2967	6120.28510293	4.3
1594287863.36	4300	23.359974	0.0	2275376	4634	4623.73174489	4.3
1594287869.08	4300	21.634184	0.0	2005399	5563	3172.70321898	4.3
1594287872.34	4300	22.374196	0.0	2152483	3120	3508.12930056	4.3
1594287876.87	4300	21.844014	0.0	2289689	4390	4660.91623884	4.3
1594287882.15	4300	20.564065	0.0	2059512	5139	3500.88573175	4.3
1594287888.66	4300	18.057284	0.0	2220726	6312	2905.67183025	4.3
1594287899.1	4300	11.620822	0.0	2156729	10294	1781.64149004	4.3
1594287901.26	1850	13.456676	0.0	891604	2026	1973.06912415	-0.6000000000000001
1594287904.72	1850	13.995936	0.0	955231	3322	2563.26652371	1.85
1594287907.52	1850	15.195733	0.0	968026	2664	2524.85019277	1.85
1594287909.49	1850	17.228484	0.0	874175	1824	3038.44879976	1.85
1594287911.66	1850	19.062113	0.0	897976	2029	3724.21063515	1.85
1594287914.29	2850	20.423104	0.0	1480464	2413	3371.00623887	1.85
1594287917.37	4300	21.351987	0.0	2395588	2920	5276.47710468	2.8499999999999996
1594287919.05	4300	23.669496	0.0	1972048	1541	7007.26033295	4.3
1594287920.73	4300	25.988286	0.0	2134614	1514	10073.0287302	4.3
1594287922.82	4300	27.899838	0.0	2164140	1944	10420.1192208	4.3
1594287926.23	4300	28.485286	0.0	2113193	3266	6929.91343306	4.3
1594287929.08	4300	29.635084	0.0	2147852	2706	5422.32642995	4.3
1594287930.77	4300	31.949663	0.0	2191074	1547	6959.6292296	4.3
1594287932.55	4300	34.167337	0.0	2286761	1641	10966.855019	4.3
1594287933.94	4300	36.780792	0.0	2307787	1231	11515.3326073	4.3
1594287935.73	4300	38.990314	0.0	2143948	1647	12544.5475776	4.3
1594287937.76	4300	40.962413	0.0	1919781	1887	9610.63678972	4.3
1594287940.33	4300	42.385236	0.0	2147467	2410	7707.54586795	4.3
1594287942.36	4300	44.366107	0.0	2133870	1869	7439.33531346	4.3
1594287949.47	4300	41.24589	0.0	2146120	6971	3795.47082893	4.3
1594287957.88	4300	36.834727	0.0	2108491	8272	2101.83138216	4.3
1594287962.15	4300	36.564524	0.0	2184571	4115	2701.31127428	4.3
1594287963.59	2850	39.123374	0.0	1343002	1298	4666.35743213	1.4000000000000001
1594287964.95	2850	41.769377	0.0	1587250	1219	7818.86710309	2.85
1594287966.17	2850	44.55244	0.0	1464921	1080	9789.44377866	2.85
1594287968.42	4300	46.29278	0.0	2246506	2120	9368.04773191	2.8499999999999996
1594287971.4	4300	47.317107	0.0	1961140	2845	7050.01880394	4.3
1594287977.53	4300	45.185302	0.0	2155012	5995	3536.22921442	4.3
1594287982.71	4300	41.682764	0.0	1433658	5067	2453.39793386	4.3

