1594283265.67	750	3.999446	0.322	181801	215	6764.68837209	-1.3845999999999998
1594283269.02	4300	4.649406	0.0	2123065	3076	5588.71706552	0.75
1594283273.69	4300	4.497304	0.522	2177073	4533	4423.67496893	2.0554
1594283282.0	4300	4.270018	4.084	2160877	8179	2838.22019301	-13.261199999999999
1594283285.19	4300	5.095831	0.0	2233056	3039	3093.55876621	4.3
1594283287.79	4300	6.493867	0.0	1941625	2434	3268.41284372	4.3
1594283290.58	4300	7.694255	0.0	2157535	2660	3278.62650533	4.3
1594283293.57	4300	8.706228	0.0	2290172	2846	3408.81423872	4.3
1594283296.5	4300	9.776869	0.0	2055469	2784	6194.66038183	4.3
1594283300.54	4300	9.740277	0.0	2169201	3902	5664.27545875	4.3
1594283306.72	4300	7.552346	0.0	2173522	6040	4241.17042487	4.3
1594283310.08	4300	8.192781	0.0	2102452	3222	4170.79919399	4.3
1594283314.28	4300	7.997456	0.0	2209463	4052	4005.6999236	4.3
1594283319.36	4300	6.918494	0.0	2275376	4939	3779.66243765	4.3
1594283325.52	4300	4.760812	0.0	2005399	6024	3350.31213293	4.3
1594283335.94	4300	4.358982	6.022	2152483	10286	2525.88214034	-21.594599999999996
1594283339.82	2850	4.478898	0.0	1491626	3645	2455.45135868	1.4000000000000001
1594283344.48	2850	4.381775	0.561	1358801	4525	2308.60560888	0.4377000000000004
1594283347.07	1850	5.786163	0.0	987708	2374	2216.34421881	0.8500000000000001
1594283349.18	1850	7.676631	0.0	923755	1975	2196.53927214	1.85
1594283351.95	2850	8.911281	0.0	1415116	2618	3125.22566377	1.85
1594283354.34	2850	10.520107	0.0	1468126	2254	3302.20434124	2.85
1594283356.68	4300	12.17696	0.0	2221506	2200	4476.36543334	2.8499999999999996
1594283358.11	4300	14.74715	0.0	2044075	1293	5328.8366664	4.3
1594283359.98	4300	16.87988	0.0	2186790	1728	6374.87335942	4.3
1594283363.38	4300	17.47665	0.0	2105231	3256	6676.4044465	4.3
1594283365.97	4300	18.886347	0.0	2395588	2429	7356.02648777	4.3
1594283368.2	4300	20.658187	0.0	1972048	2089	7260.23191771	4.3
1594283369.94	4300	22.917935	0.0	2134614	1599	7234.9747578	4.3
1594283371.46	4300	25.400192	0.0	2164140	1376	7297.20380155	4.3
1594283372.86	4300	28.001075	0.0	2113193	1248	9341.82961858	4.3
1594283374.82	4300	30.043761	0.0	2147852	1816	9915.19679042	4.3
1594283377.3	4300	31.560121	0.0	2191074	2345	9784.58256517	4.3
1594283379.67	4300	33.193478	0.0	2286761	2222	9218.85226294	4.3
1594283384.7	4300	32.161237	0.0	2307787	4878	5800.61473664	4.3
1594283392.99	4300	27.874813	0.0	2143948	8142	3272.31515148	4.3
1594283399.18	4300	25.681665	0.0	1919781	6050	2910.6879287	4.3
1594283401.57	4300	27.291153	0.0	2147467	2237	2905.41510859	4.3
1594283403.43	4300	29.429544	0.0	2133870	1720	2877.74820203	4.3
1594283405.26	4300	31.59871	0.0	2146120	1685	2883.57163352	4.3
1594283407.57	4300	33.28829	0.0	2108491	2169	4210.37498238	4.3
1594283411.4	4300	33.463913	0.0	2184571	3675	6830.22309222	4.3
1594283420.13	4300	28.735067	0.0	2121928	8573	3115.77090606	4.3
1594283423.2	4300	29.65811	0.0	2219102	2941	3156.02808074	4.3
1594283426.22	4300	30.645793	0.0	2124950	2870	3183.99990563	4.3
1594283429.4	4300	31.459946	0.0	2246506	3048	3202.37762018	4.3
1594283431.81	4300	33.052486	0.0	1961140	2277	3205.38148586	4.3
1594283434.54	4300	34.320784	0.0	2155012	2614	6206.29395158	4.3
1594283436.72	4300	33.819438	0.0	1433658	2060	6133.13887284	4.3

