1594292775.79	750	4	0.289	450283	174	9900.69599612	-1.2427000000000001
1594292777.23	4300	6.557797	0.0	2123065	1151	9201.85978633	0.75
1594292778.53	4300	9.255034	0.0	2177073	1154	14398.9430481	4.3
1594292779.68	4300	12.108879	0.0	2160877	1010	15090.3834148	4.3
1594292781.1	4300	14.683209	0.0	2233056	1283	16260.7724041	4.3
1594292782.43	4300	17.36089	0.0	1941625	1179	13783.0348489	4.3
1594292783.66	4300	20.130126	0.0	2157535	1075	13745.5994598	4.3
1594292784.96	4300	22.82792	0.0	2290172	1137	15438.036244	4.3
1594292786.11	4300	25.676931	0.0	2055469	998	15953.8493759	4.3
1594292787.33	4300	28.459042	0.0	2169201	1045	16318.725874	4.3
1594292788.52	4300	31.267086	0.0	2173522	1043	16523.290863	4.3
1594292789.7	4300	34.091621	0.0	2102452	1038	16569.1848368	4.3
1594292790.91	4300	36.88263	0.0	2209463	1068	16295.675981	4.3
1594292792.18	4300	39.609397	0.0	2275376	1121	16462.3276258	4.3
1594292793.29	4300	42.501192	0.0	2005399	968	16316.0770266	4.3
1594292794.44	4300	45.346574	0.0	2152483	1002	16544.8178969	4.3
1594292795.87	4300	47.92147	0.0	2289689	1260	16502.1252731	4.3
1594292797.41	4300	50.37749	0.0	2059512	1391	13811.0461489	4.3
1594292798.67	4300	53.118017	0.0	2220726	1121	12790.3651104	4.3
1594292800.04	4300	55.7492	0.0	2156729	1206	14989.9223754	4.3
1594292801.18	4300	58.607819	0.0	2039773	1003	14668.4806505	4.3
1594292804.34	4300	59.652407	0.0	2176469	1025	16788.5075376	4.3
1594292808.1	4300	59.902433	0.0	2221506	1117	15911.8289384	4.3
1594292812.17	4300	59.652418	0.0	2044075	929	17465.3962226	4.3
1594292815.9	4300	59.902431	0.0	2186790	1093	16008.0292299	4.3
1594292819.96	4300	59.902439	0.0	2105231	1426	11811.3513829	4.3
1594292823.92	4300	59.902433	0.0	2395588	2307	8307.89003106	4.3
1594292828.27	4300	59.652435	0.0	1972048	1717	9170.00725805	4.3
1594292832.32	4300	59.652394	0.0	2134614	2403	7106.78557977	4.3
1594292836.2	4300	59.652399	0.0	2164140	2741	6317.09686601	4.3
1594292840.31	4300	59.652415	0.0	2113193	2429	6937.69202556	4.3
1594292844.84	4300	58.948182	0.0	2147852	4387	5021.12348309	4.3
1594292848.07	4300	59.902439	0.0	2191074	1097	14342.6787257	4.3
1594292852.3	4300	59.652429	0.0	2286761	1581	11571.4426408	4.3
1594292856.07	4300	59.902435	0.0	2307787	1135	15903.7529128	4.3
1594292860.29	4300	59.652408	0.0	2143948	1071	16014.6424436	4.3
1594292863.9	4300	59.902443	0.0	1919781	1471	10445.115728	4.3
1594292868.17	4300	59.652434	0.0	2147467	3635	4763.22421358	4.3
1594292872.3	4300	59.652421	0.0	2133870	1998	8443.35575106	4.3
1594292876.13	4300	59.902448	0.0	2146120	1685	10112.3948459	4.3
1594292880.34	4300	59.652403	0.0	2108491	1577	10681.5049517	4.3
1594292884.1	4300	59.90243	0.0	2184571	1624	10757.9710347	4.3
1594292888.28	4300	59.652434	0.0	2121928	1039	15995.8926484	4.3
1594292891.95	4300	59.902433	0.0	2219102	1031	17121.2963385	4.3
1594292896.11	4300	59.90244	0.0	2124950	1004	16932.0887183	4.3
1594292900.28	4300	59.652409	0.0	2246506	1031	17400.7355316	4.3
1594292904.29	4300	59.652341	0.0	1961140	894	17538.4214549	4.3
1594292907.92	4300	59.902439	0.0	2155012	999	17258.0761859	4.3
1594292910.11	4300	59.582447	0.0	1433658	583	18603.7241339	4.3

