1594282362.95	750	4	0.24	181801	142	10242.3098592	-1.032
1594282365.4	4300	5.548466	0.0	2123065	2196	7851.06132496	0.75
1594282369.38	4300	5.565007	0.0	2177073	3842	5395.88310996	4.3
1594282378.24	4300	4.440906	3.735	2160877	8716	2688.87292039	-11.7605
1594282381.42	4300	5.256867	0.0	2233056	3047	2961.10085328	4.3
1594282384.03	4300	6.651988	0.0	1941625	2468	3148.41571406	4.3
1594282387.15	4300	7.52957	0.0	2157535	2984	3157.06981468	4.3
1594282390.06	4300	8.616966	0.0	2290172	2773	3202.19344843	4.3
1594282392.69	4300	9.986831	0.0	2055469	2471	6194.06108026	4.3
1594282395.98	4300	10.698441	0.0	2169201	3148	6098.4302301	4.3
1594282401.0	4300	9.675699	0.0	2173522	4879	5006.20413155	4.3
1594282406.3	4300	8.383237	0.0	2102452	5148	4276.7805143	4.3
1594282409.74	4300	8.936088	0.0	2209463	3308	4206.26789814	4.3
1594282414.36	4300	8.324309	0.0	2275376	4474	4003.66706687	4.3
1594282421.57	4300	5.110531	0.0	2005399	7075	3197.04072058	4.3
1594282425.03	2850	5.649278	0.0	1471065	3233	3182.15802881	1.4000000000000001
1594282433.53	2850	4.423803	3.279	1491626	8349	2285.45704886	-11.249699999999999
1594282437.09	2850	4.864829	0.0	1358801	3424	2207.80605859	2.85
1594282440.25	1850	5.70423	0.0	987708	2930	2081.71564654	0.8500000000000001
1594282443.44	1850	6.516755	0.0	923755	3052	2066.76605387	1.85
1594282445.41	1850	8.550826	0.0	891604	1809	2011.59202021	1.85
1594282448.6	2850	9.356735	0.0	1468126	3056	3049.77566909	1.85
1594282450.91	2850	11.048876	0.0	1505760	2150	3261.81484656	2.85
1594282453.58	4300	12.377888	0.0	2044075	2535	3829.11136743	2.8499999999999996
1594282455.38	4300	14.580984	0.0	2186790	1658	5122.96062124	4.3
1594282457.01	4300	16.943926	0.0	2105231	1493	5851.64178449	4.3
1594282459.83	4300	18.124948	0.0	2395588	2667	7307.22113539	4.3
1594282462.6	4300	19.359185	0.0	1972048	2600	7390.19423069	4.3
1594282465.39	4300	20.572107	0.0	2134614	2650	7376.95510322	4.3
1594282467.07	4300	22.889215	0.0	2164140	1544	7396.80977532	4.3
1594282468.73	4300	25.224566	0.0	2113193	1526	7392.16604829	4.3
1594282469.96	4300	27.997248	0.0	2147852	1088	7945.61652432	4.3
1594282471.73	4300	30.229206	0.0	2191074	1626	9305.01729759	4.3
1594282474.08	4300	31.873552	0.0	2286761	2212	10484.8333638	4.3
1594282476.72	4300	33.241644	0.0	2307787	2473	9333.96686415	4.3
1594282479.12	4300	34.834859	0.0	2143948	2259	8654.37725266	4.3
1594282485.4	4300	32.556306	0.0	1919781	6145	4197.38231225	4.3
1594282493.99	4300	27.97148	0.0	2147467	8449	2867.85396895	4.3
1594282498.31	4300	27.648132	0.0	2133870	4178	2843.72288846	4.3
1594282500.48	4300	29.472077	0.0	2146120	2030	2821.26704185	4.3
1594282502.02	4300	31.93647	0.0	2108491	1399	2777.73273522	4.3
1594282504.15	4300	33.810793	0.0	2184571	1976	3132.06347499	4.3
1594282507.2	4300	34.756441	0.0	2121928	2912	5945.65000154	4.3
1594282513.21	4300	32.745298	0.0	2219102	5879	4691.52490435	4.3
1594282519.69	4300	30.265526	0.0	2124950	6339	3593.47019896	4.3
1594282522.88	4300	31.076785	0.0	2246506	3054	3630.7607646	4.3
1594282525.4	4300	32.560527	0.0	1961140	2391	3613.75574034	4.3
1594282528.23	4300	33.724769	0.0	2155012	2716	3624.95049023	4.3
1594282530.19	4300	33.44458	0.0	1433658	1848	4115.03459548	4.3

