1594278517.32	750	4	0.177	181801	77	18888.4155844	-0.7611
1594278518.9	4300	6.419599	0.0	2123065	1316	13136.1428492	0.75
1594278520.25	4300	9.069309	0.0	2177073	1175	13857.5594862	4.3
1594278521.49	4300	11.837577	0.0	2160877	1094	14386.3271759	4.3
1594278522.99	4300	14.328366	0.0	2233056	1354	14043.6948329	4.3
1594278524.25	4300	17.064561	0.0	1941625	1115	13977.2616211	4.3
1594278525.54	4300	19.776534	0.0	2157535	1150	14438.934431	4.3
1594278526.85	4300	22.471681	0.0	2290172	1163	14604.5540879	4.3
1594278528.02	4300	25.301646	0.0	2055469	1022	14633.4472171	4.3
1594278529.26	4300	28.062194	0.0	2169201	1098	15263.7852217	4.3
1594278530.5	4300	30.817608	0.0	2173522	1108	15650.7547172	4.3
1594278531.74	4300	33.585457	0.0	2102452	1078	15783.0749614	4.3
1594278532.99	4300	36.329483	0.0	2209463	1102	15841.0975347	4.3
1594278534.3	4300	39.020294	0.0	2275376	1159	15767.786921	4.3
1594278535.49	4300	41.827317	0.0	2005399	1036	15706.3743841	4.3
1594278536.73	4300	44.591561	0.0	2152483	1083	15747.1177337	4.3
1594278538.59	4300	46.732172	0.0	2289689	1715	13912.9477484	4.3
1594278539.85	4300	49.464677	0.0	2059512	1105	13750.1734539	4.3
1594278541.24	4300	52.080608	0.0	2220726	1233	13556.947234	4.3
1594278542.49	4300	54.831477	0.0	2156729	1102	13597.8518888	4.3
1594278543.63	4300	57.686807	0.0	2039773	1007	13609.2992047	4.3
1594278545.87	4300	59.684725	0.0	2176469	1099	15338.3811862	4.3
1594278549.68	4300	59.684718	0.0	2221506	1158	15427.5879028	4.3
1594278553.83	4300	59.684679	0.0	2044075	999	15855.0720948	4.3
1594278557.6	4300	59.934715	0.0	2186790	1136	15797.6590475	4.3
1594278561.72	4300	59.684725	0.0	2105231	1479	14337.0481729	4.3
1594278565.56	4300	59.93471	0.0	2395588	2191	11789.3650881	4.3
1594278569.46	4300	59.934724	0.0	1972048	1734	10682.2622759	4.3
1594278573.42	4300	59.934721	0.0	2134614	2298	9264.58075125	4.3
1594278577.82	4300	59.684641	0.0	2164140	2737	7951.24247	4.3
1594278581.4	4300	59.934676	0.0	2113193	2429	7434.0942277	4.3
1594278586.21	4300	59.11309	0.0	2147852	4672	5435.32605196	4.3
1594278589.47	4300	59.934723	0.0	2191074	1121	5448.98564366	4.3
1594278593.75	4300	59.684648	0.0	2286761	1620	5548.37671163	4.3
1594278597.59	4300	59.934726	0.0	2307787	1181	5771.17808345	4.3
1594278601.84	4300	59.684691	0.0	2143948	1088	5939.78665348	4.3
1594278605.44	4300	59.934705	0.0	1919781	1450	13008.2666498	4.3
1594278609.71	4300	59.684755	0.0	2147467	3616	7550.50128614	4.3
1594278613.86	4300	59.68475	0.0	2133870	1989	7316.9384945	4.3
1594278617.7	4300	59.684753	0.0	2146120	1683	7205.2157501	4.3
1594278621.43	4300	59.93472	0.0	2108491	1578	7152.26586249	4.3
1594278625.68	4300	59.684767	0.0	2184571	1614	7205.22768426	4.3
1594278629.88	4300	59.68481	0.0	2121928	1060	10431.9203878	4.3
1594278633.58	4300	59.934683	0.0	2219102	1064	11830.3096594	4.3
1594278637.74	4300	59.618589	0.0	2124950	1027	12979.7849149	4.3
1594278641.44	4300	59.934698	0.0	2246506	1050	14450.5853149	4.3
1594278645.49	4300	59.934554	0.0	1961140	920	16664.6294173	4.3
1594278649.65	4300	59.684645	0.0	2155012	1045	16771.2310746	4.3
1594278651.39	4300	59.61473	0.0	1433658	619	17005.5109061	4.3

