1594285742.58	750	4	0.306	181801	211	6892.92890995	-1.3157999999999999
1594285745.71	4300	4.875751	0.0	2123065	2881	5954.1594414	0.75
1594285748.81	4300	5.77016	0.0	2177073	2968	5911.70763358	4.3
1594285751.49	4300	7.092127	0.0	2160877	2540	6150.37168274	4.3
1594285754.3	4300	8.286508	0.0	2233056	2665	6272.79058722	4.3
1594285756.63	4300	9.95799	0.0	1941625	2185	6387.62753993	4.3
1594285758.98	4300	11.603542	0.0	2157535	2217	6729.37164417	4.3
1594285773.12	4300	4.451157	2.986	2290172	13994	1958.32774799	-8.5398
1594285776.67	4300	4.901734	0.0	2055469	3411	1975.78506172	4.3
1594285782.57	2850	4.438042	1.433	1429765	5669	1856.72613077	-4.761899999999999
1594285784.1	2850	6.898861	0.0	1354548	1386	1818.72072258	2.85
1594285786.25	2850	8.749842	0.0	1519951	2006	1798.67383423	2.85
1594285789.74	2850	9.261433	0.0	1422919	3353	3156.73478306	2.85
1594285792.77	4300	10.237454	0.0	2275376	2873	3212.24211161	2.8499999999999996
1594285795.01	4300	11.996686	0.0	2005399	2104	5267.78596249	4.3
1594285797.22	4300	13.784769	0.0	2152483	2073	5401.07168124	4.3
1594285799.41	4300	15.590411	0.0	2289689	2057	5669.90660068	4.3
1594285801.31	4300	17.697499	0.0	2059512	1749	7778.76676231	4.3
1594285803.33	4300	19.672508	0.0	2220726	1888	8637.66242882	4.3
1594285805.24	4300	21.761543	0.0	2156729	1764	9101.38703037	4.3
1594285807.13	4300	23.876209	0.0	2039773	1749	9346.20074943	4.3
1594285809.38	4300	25.624813	0.0	2176469	2094	9189.38377786	4.3
1594285811.58	4300	27.419518	0.0	2221506	2065	9016.99291662	4.3
1594285813.69	4300	29.318009	0.0	2044075	1965	8795.26877938	4.3
1594285815.75	4300	31.251258	0.0	2186790	1932	8686.85673451	4.3
1594285817.48	4300	33.520246	0.0	2105231	1566	8852.96192387	4.3
1594285819.59	4300	35.415447	0.0	2395588	1966	9157.75587835	4.3
1594285821.18	4300	37.820296	0.0	1972048	1455	9542.77215607	4.3
1594285822.91	4300	40.090583	0.0	2134614	1578	10107.5442073	4.3
1594285824.51	4300	42.493189	0.0	2164140	1461	10692.9733874	4.3
1594285826.14	4300	44.86008	0.0	2113193	1479	10810.6645862	4.3
1594285827.66	4300	47.344287	0.0	2147852	1370	11439.1612981	4.3
1594285828.99	4300	50.016675	0.0	2191074	1185	12032.2114774	4.3
1594285830.39	4300	52.618599	0.0	2286761	1227	12820.4432888	4.3
1594285832.53	4300	54.469501	0.0	2307787	1986	11790.1657468	4.3
1594285834.55	4300	56.452671	0.0	2143948	1865	11093.4109059	4.3
1594285836.21	4300	58.794787	0.0	1919781	1514	10681.4684366	4.3
1594285839.43	4300	59.621811	0.0	2147467	1574	10308.236303	4.3
1594285843.33	4300	59.87179	0.0	2133870	2258	9118.98713477	4.3
1594285847.59	4300	59.621797	0.0	2146120	2123	8827.01223472	4.3
1594285851.18	4300	59.871823	0.0	2108491	1957	8714.12656486	4.3
1594285855.27	4300	59.871777	0.0	2184571	1953	8573.11417868	4.3
1594285859.36	4300	59.871781	0.0	2121928	2457	7890.73347163	4.3
1594285863.62	4300	59.621829	0.0	2219102	2122	8057.2262736	4.3
1594285867.36	4300	59.87178	0.0	2124950	2093	8063.98928622	4.3
1594285871.45	4300	59.621825	0.0	2246506	1956	8151.22470912	4.3
1594285875.58	4300	59.621805	0.0	1961140	2013	7952.20730684	4.3
1594285879.42	4300	59.621807	0.0	2155012	2714	7730.4808051	4.3
1594285880.83	4300	59.84946	0.0	1433658	1305	7727.35114525	4.3

