1594283039.93	750	4	0.281	181801	183	7947.58469945	-1.2083
1594283042.43	4300	5.503695	0.0	2123065	2243	7599.30663989	0.75
1594283046.51	4300	5.419927	0.0	2177073	3924	5277.03748817	4.3
1594283055.39	4300	4.497681	3.956	2160877	8731	2686.79108928	-12.710799999999999
1594283058.57	4300	5.315671	0.0	2233056	3025	2955.9653516	4.3
1594283061.08	4300	6.805191	0.0	1941625	2354	3139.35998573	4.3
1594283064.23	4300	7.654067	0.0	2157535	3006	3146.75065275	4.3
1594283067.19	4300	8.696229	0.0	2290172	2818	3196.80026082	4.3
1594283069.93	4300	9.950724	0.0	2055469	2594	6172.81051782	4.3
1594283073.19	4300	10.697763	0.0	2169201	3106	6089.99369624	4.3
1594283078.55	4300	9.336268	0.0	2173522	5213	4802.66490461	4.3
1594283083.44	4300	8.445009	0.0	2102452	4746	4296.3718958	4.3
1594283086.96	4300	8.921909	0.0	2209463	3363	4220.5282706	4.3
1594283091.59	4300	8.291286	0.0	2275376	4485	4019.51613921	4.3
1594283098.87	4300	5.015773	0.0	2005399	7137	3188.98635766	4.3
1594283104.81	2850	4.4524	1.381	1471065	5704	2818.69249356	-4.5383
1594283111.18	2850	4.333333	2.245	1491626	6210	2464.13075368	-6.8035
1594283113.58	1850	5.929304	0.0	885714	2169	2349.56462629	0.8500000000000001
1594283116.31	1850	7.193709	0.0	987708	2600	2228.08578726	1.85
1594283120.76	2850	6.750037	0.0	1336050	4306	2268.94424398	1.85
1594283123.92	2850	7.587466	0.0	1415116	3023	2510.30036192	2.85
1594283126.72	2850	8.788227	0.0	1468126	2661	3164.23247024	2.85
1594283129.03	2850	10.474279	0.0	1505760	2178	3360.81920471	2.85
1594283131.14	4300	12.370345	0.0	2044075	1965	3744.06545705	2.8499999999999996
1594283132.69	4300	14.819672	0.0	2186790	1413	5217.81932178	4.3
1594283134.49	4300	17.022515	0.0	2105231	1657	6539.25629046	4.3
1594283138.27	4300	17.23692	0.0	2395588	3630	6799.69319915	4.3
1594283140.3	4300	19.207646	0.0	1972048	1889	7395.84683906	4.3
1594283142.74	4300	20.766992	0.0	2134614	2302	7254.82382704	4.3
1594283144.49	4300	23.015574	0.0	2164140	1613	7214.32171776	4.3
1594283145.99	4300	25.517094	0.0	2113193	1359	7274.96840672	4.3
1594283147.36	4300	28.151971	0.0	2147852	1225	9495.64435086	4.3
1594283149.36	4300	30.151275	0.0	2191074	1860	9781.86903543	4.3
1594283151.97	4300	31.540408	0.0	2286761	2472	9711.28314283	4.3
1594283154.33	4300	33.174364	0.0	2307787	2219	9183.82987951	4.3
1594283159.24	4300	32.265321	0.0	2143948	4768	5673.70502161	4.3
1594283167.02	4300	28.485975	0.0	1919781	7638	3201.05167499	4.3
1594283173.83	4300	25.681141	0.0	2147467	6672	2858.25420265	4.3
1594283176.15	4300	27.356619	0.0	2133870	2183	2842.2563024	4.3
1594283177.98	4300	29.530073	0.0	2146120	1692	2812.49356076	4.3
1594283179.79	4300	31.72003	0.0	2108491	1670	2836.04051753	4.3
1594283182.19	4300	33.320525	0.0	2184571	2260	4142.60156283	4.3
1594283186.04	4300	33.463097	0.0	2121928	3722	6703.40217875	4.3
1594283194.88	4300	28.62875	0.0	2219102	8699	3163.78132137	4.3
1594283197.71	4300	29.795661	0.0	2124950	2690	3193.77928916	4.3
1594283200.86	4300	30.647098	0.0	2246506	3011	3234.71356432	4.3
1594283203.71	4300	31.80323	0.0	1961140	2715	3216.28239872	4.3
1594283206.39	4300	33.122076	0.0	2155012	2558	3256.00746265	4.3
1594283208.27	4300	32.92077	0.0	1433658	1768	6209.45289702	4.3

