1594278969.25	750	4	0.646	450283	553	6514.039783	-2.7777999999999996
1594278971.64	4300	5.606719	0.0	2123065	2154	7560.04240265	0.75
1594278973.58	4300	7.67625	0.0	2177073	1790	8296.5105029	4.3
1594278975.27	4300	9.984458	0.0	2160877	1549	8880.29833923	4.3
1594278976.83	4300	12.425858	0.0	2233056	1416	9409.00309978	4.3
1594278978.16	4300	15.094345	0.0	1941625	1173	10143.6111889	4.3
1594278979.57	4300	17.676864	0.0	2157535	1262	11674.7947944	4.3
1594278981.02	4300	20.227772	0.0	2290172	1301	12781.5269818	4.3
1594278982.31	4300	22.942097	0.0	2055469	1146	13534.1446555	4.3
1594278983.66	4300	25.590543	0.0	2169201	1214	13916.8012123	4.3
1594278985.01	4300	28.239185	0.0	2173522	1218	14124.7535005	4.3
1594278986.33	4300	30.925003	0.0	2102452	1174	14261.110235	4.3
1594278987.78	4300	33.468757	0.0	2209463	1312	14120.6557849	4.3
1594278989.55	4300	35.70347	0.0	2275376	1630	13214.0268759	4.3
1594278990.83	4300	38.425721	0.0	2005399	1128	13190.0006266	4.3
1594278992.21	4300	41.044982	0.0	2152483	1227	13151.6801886	4.3
1594278993.62	4300	43.634137	0.0	2289689	1274	13176.4771775	4.3
1594278994.9	4300	46.349868	0.0	2059512	1141	13324.3583318	4.3
1594278996.26	4300	48.986566	0.0	2220726	1226	14311.3242954	4.3
1594278997.71	4300	51.540509	0.0	2156729	1310	14069.0159719	4.3
1594278998.98	4300	54.270991	0.0	2039773	1121	14163.7568211	4.3
1594279000.3	4300	56.950296	0.0	2176469	1178	14235.6872192	4.3
1594279001.66	4300	59.586814	0.0	2221506	1210	14285.5155946	4.3
1594279005.46	4300	59.950465	0.0	2044075	1140	14255.1454551	4.3
1594279009.77	4300	59.700421	0.0	2186790	1162	14683.720676	4.3
1594279013.49	4300	59.95041	0.0	2105231	1579	13430.4766712	4.3
1594279017.7	4300	59.700414	0.0	2395588	2077	11709.0953568	4.3
1594279021.3	4300	59.950407	0.0	1972048	1959	10241.3012638	4.3
1594279025.36	4300	59.950436	0.0	2134614	2420	8873.00009919	4.3
1594279029.75	4300	59.70042	0.0	2164140	2743	7732.15131558	4.3
1594279033.45	4300	59.950433	0.0	2113193	2061	7520.98903862	4.3
1594279037.77	4300	59.477625	0.0	2147852	4180	5838.17801806	4.3
1594279041.58	4300	59.700398	0.0	2191074	1141	5917.68705159	4.3
1594279045.66	4300	59.700411	0.0	2286761	1450	6118.18365123	4.3
1594279049.62	4300	59.700421	0.0	2307787	1297	6541.46147337	4.3
1594279053.37	4300	59.950435	0.0	2143948	1110	6704.14083137	4.3
1594279057.58	4300	59.700431	0.0	1919781	1575	12796.1784789	4.3
1594279061.34	4300	59.90833	0.0	2147467	3623	7524.23676305	4.3
1594279065.56	4300	59.700416	0.0	2133870	2076	7219.35291758	4.3
1594279069.45	4300	59.950421	0.0	2146120	1743	7097.63606913	4.3
1594279073.74	4300	59.700419	0.0	2108491	1662	7031.51295716	4.3
1594279077.38	4300	59.950412	0.0	2184571	1496	7136.72570898	4.3
1594279081.64	4300	59.700411	0.0	2121928	1125	10181.153616	4.3
1594279085.37	4300	59.950435	0.0	2219102	1083	11665.7750717	4.3
1594279089.57	4300	59.700325	0.0	2124950	1069	12878.70198	4.3
1594279093.33	4300	59.950433	0.0	2246506	1121	14523.4311805	4.3
1594279097.45	4300	59.950422	0.0	1961140	999	15809.3668551	4.3
1594279101.64	4300	59.700407	0.0	2155012	1072	16024.8905352	4.3
1594279103.42	4300	59.63042	0.0	1433658	661	16110.8504149	4.3

