1594279193.92	750	4	0.17	181801	71	20484.6197183	-0.731
1594279195.48	4300	6.505132	0.0	2123065	1299	13324.856813	0.75
1594279196.81	4300	9.178883	0.0	2177073	1149	14102.8216612	4.3
1594279198.01	4300	11.978199	0.0	2160877	1060	14691.3042862	4.3
1594279199.47	4300	14.515171	0.0	2233056	1303	14415.9820051	4.3
1594279200.8	4300	17.189128	0.0	1941625	1181	14099.5098071	4.3
1594279202.06	4300	19.926063	0.0	2157535	1107	14623.267719	4.3
1594279203.35	4300	22.632944	0.0	2290172	1139	14784.1382401	4.3
1594279204.5	4300	25.487819	0.0	2055469	1009	14770.2189322	4.3
1594279205.72	4300	28.272218	0.0	2169201	1070	15316.2080874	4.3
1594279206.94	4300	31.044011	0.0	2173522	1088	16025.5758176	4.3
1594279208.09	4300	33.895737	0.0	2102452	1008	16241.6340343	4.3
1594279209.3	4300	36.692636	0.0	2209463	1059	16365.338811	4.3
1594279210.56	4300	39.424935	0.0	2275376	1119	16357.6131989	4.3
1594279211.71	4300	42.280819	0.0	2005399	986	16369.8749963	4.3
1594279212.9	4300	45.086154	0.0	2152483	1037	16500.1684624	4.3
1594279214.48	4300	47.509402	0.0	2289689	1424	15369.4496515	4.3
1594279215.87	4300	50.11437	0.0	2059512	1257	14614.582504	4.3
1594279217.14	4300	52.842838	0.0	2220726	1127	14536.0046942	4.3
1594279218.47	4300	55.515314	0.0	2156729	1187	14286.9181529	4.3
1594279219.65	4300	58.338231	0.0	2039773	1032	14180.469958	4.3
1594279222.34	4300	59.749793	0.0	2176469	1059	14949.999625	4.3
1594279226.31	4300	59.749806	0.0	2221506	1311	15060.3816514	4.3
1594279230.46	4300	59.749726	0.0	2044075	1013	15107.9313765	4.3
1594279234.71	4300	59.499799	0.0	2186790	1109	15368.3882419	4.3
1594279238.32	4300	59.749787	0.0	2105231	1476	14091.1592973	4.3
1594279242.26	4300	59.749837	0.0	2395588	2282	11399.0279586	4.3
1594279246.63	4300	59.49979	0.0	1972048	1730	10513.3492794	4.3
1594279250.65	4300	59.499786	0.0	2134614	2392	9023.81745875	4.3
1594279254.52	4300	59.499822	0.0	2164140	2730	7822.65575233	4.3
1594279258.64	4300	59.499806	0.0	2113193	2425	7339.91529947	4.3
1594279263.17	4300	58.817589	0.0	2147852	4396	5631.9672061	4.3
1594279266.41	4300	59.749808	0.0	2191074	1091	5652.3439357	4.3
1594279270.63	4300	59.499801	0.0	2286761	1580	5799.69336512	4.3
1594279274.45	4300	59.7498	0.0	2307787	1187	6091.17606606	4.3
1594279278.67	4300	59.499796	0.0	2143948	1073	6334.26917105	4.3
1594279282.29	4300	59.749833	0.0	1919781	1482	13066.0664612	4.3
1594279286.07	4300	59.913527	0.0	2147467	3646	7494.02259177	4.3
1594279290.36	4300	59.749755	0.0	2133870	2133	7176.21492142	4.3
1594279294.66	4300	59.499803	0.0	2146120	1642	7087.92006325	4.3
1594279298.39	4300	59.749776	0.0	2108491	1599	7039.27005582	4.3
1594279302.69	4300	59.499784	0.0	2184571	1653	7090.48402655	4.3
1594279306.39	4300	59.749804	0.0	2121928	1056	10139.6281603	4.3
1594279310.55	4300	59.499783	0.0	2219102	1024	11825.9851613	4.3
1594279314.68	4300	59.499767	0.0	2124950	985	12898.2965443	4.3
1594279318.37	4300	59.749804	0.0	2246506	1057	14425.1353537	4.3
1594279322.39	4300	59.749804	0.0	1961140	894	17006.9689775	4.3
1594279326.55	4300	59.499779	0.0	2155012	1030	17160.533793	4.3
1594279327.74	4300	59.929802	0.0	1433658	583	17405.5824421	4.3

