1594283490.87	750	4	0.229	181801	120	12120.0666667	-0.9846999999999999
1594283493.39	4300	5.480176	0.0	2123065	2229	7767.12401444	0.75
1594283497.45	4300	5.414309	0.0	2177073	3926	5284.57983904	4.3
1594283506.48	4300	4.41829	4.035	2160877	8889	2633.4850649	-13.0505
1594283509.61	4300	5.295635	0.0	2233056	2982	2900.61451305	4.3
1594283512.11	4300	6.790651	0.0	1941625	2365	3086.69194889	4.3
1594283515.28	4300	7.623116	0.0	2157535	3025	3095.82691277	4.3
1594283518.24	4300	8.665774	0.0	2290172	2815	3141.16812167	4.3
1594283520.97	4300	9.932056	0.0	2055469	2581	6186.10606906	4.3
1594283524.23	4300	10.672809	0.0	2169201	3115	6078.23231344	4.3
1594283529.52	4300	9.386793	0.0	2173522	5133	4842.55423763	4.3
1594283534.47	4300	8.436252	0.0	2102452	4784	4312.9144552	4.3
1594283537.96	4300	8.947051	0.0	2209463	3341	4238.61812571	4.3
1594283542.6	4300	8.306503	0.0	2275376	4491	4031.9739754	4.3
1594283549.89	4300	5.013845	0.0	2005399	7156	3189.92498952	4.3
1594283555.73	2850	4.452136	1.282	1471065	5609	2830.98298805	-4.112599999999999
1594283562.21	2850	4.480684	2.507	1491626	6319	2457.88341632	-7.930100000000001
1594283565.6	2850	5.088381	0.0	1358801	3256	2375.55010277	2.85
1594283569.43	1850	5.259618	0.0	987708	3599	2193.40809233	0.8500000000000001
1594283572.02	1850	6.663754	0.0	923755	2458	2247.35881281	1.85
1594283573.98	1850	8.701211	0.0	891604	1818	2409.68888429	1.85
1594283576.23	1850	10.460871	0.0	955231	2102	2958.00488806	1.85
1594283578.61	2850	12.079368	0.0	1505760	2240	3120.64835602	1.85
1594283581.36	4300	13.327248	0.0	2044075	2607	4170.90775977	2.8499999999999996
1594283583.22	4300	15.470821	0.0	2186790	1710	5133.64185628	4.3
1594283584.86	4300	17.82962	0.0	2105231	1500	5937.18777303	4.3
1594283587.49	4300	19.19606	0.0	2395588	2494	7239.35130803	4.3
1594283590.37	4300	20.318644	0.0	1972048	2731	7294.84342684	4.3
1594283593.21	4300	21.478606	0.0	2134614	2672	7325.85451689	4.3
1594283594.89	4300	23.793415	0.0	2164140	1530	7362.21015994	4.3
1594283596.59	4300	26.099023	0.0	2113193	1550	7353.69781002	4.3
1594283597.88	4300	28.803134	0.0	2147852	1141	7736.78221918	4.3
1594283599.67	4300	31.015114	0.0	2191074	1642	9227.14255011	4.3
1594283602.07	4300	32.619649	0.0	2286761	2252	10349.1109627	4.3
1594283604.65	4300	34.039397	0.0	2307787	2418	9323.73381017	4.3
1594283607.22	4300	35.468121	0.0	2143948	2430	8463.17988375	4.3
1594283613.57	4300	33.115849	0.0	1919781	6213	4147.95099402	4.3
1594283622.13	4300	28.553321	0.0	2147467	8420	2867.78411978	4.3
1594283626.27	4300	28.41997	0.0	2133870	3988	2850.6867238	4.3
1594283628.47	4300	30.219381	0.0	2146120	2060	2831.10782384	4.3
1594283630.0	4300	32.689809	0.0	2108491	1390	2781.99998685	4.3
1594283632.15	4300	34.534733	0.0	2184571	1992	3160.88366672	4.3
1594283635.38	4300	35.307694	0.0	2121928	3068	6023.43805395	4.3
1594283641.59	4300	33.097256	0.0	2219102	6070	4529.79960654	4.3
1594283647.81	4300	30.880181	0.0	2124950	6078	3615.02924373	4.3
1594283651.0	4300	31.688514	0.0	2246506	3050	3651.60344917	4.3
1594283653.78	4300	32.908835	0.0	1961140	2652	3625.97670078	4.3
1594283656.44	4300	34.250153	0.0	2155012	2538	3648.48385166	4.3
1594283658.44	4300	33.926119	0.0	1433658	1890	4238.39988016	4.3

