1594285516.89	750	4	0.329	181801	227	6407.08370044	-1.4147
1594285520.23	4300	4.65629	0.0	2123065	3096	5540.36792754	0.75
1594285523.35	4300	5.534626	0.0	2177073	2988	5673.30465596	4.3
1594285526.14	4300	6.74643	0.0	2160877	2647	5902.30053169	4.3
1594285529.03	4300	7.857159	0.0	2233056	2749	6032.25905695	4.3
1594285531.32	4300	9.568316	0.0	1941625	2149	6187.63608627	4.3
1594285533.66	4300	11.231484	0.0	2157535	2186	6641.34831115	4.3
1594285547.99	4300	4.497462	3.597	2290172	14193	1929.76326801	-11.167099999999998
1594285550.11	2850	6.372733	0.0	1348011	1891	1879.9619449	1.4000000000000001
1594285556.68	2850	4.345735	0.538	1429765	6429	1730.54706805	0.5366
1594285558.18	2850	6.845924	0.0	1354548	1365	1693.69982987	2.85
1594285560.17	2850	8.854611	0.0	1519951	1851	1671.39703224	2.85
1594285562.67	2850	10.352208	0.0	1422919	2358	2842.88969821	2.85
1594285566.86	4300	10.160642	0.0	2275376	4029	2943.02350712	2.8499999999999996
1594285569.05	4300	11.971386	0.0	2005399	2056	5558.76247333	4.3
1594285571.28	4300	13.737514	0.0	2152483	2095	5682.11730797	4.3
1594285573.53	4300	15.495126	0.0	2289689	2095	5908.27285036	4.3
1594285575.41	4300	17.616116	0.0	2059512	1738	6553.46436659	4.3
1594285577.44	4300	19.582042	0.0	2220726	1891	8642.65928287	4.3
1594285579.34	4300	21.684465	0.0	2156729	1756	9051.63939738	4.3
1594285581.22	4300	23.798655	0.0	2039773	1746	9321.49852074	4.3
1594285583.36	4300	25.658796	0.0	2176469	1997	9322.00863401	4.3
1594285585.65	4300	27.37158	0.0	2221506	2122	9065.76441412	4.3
1594285587.8	4300	29.226411	0.0	2044075	2002	8803.86937717	4.3
1594285589.82	4300	31.205086	0.0	2186790	1874	8735.77530137	4.3
1594285591.61	4300	33.412978	0.0	2105231	1656	8845.35234796	4.3
1594285593.74	4300	35.283393	0.0	2395588	1979	9033.21935652	4.3
1594285595.34	4300	37.680295	0.0	1972048	1460	9461.66613615	4.3
1594285597.07	4300	39.954047	0.0	2134614	1573	10073.8731729	4.3
1594285598.68	4300	42.341562	0.0	2164140	1475	10536.2500615	4.3
1594285600.31	4300	44.715929	0.0	2113193	1486	10764.9186719	4.3
1594285601.85	4300	47.173719	0.0	2147852	1408	11358.6075339	4.3
1594285603.22	4300	49.80521	0.0	2191074	1226	11901.026272	4.3
1594285604.58	4300	52.437637	0.0	2286761	1227	12640.2692106	4.3
1594285606.61	4300	54.416861	0.0	2307787	1882	11931.2742116	4.3
1594285608.6	4300	56.418284	0.0	2143948	1860	11230.8538444	4.3
1594285610.35	4300	58.670122	0.0	1919781	1611	10684.5878637	4.3
1594285613.54	4300	59.634104	0.0	2147467	1545	10366.4386443	4.3
1594285617.44	4300	59.63411	0.0	2133870	2256	9157.44900634	4.3
1594285621.26	4300	59.884108	0.0	2146120	2184	8710.42590034	4.3
1594285625.39	4300	59.634062	0.0	2108491	1983	8575.56837598	4.3
1594285629.55	4300	59.634102	0.0	2184571	2022	8452.0203363	4.3
1594285633.62	4300	59.634107	0.0	2121928	2432	7817.05654478	4.3
1594285637.4	4300	59.634103	0.0	2219102	2145	7960.21509063	4.3
1594285641.2	4300	59.88411	0.0	2124950	2140	7977.36982796	4.3
1594285645.3	4300	59.884103	0.0	2246506	1967	8072.60679563	4.3
1594285649.45	4300	59.634104	0.0	1961140	2020	7915.10540398	4.3
1594285653.26	4300	59.884093	0.0	2155012	2692	7697.93778108	4.3
1594285654.76	4300	59.940959	0.0	1433658	1394	7652.8478558	4.3

