1594279420.04	750	4	0.308	181801	217	6702.34101382	-1.3243999999999998
1594279422.52	4300	5.519971	0.0	2123065	2212	7579.745531	0.75
1594279424.49	4300	7.556609	0.0	2177073	1809	8336.71279133	4.3
1594279426.17	4300	9.872133	0.0	2160877	1540	8950.59725418	4.3
1594279427.75	4300	12.293248	0.0	2233056	1425	9487.46842153	4.3
1594279429.04	4300	15.001901	0.0	1941625	1150	10019.9934573	4.3
1594279430.42	4300	17.625725	0.0	2157535	1225	11703.652324	4.3
1594279431.91	4300	20.130912	0.0	2290172	1324	12849.4926347	4.3
1594279433.25	4300	22.793833	0.0	2055469	1188	13508.579125	4.3
1594279434.62	4300	25.418614	0.0	2169201	1231	13875.7642802	4.3
1594279435.99	4300	28.049894	0.0	2173522	1230	13997.9620876	4.3
1594279437.32	4300	30.723394	0.0	2102452	1187	14012.5097107	4.3
1594279438.69	4300	33.351472	0.0	2209463	1229	14124.9891982	4.3
1594279440.43	4300	35.61219	0.0	2275376	1594	13393.7559501	4.3
1594279441.8	4300	38.243119	0.0	2005399	1219	13223.8525897	4.3
1594279443.21	4300	40.834214	0.0	2152483	1262	13141.8858004	4.3
1594279444.65	4300	43.394756	0.0	2289689	1284	13171.9980876	4.3
1594279445.95	4300	46.093962	0.0	2059512	1164	13126.5178908	4.3
1594279447.33	4300	48.715427	0.0	2220726	1236	13905.7902434	4.3
1594279448.8	4300	51.242678	0.0	2156729	1325	13859.4600204	4.3
1594279450.07	4300	53.96889	0.0	2039773	1127	14014.983009	4.3
1594279451.43	4300	56.609887	0.0	2176469	1206	14044.4537456	4.3
1594279452.79	4300	59.248208	0.0	2221506	1210	14146.238885	4.3
1594279456.56	4300	59.671083	0.0	2044075	1120	14182.4654061	4.3
1594279460.4	4300	59.671027	0.0	2186790	1201	14554.1759628	4.3
1594279464.54	4300	59.671082	0.0	2105231	1503	13588.7338051	4.3
1594279468.24	4300	59.921059	0.0	2395588	2059	11883.3603315	4.3
1594279472.19	4300	59.921088	0.0	1972048	1811	10650.7437203	4.3
1594279476.22	4300	59.921128	0.0	2134614	2390	9145.31582593	4.3
1594279480.61	4300	59.671007	0.0	2164140	2749	7878.79558707	4.3
1594279484.38	4300	59.671084	0.0	2113193	2044	7637.41483394	4.3
1594279488.8	4300	59.23824	0.0	2147852	4294	5779.7065768	4.3
1594279492.58	4300	59.671063	0.0	2191074	1132	5825.91443105	4.3
1594279496.22	4300	59.921107	0.0	2286761	1498	6001.12983947	4.3
1594279500.55	4300	59.670931	0.0	2307787	1188	6377.71244681	4.3
1594279504.33	4300	59.921116	0.0	2143948	1139	6510.54784311	4.3
1594279508.52	4300	59.671035	0.0	1919781	1548	12909.8717301	4.3
1594279512.29	4300	59.754338	0.0	2147467	3624	7527.34461374	4.3
1594279516.46	4300	59.671062	0.0	2133870	2023	7255.87587315	4.3
1594279520.26	4300	59.921043	0.0	2146120	1662	7156.57777698	4.3
1594279524.52	4300	59.671084	0.0	2108491	1627	7093.12416691	4.3
1594279528.23	4300	59.921036	0.0	2184571	1568	7181.21513642	4.3
1594279532.47	4300	59.671083	0.0	2121928	1102	10369.2634008	4.3
1594279536.22	4300	59.921087	0.0	2219102	1113	11790.2539347	4.3
1594279540.42	4300	59.671042	0.0	2124950	1064	12806.4383806	4.3
1594279544.19	4300	59.921121	0.0	2246506	1140	14224.0585166	4.3
1594279548.27	4300	59.921059	0.0	1961140	937	15931.6665075	4.3
1594279552.46	4300	59.671076	0.0	2155012	1071	16078.8608756	4.3
1594279554.22	4300	59.601076	0.0	1433658	649	16305.1988747	4.3

