1594284840.05	750	4	0.292	181801	191	7614.70157068	-1.2555999999999998
1594284843.19	4300	4.861235	0.0	2123065	2864	6013.51221506	0.75
1594284846.33	4300	5.717205	0.0	2177073	2987	5921.77227662	4.3
1594284848.93	4300	7.119411	0.0	2160877	2455	6206.95929988	4.3
1594284851.88	4300	8.165902	0.0	2233056	2806	6245.81908832	4.3
1594284854.23	4300	9.824681	0.0	1941625	2198	6351.29407899	4.3
1594284856.59	4300	11.462219	0.0	2157535	2222	6671.77429096	4.3
1594284870.5	4300	4.498134	2.953	2290172	13777	1997.06088242	-8.3979
1594284873.97	4300	5.035638	0.0	2055469	3330	2015.66097166	4.3
1594284879.97	2850	4.450395	1.421	1429765	5758	1877.86094288	-4.7103
1594284881.48	2850	6.940709	0.0	1354548	1375	1838.49793108	2.85
1594284883.49	2850	8.92881	0.0	1519951	1872	1813.91007625	2.85
1594284886.22	2850	10.20429	0.0	1422919	2591	3226.98483241	2.85
1594284890.12	4300	10.298368	0.0	2275376	3770	3247.37868234	2.8499999999999996
1594284892.37	4300	12.055389	0.0	2005399	2078	5558.4951181	4.3
1594284894.57	4300	13.849435	0.0	2152483	2064	5688.89199516	4.3
1594284896.83	4300	15.593895	0.0	2289689	2108	5921.53566298	4.3
1594284898.71	4300	17.709125	0.0	2059512	1750	6819.97076063	4.3
1594284900.74	4300	19.679599	0.0	2220726	1889	8630.14178772	4.3
1594284902.64	4300	21.782857	0.0	2156729	1759	9062.14708549	4.3
1594284904.52	4300	23.903204	0.0	2039773	1739	9301.0949989	4.3
1594284906.71	4300	25.71172	0.0	2176469	2054	9249.44958108	4.3
1594284908.95	4300	27.472708	0.0	2221506	2094	9041.92611869	4.3
1594284911.09	4300	29.32842	0.0	2044075	2010	8772.27814998	4.3
1594284913.12	4300	31.306912	0.0	2186790	1885	8698.81901835	4.3
1594284914.88	4300	33.541649	0.0	2105231	1627	8819.98299516	4.3
1594284916.94	4300	35.487175	0.0	2395588	1902	9127.04226036	4.3
1594284918.56	4300	37.862921	0.0	1972048	1471	9531.0496394	4.3
1594284920.26	4300	40.163941	0.0	2134614	1559	10191.5508603	4.3
1594284921.87	4300	42.554618	0.0	2164140	1473	10698.7071703	4.3
1594284923.49	4300	44.936904	0.0	2113193	1481	10902.6356135	4.3
1594284925.04	4300	47.378624	0.0	2147852	1409	11372.3379796	4.3
1594284926.41	4300	50.012534	0.0	2191074	1227	11938.4963044	4.3
1594284927.79	4300	52.635694	0.0	2286761	1226	12653.7295414	4.3
1594284929.81	4300	54.611369	0.0	2307787	1874	11957.5563077	4.3
1594284931.82	4300	56.600311	0.0	2143948	1864	11236.2024341	4.3
1594284933.58	4300	58.843865	0.0	1919781	1608	10695.2375285	4.3
1594284936.76	4300	59.872253	0.0	2147467	1540	10381.9045288	4.3
1594284940.66	4300	59.872238	0.0	2133870	2258	9163.55013568	4.3
1594284944.97	4300	59.6222	0.0	2146120	2173	8721.91719668	4.3
1594284949.04	4300	59.622264	0.0	2108491	1934	8633.71915478	4.3
1594284952.6	4300	59.872254	0.0	2184571	1926	8580.47918581	4.3
1594284956.7	4300	59.872229	0.0	2121928	2441	7898.72578248	4.3
1594284960.95	4300	59.622261	0.0	2219102	2109	8075.07287223	4.3
1594284964.71	4300	59.872242	0.0	2124950	2120	8100.42361668	4.3
1594284968.82	4300	59.622255	0.0	2246506	1978	8159.66430726	4.3
1594284972.95	4300	59.62226	0.0	1961140	1998	7956.19692015	4.3
1594284976.8	4300	59.872242	0.0	2155012	2727	7707.16192102	4.3
1594284978.35	4300	59.749503	0.0	1433658	1439	7610.38224579	4.3

