1594288503.42	750	4	0.23	181801	130	4645.21154114	-0.989
1594288505.9	4300	5.523396	0.0	2123065	2222	4421.29321451	0.75
1594288509.92	4300	5.500754	0.0	2177073	3853	5802.66481397	4.3
1594288518.75	4300	4.439628	3.771	2160877	8688	2329.71549132	-11.915299999999998
1594288519.13	300	8.06535	0.0	163442	242	2118.06036924	-3.7
1594288519.41	300	11.787076	0.0	126289	143	2376.78090618	0.3
1594288520.28	750	14.915357	0.0	352642	639	2524.22703337	0.3
1594288521.34	1200	17.858592	0.0	709534	832	2761.50233898	0.75
1594288522.83	1850	20.365662	0.0	852833	1265	3011.36293614	1.2000000000000002
1594288525.69	4300	21.504057	0.0	2169201	2724	5520.50448834	1.8499999999999996
1594288528.64	4300	22.553303	0.0	2173522	2811	6282.32396996	4.3
1594288531.34	4300	23.85447	0.0	2102452	2564	6260.456317	4.3
1594288534.5	4300	24.696271	0.0	2209463	3017	6207.93291014	4.3
1594288538.63	4300	24.561853	0.0	2275376	3980	5085.96728389	4.3
1594288544.57	4300	22.626179	0.0	2005399	5798	3240.25032266	4.3
1594288548.11	4300	23.079358	0.0	2152483	3402	3352.82795412	4.3
1594288552.42	4300	22.776553	0.0	2289689	4163	4652.93198593	4.3
1594288556.35	4300	22.84222	0.0	2059512	3795	4365.88892252	4.3
1594288563.78	4300	19.417778	0.0	2220726	7255	2802.85010781	4.3
1594288571.17	2850	16.020568	0.0	1336050	7170	1325.95407155	1.4000000000000001
1594288574.77	1850	16.427432	0.0	891604	3457	1638.91513263	0.8500000000000001
1594288577.28	1850	17.915832	0.0	955231	2379	2277.11325098	1.85
1594288579.91	1850	19.279688	0.0	968026	2499	3162.51773285	1.85
1594288583.49	1850	19.70524	0.0	874175	3437	2515.72993915	1.85
1594288585.49	1850	21.707026	0.0	897976	1864	2307.79511986	1.85
1594288587.57	1850	23.620679	0.0	905935	1940	3783.99608346	1.85
1594288590.54	2850	24.656958	0.0	1547572	2824	3876.75619334	1.85
1594288593.36	4300	25.828958	0.0	1972048	2690	4691.48713826	2.8499999999999996
1594288595.32	4300	27.87292	0.0	2134614	1813	6372.03228176	4.3
1594288596.86	4300	30.329701	0.0	2164140	1398	9501.55632794	4.3
1594288598.87	4300	32.327455	0.0	2113193	1859	11233.1091062	4.3
1594288602.39	4300	32.800618	0.0	2147852	3390	6907.86107228	4.3
1594288605.26	4300	33.93662	0.0	2191074	2728	5354.91984493	4.3
1594288607.11	4300	36.086981	0.0	2286761	1709	7004.03287253	4.3
1594288608.94	4300	38.251147	0.0	2307787	1697	10506.1952526	4.3
1594288610.24	4300	40.957299	0.0	2143948	1150	11212.0960001	4.3
1594288611.6	4300	43.59087	0.0	1919781	1228	13846.4229963	4.3
1594288613.7	4300	45.499147	0.0	2147467	1950	11168.7814082	4.3
1594288616.23	4300	46.962942	0.0	2133870	2398	8090.68898569	4.3
1594288618.4	4300	48.791982	0.0	2146120	2004	7362.00540528	4.3
1594288624.39	4300	46.807941	0.0	2108491	5841	4360.85492771	4.3
1594288633.58	4300	41.616969	0.0	2184571	9048	2049.75969224	4.3
1594288638.35	4300	40.842393	0.0	2121928	4637	2503.70753719	4.3
1594288640.55	4300	42.647037	0.0	2219102	2047	4475.23547816	4.3
1594288642.31	4300	44.887928	0.0	2124950	1623	8759.16389806	4.3
1594288644.46	4300	46.729144	0.0	2246506	2016	9893.19484719	4.3
1594288647.09	4300	48.106922	0.0	1961140	2498	7759.65920648	4.3
1594288651.57	4300	47.625918	0.0	2155012	4356	4806.83150483	4.3
1594288658.63	4300	42.241744	0.0	1433658	6956	2111.66570684	4.3

