1594288277.9	750	4	0.223	181801	119	3606.19249213	-0.9589
1594288280.41	4300	5.487498	0.0	2123065	2227	4287.01400116	0.75
1594288284.47	4300	5.422451	0.0	2177073	3917	4966.84645967	4.3
1594288290.1	2850	4.413435	0.62	1520281	5372	2056.07963793	-1.2659999999999998
1594288292.1	300	6.412039	0.0	163442	1738	1764.05228609	-2.25
1594288292.89	300	9.62667	0.0	126289	165	992.423613049	0.3
1594288293.37	300	13.146878	0.0	153295	343	1546.97111595	0.3
1594288293.66	300	16.851478	0.0	173849	157	1816.43825537	0.3
1594288293.92	300	20.598066	0.0	150710	123	2179.70426902	0.3
1594288294.38	300	24.137293	0.0	139105	332	2597.26976514	0.3
1594288297.49	4300	25.022965	0.0	2173522	2969	3680.83705632	0.2999999999999998
1594288300.19	4300	26.323705	0.0	2102452	2546	6003.30814877	4.3
1594288303.15	4300	27.360361	0.0	2209463	2821	6443.21391666	4.3
1594288306.12	4300	28.397878	0.0	2275376	2824	6304.97694531	4.3
1594288308.98	4300	29.53103	0.0	2005399	2731	6178.46849965	4.3
1594288312.83	4300	29.686457	0.0	2152483	3707	5167.22381029	4.3
1594288319.31	4300	27.205647	0.0	2289689	6335	3297.2600052	4.3
1594288322.64	4300	27.873073	0.0	2059512	3191	3440.2380819	4.3
1594288326.82	4300	27.69705	0.0	2220726	4038	4700.05947323	4.3
1594288330.99	4300	27.52083	0.0	2156729	4030	4327.97389778	4.3
1594288337.83	4300	24.683206	0.0	2039773	6604	2864.60032955	4.3
1594288348.32	4300	18.192873	0.0	2176469	10274	1767.02543774	4.3
1594288354.03	4300	16.480387	0.0	2221506	5576	2266.58546474	4.3
1594288358.63	2850	15.878447	0.0	1323990	4454	2667.21090623	1.4000000000000001
1594288360.68	1850	17.833995	0.0	897976	1801	2451.30005349	0.8500000000000001
1594288362.88	1850	19.637166	0.0	905935	2046	3715.64697371	1.85
1594288364.9	1850	21.618179	0.0	1076599	1883	3704.35193752	1.85
1594288367.78	4300	22.730515	0.0	1972048	2741	4817.7401663	1.8499999999999996
1594288369.73	4300	24.783028	0.0	2134614	1807	6282.35527309	4.3
1594288371.25	4300	27.265864	0.0	2164140	1380	9530.75535982	4.3
1594288373.25	4300	29.274869	0.0	2113193	1849	11360.2238711	4.3
1594288376.78	4300	29.728602	0.0	2147852	3399	6919.1647959	4.3
1594288379.66	4300	30.854319	0.0	2191074	2738	5340.29971149	4.3
1594288381.52	4300	32.997983	0.0	2286761	1721	6977.57483857	4.3
1594288383.35	4300	35.162823	0.0	2307787	1699	10447.0444003	4.3
1594288384.62	4300	37.89478	0.0	2143948	1130	11212.5952162	4.3
1594288385.94	4300	40.570576	0.0	1919781	1187	13957.4281273	4.3
1594288388.02	4300	42.497799	0.0	2147467	1935	11478.2064612	4.3
1594288390.63	4300	43.886053	0.0	2133870	2463	8033.33084454	4.3
1594288392.83	4300	45.68812	0.0	2146120	2037	7185.60004485	4.3
1594288398.59	4300	43.927128	0.0	2108491	5618	4484.16717248	4.3
1594288407.91	4300	38.609127	0.0	2184571	9152	2041.48673703	4.3
1594288412.7	4300	37.811405	0.0	2121928	4657	2485.82929149	4.3
1594288414.4	2850	40.109993	0.0	1587250	1562	4211.67947473	1.4000000000000001
1594288415.83	2850	42.682043	0.0	1464921	1293	7701.7198649	2.85
1594288416.98	2850	45.533036	0.0	1483527	1013	8961.32163952	2.85
1594288418.96	4300	47.557973	0.0	1961140	1831	10614.0099132	2.8499999999999996
1594288421.94	4300	48.571645	0.0	2155012	2865	7333.46348803	4.3
1594288425.0	4300	47.189108	0.0	1433658	2942	4972.26579449	4.3

