1594285065.77	750	4	0.314	181801	217	6702.34101382	-1.3502
1594285068.9	4300	4.873303	0.0	2123065	2843	6020.54040768	0.75
1594285072.02	4300	5.750687	0.0	2177073	2981	5931.36391065	4.3
1594285074.67	4300	7.103606	0.0	2160877	2484	6198.13286223	4.3
1594285077.62	4300	8.148094	0.0	2233056	2801	6241.63652221	4.3
1594285079.89	4300	9.883514	0.0	1941625	2127	6383.50006358	4.3
1594285082.23	4300	11.543528	0.0	2157535	2198	6706.29274787	4.3
1594285096.13	4300	4.407413	2.767	2290172	13751	1998.71702927	-7.598100000000001
1594285099.64	4300	4.899262	0.0	2055469	3375	2017.00466506	4.3
1594285105.57	2850	4.424189	1.462	1429765	5709	1881.65853694	-4.886599999999999
1594285107.07	2850	6.928966	0.0	1354548	1359	1843.88605141	2.85
1594285109.08	2850	8.91588	0.0	1519951	1872	1820.05507031	2.85
1594285111.83	2850	10.168396	0.0	1422919	2609	3245.20758083	2.85
1594285115.71	4300	10.285377	0.0	2275376	3731	3271.38286295	2.8499999999999996
1594285117.92	4300	12.07455	0.0	2005399	2068	5574.50558919	4.3
1594285120.15	4300	13.852252	0.0	2152483	2083	5698.71923742	4.3
1594285122.39	4300	15.61174	0.0	2289689	2101	5933.41318674	4.3
1594285124.27	4300	17.731673	0.0	2059512	1743	6862.76051428	4.3
1594285126.29	4300	19.703864	0.0	2220726	1887	8635.53427986	4.3
1594285128.21	4300	21.785036	0.0	2156729	1771	9046.25601567	4.3
1594285130.11	4300	23.889875	0.0	2039773	1741	9305.0363154	4.3
1594285132.3	4300	25.693006	0.0	2176469	2036	9266.72816729	4.3
1594285134.53	4300	27.463356	0.0	2221506	2094	9051.44304208	4.3
1594285136.68	4300	29.316374	0.0	2044075	2007	8782.5425474	4.3
1594285138.71	4300	31.292101	0.0	2186790	1884	8717.88961416	4.3
1594285140.47	4300	33.530587	0.0	2105231	1627	8841.6954739	4.3
1594285142.55	4300	35.449624	0.0	2395588	1927	9111.85824709	4.3
1594285144.17	4300	37.824999	0.0	1972048	1482	9503.20846949	4.3
1594285145.87	4300	40.131538	0.0	2134614	1556	10153.0796128	4.3
1594285147.5	4300	42.499498	0.0	2164140	1484	10638.4904793	4.3
1594285149.11	4300	44.889009	0.0	2113193	1465	10857.3300394	4.3
1594285150.65	4300	47.348549	0.0	2147852	1399	11379.6335007	4.3
1594285152.01	4300	49.98765	0.0	2191074	1225	11972.4881471	4.3
1594285153.38	4300	52.615401	0.0	2286761	1213	12705.5138008	4.3
1594285155.44	4300	54.555427	0.0	2307787	1880	12003.2877265	4.3
1594285157.44	4300	56.556434	0.0	2143948	1857	11263.469709	4.3
1594285159.18	4300	58.813048	0.0	1919781	1606	10710.6535969	4.3
1594285162.37	4300	59.636197	0.0	2147467	1541	10392.9141566	4.3
1594285166.25	4300	59.886166	0.0	2133870	2221	9219.12531076	4.3
1594285170.56	4300	59.636179	0.0	2146120	2171	8775.54236948	4.3
1594285174.13	4300	59.886193	0.0	2108491	1935	8678.85300395	4.3
1594285178.31	4300	59.886147	0.0	2184571	2050	8519.55309772	4.3
1594285182.39	4300	59.636215	0.0	2121928	2432	7864.85100857	4.3
1594285186.16	4300	59.886165	0.0	2219102	2128	7994.26212875	4.3
1594285190.43	4300	59.636216	0.0	2124950	2143	7999.45641171	4.3
1594285194.54	4300	59.63621	0.0	2246506	1975	8059.15948271	4.3
1594285198.19	4300	59.886188	0.0	1961140	2009	7928.365904	4.3
1594285202.46	4300	59.63621	0.0	2155012	2655	7746.40098293	4.3
1594285203.95	4300	59.724306	0.0	1433658	1379	7702.8657229	4.3

