1594293226.74	750	4	0.181	181801	81	5451.42274117	-0.7783
1594293228.48	4300	6.387197	0.0	2123065	1469	6594.23549907	0.75
1594293229.92	4300	8.949528	0.0	2177073	1231	11641.2766615	4.3
1594293231.17	4300	11.700496	0.0	2160877	1105	13770.0494446	4.3
1594293232.7	4300	14.169622	0.0	2233056	1385	14873.533808	4.3
1594293233.93	4300	16.940936	0.0	1941625	1084	13248.5673659	4.3
1594293235.19	4300	19.676101	0.0	2157535	1122	14196.2857226	4.3
1594293236.49	4300	22.374431	0.0	2290172	1159	15120.6852725	4.3
1594293237.7	4300	25.172549	0.0	2055469	1048	15609.6712129	4.3
1594293238.95	4300	27.92142	0.0	2169201	1110	15660.6775424	4.3
1594293240.18	4300	30.686196	0.0	2173522	1094	15664.3974712	4.3
1594293241.41	4300	33.457497	0.0	2102452	1075	15804.965875	4.3
1594293242.66	4300	36.212427	0.0	2209463	1089	15789.7595312	4.3
1594293243.94	4300	38.932114	0.0	2275376	1139	16078.79213	4.3
1594293245.09	4300	41.781453	0.0	2005399	1009	15970.6454911	4.3
1594293246.32	4300	44.544622	0.0	2152483	1096	15861.2523965	4.3
1594293248.19	4300	46.674482	0.0	2289689	1725	14038.3295284	4.3
1594293249.41	4300	49.454282	0.0	2059512	1079	11667.415752	4.3
1594293250.76	4300	52.112265	0.0	2220726	1194	14336.5551967	4.3
1594293252.0	4300	54.86525	0.0	2156729	1107	14801.4091464	4.3
1594293253.15	4300	57.722008	0.0	2039773	1002	15393.788927	4.3
1594293255.38	4300	59.499795	0.0	2176469	1079	16086.9400417	4.3
1594293259.23	4300	59.749786	0.0	2221506	1202	14786.3862127	4.3
1594293263.37	4300	59.749845	0.0	2044075	994	16337.6895548	4.3
1594293267.62	4300	59.499806	0.0	2186790	1108	15789.334254	4.3
1594293271.26	4300	59.74984	0.0	2105231	1487	11328.3859224	4.3
1594293275.13	4300	59.749832	0.0	2395588	2235	8575.5216228	4.3
1594293279.49	4300	59.499837	0.0	1972048	1723	9144.41909011	4.3
1594293283.53	4300	59.499808	0.0	2134614	2392	7139.46859893	4.3
1594293287.43	4300	59.499799	0.0	2164140	2747	6303.33257535	4.3
1594293291.5	4300	59.499828	0.0	2113193	2428	6939.95255044	4.3
1594293296.04	4300	58.823486	0.0	2147852	4395	5015.57548912	4.3
1594293299.3	4300	59.749818	0.0	2191074	1115	14169.506001	4.3
1594293303.53	4300	59.49979	0.0	2286761	1576	11608.2418365	4.3
1594293307.35	4300	59.749827	0.0	2307787	1178	15415.4093918	4.3
1594293311.59	4300	59.499813	0.0	2143948	1101	15578.2225553	4.3
1594293315.24	4300	59.749844	0.0	1919781	1508	10188.0973016	4.3
1594293319.01	4300	59.857832	0.0	2147467	3630	7089.35382188	4.3
1594293323.24	4300	59.749836	0.0	2133870	2089	8095.05929977	4.3
1594293327.55	4300	59.499794	0.0	2146120	1664	10274.0665845	4.3
1594293331.31	4300	59.749839	0.0	2108491	1619	10413.2333745	4.3
1594293335.6	4300	59.499809	0.0	2184571	1647	10606.4328099	4.3
1594293339.3	4300	59.7498	0.0	2121928	1062	15493.1446415	4.3
1594293343.51	4300	59.49983	0.0	2219102	1066	16606.1720934	4.3
1594293347.13	4300	59.749826	0.0	2124950	978	17299.6585083	4.3
1594293351.34	4300	59.749838	0.0	2246506	1073	16749.6363998	4.3
1594293355.36	4300	59.749843	0.0	1961140	892	17513.3459124	4.3
1594293359.53	4300	59.499828	0.0	2155012	1038	16609.5340464	4.3
1594293360.78	4300	59.929756	0.0	1433658	634	17045.3228142	4.3

