1594288729.25	750	3.999833	0.334	181801	223	2600.8154325	-1.4362000000000001
1594288732.56	4300	4.686977	0.0	2123065	3068	3394.96940626	0.75
1594288737.23	4300	4.49822	0.482	2177073	4532	4437.18037485	2.2274
1594288744.78	2850	4.480214	3.532	1520281	7320	1635.22944561	-13.787599999999998
1594288745.08	300	8.180061	0.0	163442	151	1790.71142899	-2.25
1594288745.55	300	11.709751	0.0	126289	320	2168.70398528	0.3
1594288745.89	300	15.368418	0.0	153295	201	2338.57676977	0.3
1594288746.95	1200	18.309351	0.0	709534	833	2564.57619457	0.29999999999999993
1594288748.52	1850	20.735476	0.0	852833	1316	3048.56436124	1.2000000000000002
1594288751.34	4300	21.916775	0.0	2169201	2672	5385.59391087	1.8499999999999996
1594288754.24	4300	23.014737	0.0	2173522	2753	6410.59076017	4.3
1594288756.95	4300	24.309326	0.0	2102452	2569	6362.37067886	4.3
1594288760.08	4300	25.172117	0.0	2209463	3003	6216.35120423	4.3
1594288764.27	4300	24.987896	0.0	2275376	4035	5052.44901893	4.3
1594288770.23	4300	23.027965	0.0	2005399	5816	3215.69420606	4.3
1594288773.74	4300	23.521051	0.0	2152483	3371	3353.62722188	4.3
1594288778.07	4300	23.184924	0.0	2289689	4199	4469.50016075	4.3
1594288782.02	4300	23.233087	0.0	2059512	3813	4338.15362139	4.3
1594288789.37	4300	19.886329	0.0	2220726	7157	2834.15152849	4.3
1594288796.69	2850	16.568665	0.0	1336050	7171	1679.67668759	1.4000000000000001
1594288800.31	1850	16.944172	0.0	891604	3471	1637.11420819	0.8500000000000001
1594288802.82	1850	18.432802	0.0	955231	2376	2270.85966416	1.85
1594288805.47	1850	19.788604	0.0	968026	2498	3165.3536261	1.85
1594288809.04	1850	20.212342	0.0	874175	3437	2516.29064913	1.85
1594288811.07	1850	22.185226	0.0	897976	1874	2534.96350888	1.85
1594288813.15	1850	24.101799	0.0	905935	1938	3776.24411343	1.85
1594288816.1	2850	25.151956	0.0	1547572	2809	3884.11850375	1.85
1594288818.92	4300	26.331597	0.0	1972048	2675	4715.30257765	2.8499999999999996
1594288820.87	4300	28.381923	0.0	2134614	1812	6837.49612641	4.3
1594288822.43	4300	30.824689	0.0	2164140	1404	9539.93772004	4.3
1594288824.43	4300	32.823625	0.0	2113193	1861	11194.382632	4.3
1594288827.96	4300	33.294576	0.0	2147852	3395	6897.21932902	4.3
1594288830.85	4300	34.405992	0.0	2191074	2731	5347.65065336	4.3
1594288832.64	4300	36.612044	0.0	2286761	1657	7023.42202678	4.3
1594288834.48	4300	38.778503	0.0	2307787	1700	10768.7138746	4.3
1594288835.81	4300	41.443208	0.0	2143948	1199	11187.9225071	4.3
1594288837.19	4300	44.06852	0.0	1919781	1227	13470.050413	4.3
1594288839.27	4300	45.988049	0.0	2147467	1940	11197.1302157	4.3
1594288841.8	4300	47.461523	0.0	2133870	2386	8134.72194155	4.3
1594288843.96	4300	49.300914	0.0	2146120	2004	7395.31118579	4.3
1594288849.92	4300	47.335921	0.0	2108491	5823	4373.59575091	4.3
1594288859.11	4300	42.151589	0.0	2184571	9049	2050.64860819	4.3
1594288863.9	4300	41.358873	0.0	2121928	4632	2504.36956332	4.3
1594288866.08	4300	43.18018	0.0	2219102	2041	5164.04785652	4.3
1594288867.84	4300	45.411907	0.0	2124950	1630	8774.27833135	4.3
1594288869.98	4300	47.276289	0.0	2246506	2008	9880.01273991	4.3
1594288872.58	4300	48.678006	0.0	1961140	2471	7179.59447622	4.3
1594288876.93	4300	48.331319	0.0	2155012	4229	4932.06394813	4.3
1594288884.1	4300	42.839254	0.0	1433658	7060	2104.4003213	4.3

