1594288954.52	750	4	0.285	181801	172	4171.66945399	-1.2255
1594288956.95	4300	5.563757	0.0	2123065	2173	4400.03388626	0.75
1594288960.94	4300	5.571812	0.0	2177073	3843	5883.48260298	4.3
1594288969.77	4300	4.493236	3.745	2160877	8683	2332.6821464	-11.8035
1594288970.19	300	8.069343	0.0	163442	293	2110.45128791	-3.7
1594288970.47	300	11.793074	0.0	126289	143	2341.82250052	0.3
1594288971.59	1200	14.668443	0.0	561791	878	2470.60501342	0.29999999999999993
1594288973.35	1850	16.914786	0.0	1060487	1529	2903.11254811	1.2000000000000002
1594288974.64	1850	19.619815	0.0	852833	1142	5160.60684322	1.85
1594288977.72	4300	20.535441	0.0	2169201	2923	5934.25485218	1.8499999999999996
1594288980.41	4300	21.847949	0.0	2173522	2553	6110.34671685	4.3
1594288983.23	4300	23.035226	0.0	2102452	2674	6441.43281901	4.3
1594288986.32	4300	23.943588	0.0	2209463	2953	6139.52933126	4.3
1594288991.04	4300	23.218622	0.0	2275376	4582	4671.05173324	4.3
1594288996.79	4300	21.468464	0.0	2005399	5615	3162.02638491	4.3
1594289000.05	4300	22.213104	0.0	2152483	3114	3489.2062995	4.3
1594289004.55	4300	21.709837	0.0	2289689	4359	4687.14625888	4.3
1594289009.82	4300	20.440727	0.0	2059512	5127	3306.08823575	4.3
1594289016.41	4300	17.847419	0.0	2220726	6454	2856.43514083	4.3
1594289024.49	2850	13.77213	0.0	1336050	7830	1235.2722516	1.4000000000000001
1594289027.15	1850	15.106112	0.0	891604	2523	1652.14568105	0.8500000000000001
1594289029.42	1850	16.84371	0.0	955231	2120	2949.61919634	1.85
1594289033.11	1850	17.15132	0.0	968026	3552	2807.16208571	1.85
1594289035.64	1850	18.621267	0.0	874175	2392	2319.68088867	1.85
1594289037.59	1850	20.669337	0.0	897976	1815	3064.11869794	1.85
1594289039.74	1850	22.5223	0.0	905935	2002	3832.84370017	1.85
1594289042.26	2850	23.997046	0.0	1547572	2385	3916.1639791	1.85
1594289044.96	4300	25.300414	0.0	1972048	2557	5381.68267928	2.8499999999999996
1594289046.82	4300	27.441528	0.0	2134614	1720	7127.75752395	4.3
1594289048.48	4300	29.778421	0.0	2164140	1526	9877.83201024	4.3
1594289050.56	4300	31.700177	0.0	2113193	1915	10444.9276907	4.3
1594289054.04	4300	32.217892	0.0	2147852	3337	6850.78317532	4.3
1594289056.92	4300	33.344343	0.0	2191074	2733	5416.46224511	4.3
1594289058.68	4300	35.581842	0.0	2286761	1623	7038.77142127	4.3
1594289060.43	4300	37.828495	0.0	2307787	1603	11010.4987568	4.3
1594289061.69	4300	40.573497	0.0	2143948	1109	11792.1219878	4.3
1594289063.26	4300	42.997246	0.0	1919781	1430	14099.7236228	4.3
1594289065.5	4300	44.761965	0.0	2147467	2101	9755.78297003	4.3
1594289068.03	4300	46.234157	0.0	2133870	2381	7504.86900954	4.3
1594289069.97	4300	48.292649	0.0	2146120	1802	7522.12220988	4.3
1594289076.92	4300	45.344698	0.0	2108491	6811	3938.1485111	4.3
1594289085.62	4300	40.637057	0.0	2184571	8565	2048.79458371	4.3
1594289089.15	2850	41.114457	0.0	1343002	3369	2331.24518466	1.4000000000000001
1594289090.86	2850	43.396999	0.0	1587250	1574	3805.75558112	2.85
1594289092.33	2850	45.931929	0.0	1464921	1331	7656.69324562	2.85
1594289093.46	2850	48.795653	0.0	1483527	1006	8758.75019624	2.85
1594289095.27	4300	50.990537	0.0	1961140	1678	10919.0268141	2.8499999999999996
1594289097.98	4300	52.278175	0.0	2155012	2591	8135.49171571	4.3
1594289100.83	4300	51.10965	0.0	1433658	2726	5510.54344865	4.3

