1575950229.03	750	4	1.197	2354772	1089	17298.600551	-5.147099999999999
1575950229.66	1850	8	0.0	957685	391	18446.589278	0.75
1575950230.14	1850	12	0.0	877771	383	18409.2736179	1.85
1575950231.31	4300	16.0	0.0	2160877	1061	17880.2389081	1.8499999999999996
1575950232.87	4300	20	0.0	2233056	1443	16650.6074813	4.3
1575950233.99	4300	24	0.0	1941625	1019	15562.8069447	4.3
1575950235.05	4300	28	0.0	2157535	952	15511.7829249	4.3
1575950236.07	4300	32	0.0	2290172	919	16422.551461	4.3
1575950236.9	4300	36	0.0	2055469	731	18951.2509442	4.3
1575950237.79	4300	40	0.0	2169201	784	20674.083	4.3
1575950238.68	4300	44	0.0	2173522	790	21644.0337871	4.3
1575950239.66	4300	48	0.0	2102452	879	21443.7176201	4.3
1575950240.71	4300	52	0.0	2209463	942	20511.0036722	4.3
1575950241.62	4300	56	0.0	2275376	794	20708.7533445	4.3
