1575950849.87	750	4	1.999	2354772	1876	10041.6716418	-8.595699999999999
1575950850.76	1850	8	0.0	957685	679	10662.5736707	0.75
1575950851.48	1850	12	0.0	877771	617	10902.0982764	1.85
1575950852.26	1850	16.0	0.0	933276	678	10929.600256	1.85
1575950853.86	4300	20	0.0	2233056	1492	11412.5549997	1.8499999999999996
1575950855.18	4300	24	0.0	1941625	1222	11769.4683988	4.3
1575950856.57	4300	28	0.0	2157535	1280	12295.3299644	4.3
1575950858.02	4300	32	0.0	2290172	1347	12942.7072761	4.3
1575950859.28	4300	36	0.0	2055469	1158	13499.3674372	4.3
1575950860.6	4300	40	0.0	2169201	1211	13904.0805714	4.3
1575950861.83	4300	44	0.0	2173522	1124	14400.4090023	4.3
1575950862.99	4300	48	0.0	2102452	1064	14951.9825854	4.3
1575950864.25	4300	52	0.0	2209463	1159	15214.6555511	4.3
1575950865.49	4300	56	0.0	2275376	1141	15620.5492251	4.3
