1575950745.75	750	4	1.183	2354772	1075	17523.8846512	-5.0869
1575950746.37	1850	8	0.0	957685	392	18534.2382439	0.75
1575950746.86	1850	12	0.0	877771	386	18420.2071885	1.85
1575950748.03	4300	16.0	0.0	2160877	1059	17896.1317842	1.8499999999999996
1575950749.58	4300	20	0.0	2233056	1447	16601.6236484	4.3
1575950750.71	4300	24	0.0	1941625	1026	15500.3197438	4.3
1575950751.77	4300	28	0.0	2157535	953	15480.1638521	4.3
1575950752.79	4300	32	0.0	2290172	919	16383.23969	4.3
1575950753.61	4300	36	0.0	2055469	726	18959.2256988	4.3
1575950754.47	4300	40	0.0	2169201	753	20935.8716841	4.3
1575950755.36	4300	44	0.0	2173522	793	21889.7617981	4.3
1575950756.36	4300	48	0.0	2102452	891	21625.0182094	4.3
1575950757.41	4300	52	0.0	2209463	944	20643.6348516	4.3
1575950758.3	4300	56	0.0	2275376	785	20679.2811175	4.3
