1575950435.72	750	4	1.188	2354772	1088	17314.5	-5.1084
1575950436.34	1850	8	0.0	957685	406	18092.570197	0.75
1575950436.83	1850	12	0.0	877771	386	18125.7618239	1.85
1575950438.0	4300	16.0	0.0	2160877	1058	17679.1550163	1.8499999999999996
1575950439.54	4300	20	0.0	2233056	1432	16469.3233124	4.3
1575950440.67	4300	24	0.0	1941625	1023	15547.6065179	4.3
1575950441.73	4300	28	0.0	2157535	968	15457.2871906	4.3
1575950442.76	4300	32	0.0	2290172	925	16324.1767855	4.3
1575950443.58	4300	36	0.0	2055469	725	18875.6427997	4.3
1575950444.45	4300	40	0.0	2169201	767	20736.025441	4.3
1575950445.36	4300	44	0.0	2173522	794	21753.1749976	4.3
1575950446.35	4300	48	0.0	2102452	884	21558.1304874	4.3
1575950447.4	4300	52	0.0	2209463	955	20515.018821	4.3
1575950448.29	4300	56	0.0	2275376	780	20692.9903116	4.3
