1575950539.07	750	4	1.187	2354772	1084	17378.3911439	-5.1041
1575950539.69	1850	8	0.0	957685	406	18124.515769	0.75
1575950540.18	1850	12	0.0	877771	385	18162.8096469	1.85
1575950541.35	4300	16.0	0.0	2160877	1061	17695.3909298	1.8499999999999996
1575950542.89	4300	20	0.0	2233056	1431	16471.7658901	4.3
1575950544.02	4300	24	0.0	1941625	1023	15550.0490956	4.3
1575950545.08	4300	28	0.0	2157535	961	15480.3870499	4.3
1575950546.13	4300	32	0.0	2290172	952	16218.3890695	4.3
1575950546.93	4300	36	0.0	2055469	690	19055.2974826	4.3
1575950547.81	4300	40	0.0	2169201	779	20828.5480169	4.3
1575950548.71	4300	44	0.0	2173522	794	21813.2272107	4.3
1575950549.7	4300	48	0.0	2102452	885	21753.2454512	4.3
1575950550.75	4300	52	0.0	2209463	954	20427.3621954	4.3
1575950551.63	4300	56	0.0	2275376	780	20692.465793	4.3
