1575950125.75	750	4	1.176	2354772	1073	17556.5479963	-5.0568
1575950126.38	1850	8	0.0	957685	404	18260.3037011	0.75
1575950126.87	1850	12	0.0	877771	385	18253.3349349	1.85
1575950128.04	4300	16.0	0.0	2160877	1058	17774.8348496	1.8499999999999996
1575950129.57	4300	20	0.0	2233056	1432	16504.4911466	4.3
1575950130.7	4300	24	0.0	1941625	1025	15552.0128805	4.3
1575950131.76	4300	28	0.0	2157535	966	15459.1096996	4.3
1575950132.78	4300	32	0.0	2290172	907	16424.269436	4.3
1575950133.62	4300	36	0.0	2055469	738	18875.8528337	4.3
1575950134.48	4300	40	0.0	2169201	755	20833.5440629	4.3
1575950135.37	4300	44	0.0	2173522	793	21848.3683849	4.3
1575950136.37	4300	48	0.0	2102452	893	21507.1140819	4.3
1575950137.42	4300	52	0.0	2209463	943	20622.7670806	4.3
1575950138.3	4300	56	0.0	2275376	776	20740.9104	4.3
