1575950022.4	750	4	1.194	2354772	1085	17362.3741935	-5.1342
1575950023.02	1850	8	0.0	957685	405	18139.8043807	0.75
1575950023.5	1850	12	0.0	877771	386	18157.2512797	1.85
1575950024.68	4300	16.0	0.0	2160877	1059	17698.9148526	1.8499999999999996
1575950026.21	4300	20	0.0	2233056	1430	16481.476549	4.3
1575950027.34	4300	24	0.0	1941625	1023	15548.111211	4.3
1575950028.41	4300	28	0.0	2157535	962	15485.5946921	4.3
1575950029.44	4300	32	0.0	2290172	926	16350.9941092	4.3
1575950030.25	4300	36	0.0	2055469	719	18945.416055	4.3
1575950031.12	4300	40	0.0	2169201	767	20805.7986962	4.3
1575950032.03	4300	44	0.0	2173522	795	21788.2588199	4.3
1575950033.02	4300	48	0.0	2102452	885	21593.1869648	4.3
1575950034.08	4300	52	0.0	2209463	954	20507.6076778	4.3
1575950034.96	4300	56	0.0	2275376	780	20685.5791685	4.3
