1575949919.13	750	4	1.198	2354772	1090	17282.7302752	-5.1514
1575949919.75	1850	8	0.0	957685	404	18123.3948406	0.75
1575949920.24	1850	12	0.0	877771	386	18146.3115863	1.85
1575949921.41	4300	16.0	0.0	2160877	1059	17690.7100825	1.8499999999999996
1575949922.95	4300	20	0.0	2233056	1430	16493.1827585	4.3
1575949924.07	4300	24	0.0	1941625	1024	15544.4042351	4.3
1575949925.14	4300	28	0.0	2157535	968	15454.0849079	4.3
1575949926.18	4300	32	0.0	2290172	936	16266.6384296	4.3
1575949926.97	4300	36	0.0	2055469	692	19084.1450345	4.3
1575949927.84	4300	40	0.0	2169201	772	20911.6004162	4.3
1575949928.75	4300	44	0.0	2173522	794	21928.7499728	4.3
1575949929.74	4300	48	0.0	2102452	893	21743.95914	4.3
1575949930.79	4300	52	0.0	2209463	944	20484.3629683	4.3
1575949931.67	4300	56	0.0	2275376	776	20729.0423925	4.3
