1575950332.41	750	4	1.214	2354772	1102	17094.5335753	-5.2202
1575950333.04	1850	8	0.0	957685	411	17867.8020675	0.75
1575950333.52	1850	12	0.0	877771	383	18023.4154775	1.85
1575950334.68	4300	16.0	0.0	2160877	1055	17614.0108972	1.8499999999999996
1575950336.23	4300	20	0.0	2233056	1432	16459.1707995	4.3
1575950337.35	4300	24	0.0	1941625	1016	15620.9996163	4.3
1575950338.41	4300	28	0.0	2157535	954	15560.4732138	4.3
1575950339.45	4300	32	0.0	2290172	929	16394.4265081	4.3
1575950340.27	4300	36	0.0	2055469	711	19057.543198	4.3
1575950341.16	4300	40	0.0	2169201	777	20818.9756988	4.3
1575950342.07	4300	44	0.0	2173522	801	21722.8627504	4.3
1575950343.08	4300	48	0.0	2102452	911	21408.1615939	4.3
1575950344.13	4300	52	0.0	2209463	947	20292.4881444	4.3
1575950345.04	4300	56	0.0	2275376	795	20433.1755391	4.3
