1575950642.44	750	4	1.178	2354772	1074	17540.2011173	-5.0653999999999995
1575950643.06	1850	8	0.0	957685	404	18252.1302616	0.75
1575950643.55	1850	12	0.0	877771	386	18232.1352003	1.85
1575950644.72	4300	16.0	0.0	2160877	1059	17755.0777931	1.8499999999999996
1575950646.26	4300	20	0.0	2233056	1433	16486.6444014	4.3
1575950647.39	4300	24	0.0	1941625	1034	15501.1904783	4.3
1575950648.46	4300	28	0.0	2157535	961	15443.3415138	4.3
1575950649.47	4300	32	0.0	2290172	907	16412.3585058	4.3
1575950650.31	4300	36	0.0	2055469	730	18927.1635359	4.3
1575950651.16	4300	40	0.0	2169201	751	20948.4361627	4.3
1575950652.06	4300	44	0.0	2173522	790	21960.8361996	4.3
1575950653.05	4300	48	0.0	2102452	894	21614.3148506	4.3
1575950654.1	4300	52	0.0	2209463	945	20659.0051021	4.3
1575950654.98	4300	56	0.0	2275376	774	20761.6960947	4.3
