1576486885.76	750	4	0.646	450283	515	6994.68737864	-2.7777999999999996
1576486888.85	4300	8	0.0	2123065	2843	6110.89232184	0.75
1576486891.93	4300	12	0.0	2177073	2933	6029.12067949	4.3
1576486894.61	4300	16.0	0.0	2160877	2540	6233.76134758	4.3
1576486897.65	4300	20	0.0	2233056	2899	6215.94116913	4.3
1576486899.88	4300	24	0.0	1941625	2115	6343.27472679	4.3
1576486902.24	4300	28	0.0	2157535	2230	6645.35570862	4.3
1576486916.24	4300	32	0.0	2290172	13867	1984.92123818	4.3
1576486919.99	4300	36	0.0	2055469	3577	2003.85835892	4.3
1576486926.75	4300	40	0.0	2169201	6626	1976.04326096	4.3
1576486929.66	4300	44	0.0	2173522	2778	2000.46953219	4.3
1576486934.42	4300	48	0.0	2102452	4598	2028.19369378	4.3
1576486937.18	4300	52	0.0	2209463	2584	3743.17920072	4.3
1576486939.69	4300	56	0.0	2275376	2365	3855.14839947	4.3
