1576487554.73	750	4	3.261	2354772	3122	6034.00896861	-14.0223
1576487557.77	4300	8	0.0	2123065	2897	5950.37164466	0.75
1576487560.33	4300	12	0.0	2177073	2410	6266.84709739	4.3
1576487563.47	4300	16.0	0.0	2160877	2971	6143.50017344	4.3
1576487566.13	4300	20	0.0	2233056	2510	6299.01708863	4.3
1576487568.26	4300	24	0.0	1941625	1988	6567.57136721	4.3
1576487581.84	4300	28	0.0	2157535	13438	1957.21691457	4.3
1576487585.79	4300	32	0.0	2290172	3784	1997.42890712	4.3
1576487592.6	4300	36	0.0	2055469	6628	1952.02692567	4.3
1576487595.41	4300	40	0.0	2169201	2670	1955.21663487	4.3
1576487600.4	4300	44	0.0	2173522	4805	2001.10561137	4.3
1576487602.65	4300	48	0.0	2102452	2090	3664.5717878	4.3
1576487605.26	4300	52	0.0	2209463	2476	3721.37339792	4.3
1576487608.61	4300	56	0.0	2275376	3195	5243.07318096	4.3
