1576487388.15	750	4	3.264	2354772	3122	6034.00896861	-14.0352
1576487391.18	4300	8	0.0	2123065	2893	5954.44412285	0.75
1576487393.75	4300	12	0.0	2177073	2413	6268.58694528	4.3
1576487396.66	4300	16.0	0.0	2160877	2743	6276.8144863	4.3
1576487399.61	4300	20	0.0	2233056	2809	6293.29831982	4.3
1576487401.72	4300	24	0.0	1941625	1984	6560.66837076	4.3
1576487415.3	4300	28	0.0	2157535	13438	1960.87552522	4.3
1576487419.24	4300	32	0.0	2290172	3795	2000.95631064	4.3
1576487425.88	4300	36	0.0	2055469	6489	1966.00743511	4.3
1576487428.68	4300	40	0.0	2169201	2644	1959.88037497	4.3
1576487433.66	4300	44	0.0	2173522	4816	2005.83536472	4.3
1576487436.23	4300	48	0.0	2102452	2425	3712.23860857	4.3
1576487438.65	4300	52	0.0	2209463	2290	3775.29762179	4.3
1576487442.05	4300	56	0.0	2275376	3239	5208.5231115	4.3
