1576487221.49	750	4	3.268	2354772	3123	6032.07684918	-14.0524
1576487224.54	4300	8	0.0	2123065	2894	5952.4628498	0.75
1576487227.13	4300	12	0.0	2177073	2434	6255.37510897	4.3
1576487230.23	4300	16.0	0.0	2160877	2951	6147.45267741	4.3
1576487232.89	4300	20	0.0	2233056	2508	6303.0973642	4.3
1576487235.02	4300	24	0.0	1941625	2000	6568.76906162	4.3
1576487248.63	4300	28	0.0	2157535	13459	1954.40193035	4.3
1576487252.6	4300	32	0.0	2290172	3793	1993.86685016	4.3
1576487259.33	4300	36	0.0	2055469	6583	1951.30471011	4.3
1576487262.16	4300	40	0.0	2169201	2681	1954.85813702	4.3
1576487267.12	4300	44	0.0	2173522	4823	2000.25548821	4.3
1576487269.36	4300	48	0.0	2102452	2104	3676.36397738	4.3
1576487271.8	4300	52	0.0	2209463	2307	3735.71570098	4.3
1576487275.24	4300	56	0.0	2275376	3292	5222.87323838	4.3
