1576486971.61	750	4	3.271	2354772	3119	6039.8127605	-14.065299999999999
1576486974.65	4300	8	0.0	2123065	2893	5957.3356293	0.75
1576486977.23	4300	12	0.0	2177073	2418	6268.24221389	4.3
1576486980.46	4300	16.0	0.0	2160877	3069	6085.02650105	4.3
1576486983.06	4300	20	0.0	2233056	2465	6262.30444687	4.3
1576486985.18	4300	24	0.0	1941625	1981	6523.60770609	4.3
1576486998.76	4300	28	0.0	2157535	13439	1957.93934616	4.3
1576487002.71	4300	32	0.0	2290172	3794	1997.90027302	4.3
1576487009.41	4300	36	0.0	2055469	6557	1953.13149393	4.3
1576487012.2	4300	40	0.0	2169201	2644	1957.02399164	4.3
1576487017.14	4300	44	0.0	2173522	4793	2003.26856659	4.3
1576487019.75	4300	48	0.0	2102452	2473	3691.9319644	4.3
1576487022.18	4300	52	0.0	2209463	2283	3752.15959274	4.3
1576487025.58	4300	56	0.0	2275376	3214	5222.75722164	4.3
