1576487304.87	750	4	3.269	2354772	3118	6041.74983964	-14.0567
1576487307.94	4300	8	0.0	2123065	2891	5960.34095341	0.75
1576487310.51	4300	12	0.0	2177073	2419	6270.17929636	4.3
1576487313.54	4300	16.0	0.0	2160877	2871	6204.99850493	4.3
1576487316.2	4300	20	0.0	2233056	2517	6350.4834573	4.3
1576487318.36	4300	24	0.0	1941625	1981	6630.74407096	4.3
1576487331.95	4300	28	0.0	2157535	13458	1951.24942143	4.3
1576487335.9	4300	32	0.0	2290172	3789	1991.42302537	4.3
1576487342.62	4300	36	0.0	2055469	6573	1951.40441346	4.3
1576487345.44	4300	40	0.0	2169201	2644	1953.66570647	4.3
1576487350.39	4300	44	0.0	2173522	4792	2000.02715882	4.3
1576487352.95	4300	48	0.0	2102452	2423	3687.59941869	4.3
1576487355.37	4300	52	0.0	2209463	2289	3746.93964009	4.3
1576487358.78	4300	56	0.0	2275376	3257	5219.01435315	4.3
