1576487471.44	750	4	3.266	2354772	3120	6037.87692308	-14.0438
1576487474.52	4300	8	0.0	2123065	2891	5958.41062262	0.75
1576487477.08	4300	12	0.0	2177073	2417	6269.68048239	4.3
1576487479.96	4300	16.0	0.0	2160877	2742	6278.19911019	4.3
1576487482.67	4300	20	0.0	2233056	2525	6411.33187559	4.3
1576487484.81	4300	24	0.0	1941625	2003	6698.93073284	4.3
1576487498.36	4300	28	0.0	2157535	13401	1958.24423724	4.3
1576487502.01	4300	32	0.0	2290172	3519	1994.12573668	4.3
1576487508.72	4300	36	0.0	2055469	6520	1958.41936912	4.3
1576487511.22	4300	40	0.0	2169201	2367	1952.0077143	4.3
1576487516.17	4300	44	0.0	2173522	4779	1998.81713021	4.3
1576487518.81	4300	48	0.0	2102452	2502	3735.95265521	4.3
1576487521.27	4300	52	0.0	2209463	2303	3774.38945918	4.3
1576487524.76	4300	56	0.0	2275376	3307	5244.44450786	4.3
