1576487054.91	750	4	3.267	2354772	3122	6034.00896861	-14.048099999999998
1576487057.96	4300	8	0.0	2123065	2907	5940.19008147	0.75
1576487060.54	4300	12	0.0	2177073	2418	6254.02884248	4.3
1576487063.68	4300	16.0	0.0	2160877	2977	6130.99517224	4.3
1576487066.33	4300	20	0.0	2233056	2516	6285.88112608	4.3
1576487068.47	4300	24	0.0	1941625	1992	6549.99048295	4.3
1576487082.04	4300	28	0.0	2157535	13438	1958.08175214	4.3
1576487085.97	4300	32	0.0	2290172	3788	1998.00745947	4.3
1576487092.7	4300	36	0.0	2055469	6594	1953.74029545	4.3
1576487095.51	4300	40	0.0	2169201	2643	1955.99883193	4.3
1576487100.45	4300	44	0.0	2173522	4786	2001.93284848	4.3
1576487102.68	4300	48	0.0	2102452	2086	3680.56576422	4.3
1576487105.11	4300	52	0.0	2209463	2302	3740.10925793	4.3
1576487108.57	4300	56	0.0	2275376	3322	5248.17226992	4.3
