1576487138.17	750	4	3.277	2354772	3121	6035.94232618	-14.091099999999999
1576487141.2	4300	8	0.0	2123065	2893	5955.40795203	0.75
1576487143.79	4300	12	0.0	2177073	2433	6258.35805798	4.3
1576487146.74	4300	16.0	0.0	2160877	2797	6238.82204153	4.3
1576487149.4	4300	20	0.0	2233056	2526	6376.66784931	4.3
1576487151.56	4300	24	0.0	1941625	2007	6655.14061192	4.3
1576487165.08	4300	28	0.0	2157535	13387	1963.22551175	4.3
1576487168.74	4300	32	0.0	2290172	3520	1998.39654031	4.3
1576487175.97	4300	36	0.0	2055469	7040	1938.77563108	4.3
1576487178.75	4300	40	0.0	2169201	2643	1940.74706758	4.3
1576487183.69	4300	44	0.0	2173522	4789	1986.6793811	4.3
1576487186.28	4300	48	0.0	2102452	2451	3543.61750904	4.3
1576487188.71	4300	52	0.0	2209463	2290	3564.98302239	4.3
1576487192.1	4300	56	0.0	2275376	3240	5221.10978268	4.3
