1576487638.09	750	4	3.269	2354772	3118	6041.74983964	-14.0567
1576487641.12	4300	8	0.0	2123065	2898	5953.19568477	0.75
1576487643.69	4300	12	0.0	2177073	2411	6268.65507532	4.3
1576487646.71	4300	16.0	0.0	2160877	2850	6216.06984113	4.3
1576487649.37	4300	20	0.0	2233056	2522	6358.37009464	4.3
1576487651.55	4300	24	0.0	1941625	2006	6631.30432972	4.3
1576487665.18	4300	28	0.0	2157535	13471	1949.32532114	4.3
1576487669.18	4300	32	0.0	2290172	3845	1990.56814916	4.3
1576487676.05	4300	36	0.0	2055469	6727	1945.24620077	4.3
1576487678.95	4300	40	0.0	2169201	2707	1949.05374105	4.3
1576487683.93	4300	44	0.0	2173522	4831	1994.13130885	4.3
1576487686.59	4300	48	0.0	2102452	2511	3618.84372587	4.3
1576487689.01	4300	52	0.0	2209463	2267	3674.79648076	4.3
1576487692.27	4300	56	0.0	2275376	2993	5238.8324716	4.3
