1576479638.45	750	4	1.168	2354772	1062	17738.3954802	-5.0224
1576479639.52	4300	8	0.0	2123065	939	17913.1381022	0.75
1576479640.71	4300	12	0.0	2177073	1056	17439.751159	4.3
1576479642.23	4300	16.0	0.0	2160877	1386	16197.9619984	4.3
1576479643.55	4300	20	0.0	2233056	1187	15525.8837686	4.3
1576479644.57	4300	24	0.0	1941625	883	15401.7052071	4.3
1576479645.6	4300	28	0.0	2157535	898	16083.6613343	4.3
1576479646.57	4300	32	0.0	2290172	842	18405.351185	4.3
1576479647.39	4300	36	0.0	2055469	688	20618.0311261	4.3
1576479648.39	4300	40	0.0	2169201	862	21253.1884626	4.3
1576479649.45	4300	44	0.0	2173522	922	21162.7862818	4.3
1576479650.42	4300	48	0.0	2102452	829	20795.2083568	4.3
1576479651.39	4300	52	0.0	2209463	843	20061.9128763	4.3
1576479652.42	4300	56	0.0	2275376	893	20124.9907961	4.3
