1576479221.72	750	4	1.174	2354772	1063	17721.7083725	-5.0482
1576479222.79	4300	8	0.0	2123065	941	17885.572571	0.75
1576479223.98	4300	12	0.0	2177073	1059	17405.8000331	4.3
1576479225.5	4300	16.0	0.0	2160877	1389	16165.7639917	4.3
1576479226.82	4300	20	0.0	2233056	1188	15494.690434	4.3
1576479227.81	4300	24	0.0	1941625	861	15492.4938432	4.3
1576479228.86	4300	28	0.0	2157535	918	16081.4420864	4.3
1576479229.84	4300	32	0.0	2290172	848	18371.3771762	4.3
1576479230.99	4300	36	0.0	2055469	1007	18694.3851105	4.3
1576479232.01	4300	40	0.0	2169201	897	19020.7910708	4.3
1576479233.08	4300	44	0.0	2173522	941	18939.8795133	4.3
1576479233.95	4300	48	0.0	2102452	739	19228.5223376	4.3
1576479234.95	4300	52	0.0	2209463	870	20225.3861552	4.3
1576479236.0	4300	56	0.0	2275376	913	20373.2118978	4.3
