1576479471.72	750	4	1.172	2354772	1063	17721.7083725	-5.0396
1576479472.8	4300	8	0.0	2123065	942	17875.9921905	0.75
1576479473.98	4300	12	0.0	2177073	1056	17414.9872179	4.3
1576479475.51	4300	16.0	0.0	2160877	1390	16170.415953	4.3
1576479476.82	4300	20	0.0	2233056	1182	15518.4254081	4.3
1576479477.84	4300	24	0.0	1941625	877	15438.7355394	4.3
1576479478.89	4300	28	0.0	2157535	921	16000.6920898	4.3
1576479479.88	4300	32	0.0	2290172	852	18267.5071606	4.3
1576479480.69	4300	36	0.0	2055469	685	20490.4399554	4.3
1576479481.68	4300	40	0.0	2169201	861	21101.3552471	4.3
1576479482.73	4300	44	0.0	2173522	906	21214.2161886	4.3
1576479483.69	4300	48	0.0	2102452	828	20916.6120517	4.3
1576479484.66	4300	52	0.0	2209463	848	20126.2403502	4.3
1576479485.68	4300	56	0.0	2275376	894	20177.772547	4.3
