1576479305.06	750	4	1.173	2354772	1062	17738.3954802	-5.0439
1576479306.13	4300	8	0.0	2123065	942	17884.3357444	0.75
1576479307.32	4300	12	0.0	2177073	1059	17404.9754821	4.3
1576479308.84	4300	16.0	0.0	2160877	1385	16174.1316116	4.3
1576479310.15	4300	20	0.0	2233056	1184	15511.5867956	4.3
1576479311.12	4300	24	0.0	1941625	841	15621.4375318	4.3
1576479312.14	4300	28	0.0	2157535	882	16402.243407	4.3
1576479313.12	4300	32	0.0	2290172	849	18676.8304506	4.3
1576479313.95	4300	36	0.0	2055469	691	20854.0354414	4.3
1576479314.9	4300	40	0.0	2169201	818	21540.2856296	4.3
1576479315.95	4300	44	0.0	2173522	913	21409.1909329	4.3
1576479316.94	4300	48	0.0	2102452	860	20903.6271452	4.3
1576479317.93	4300	52	0.0	2209463	849	20159.2279354	4.3
1576479318.9	4300	56	0.0	2275376	846	20234.6974887	4.3
