1576479888.51	750	4	1.188	2354772	1082	17410.5138632	-5.1084
1576479889.59	4300	8	0.0	2123065	935	17787.8879477	0.75
1576479890.78	4300	12	0.0	2177073	1053	17371.9139024	4.3
1576479892.29	4300	16.0	0.0	2160877	1383	16153.8479359	4.3
1576479893.62	4300	20	0.0	2233056	1183	15576.4620736	4.3
1576479894.61	4300	24	0.0	1941625	865	15524.452924	4.3
1576479895.63	4300	28	0.0	2157535	896	16205.3878103	4.3
1576479896.6	4300	32	0.0	2290172	832	18585.6964551	4.3
1576479897.73	4300	36	0.0	2055469	1004	18905.0136125	4.3
1576479898.76	4300	40	0.0	2169201	894	19268.5059118	4.3
1576479899.82	4300	44	0.0	2173522	940	19077.0944661	4.3
1576479900.72	4300	48	0.0	2102452	756	19133.9156403	4.3
1576479901.75	4300	52	0.0	2209463	908	19906.0144697	4.3
1576479902.8	4300	56	0.0	2275376	928	19957.0433982	4.3
