1576479805.13	750	4	1.167	2354772	1062	17738.3954802	-5.0181
1576479806.2	4300	8	0.0	2123065	937	17932.4421371	0.75
1576479807.39	4300	12	0.0	2177073	1059	17437.0464106	4.3
1576479808.91	4300	16.0	0.0	2160877	1391	16184.7251386	4.3
1576479810.23	4300	20	0.0	2233056	1181	15531.7621704	4.3
1576479811.21	4300	24	0.0	1941625	847	15584.8507157	4.3
1576479812.24	4300	28	0.0	2157535	894	16299.9872	4.3
1576479813.2	4300	32	0.0	2290172	814	18820.0051003	4.3
1576479814.36	4300	36	0.0	2055469	1032	19021.8362527	4.3
1576479815.39	4300	40	0.0	2169201	888	19322.7133468	4.3
1576479816.46	4300	44	0.0	2173522	946	19091.1970554	4.3
1576479817.35	4300	48	0.0	2102452	742	19131.2253474	4.3
1576479818.35	4300	52	0.0	2209463	866	20250.4442053	4.3
1576479819.4	4300	56	0.0	2275376	911	20360.1933598	4.3
