1576479555.08	750	4	1.172	2354772	1061	17755.1140434	-5.0396
1576479556.16	4300	8	0.0	2123065	940	17911.8761706	0.75
1576479557.34	4300	12	0.0	2177073	1058	17428.5173211	4.3
1576479558.86	4300	16.0	0.0	2160877	1387	16187.2884955	4.3
1576479560.19	4300	20	0.0	2233056	1181	15530.1458864	4.3
1576479561.17	4300	24	0.0	1941625	848	15592.2905572	4.3
1576479562.21	4300	28	0.0	2157535	905	16244.8738009	4.3
1576479563.2	4300	32	0.0	2290172	859	18461.1549028	4.3
1576479564.02	4300	36	0.0	2055469	682	20707.2873294	4.3
1576479564.99	4300	40	0.0	2169201	834	21329.9039474	4.3
1576479566.03	4300	44	0.0	2173522	916	21307.552021	4.3
1576479567.01	4300	48	0.0	2102452	849	20928.1430882	4.3
1576479567.99	4300	52	0.0	2209463	849	20105.2345949	4.3
1576479568.99	4300	56	0.0	2275376	865	20164.2987026	4.3
