1576479721.79	750	4	1.171	2354772	1062	17738.3954802	-5.0353
1576479722.87	4300	8	0.0	2123065	932	17981.0646929	0.75
1576479724.07	4300	12	0.0	2177073	1060	17464.2896695	4.3
1576479725.58	4300	16.0	0.0	2160877	1374	16243.5986204	4.3
1576479726.89	4300	20	0.0	2233056	1179	15597.0506409	4.3
1576479727.89	4300	24	0.0	1941625	869	15509.7592819	4.3
1576479728.93	4300	28	0.0	2157535	908	16154.3541119	4.3
1576479729.92	4300	32	0.0	2290172	854	18372.373212	4.3
1576479730.74	4300	36	0.0	2055469	693	20516.4117875	4.3
1576479731.74	4300	40	0.0	2169201	862	21080.7186261	4.3
1576479732.79	4300	44	0.0	2173522	917	21068.9448882	4.3
1576479733.75	4300	48	0.0	2102452	830	20771.6938174	4.3
1576479734.73	4300	52	0.0	2209463	842	20087.7349927	4.3
1576479735.76	4300	56	0.0	2275376	892	20156.5259471	4.3
