1576479388.38	750	4	1.179	2354772	1072	17572.9253731	-5.0697
1576479389.45	4300	8	0.0	2123065	936	17859.390037	0.75
1576479390.64	4300	12	0.0	2177073	1060	17383.1732322	4.3
1576479392.16	4300	16.0	0.0	2160877	1391	16144.3202549	4.3
1576479393.47	4300	20	0.0	2233056	1182	15529.5254598	4.3
1576479394.46	4300	24	0.0	1941625	849	15566.9722675	4.3
1576479395.49	4300	28	0.0	2157535	895	16280.5946244	4.3
1576479396.45	4300	32	0.0	2290172	834	18665.6734784	4.3
1576479397.27	4300	36	0.0	2055469	695	20802.2556352	4.3
1576479398.23	4300	40	0.0	2169201	824	21493.3961231	4.3
1576479399.27	4300	44	0.0	2173522	913	21433.3637784	4.3
1576479400.26	4300	48	0.0	2102452	861	20825.0890769	4.3
1576479401.24	4300	52	0.0	2209463	849	20114.930207	4.3
1576479402.23	4300	56	0.0	2275376	846	20229.018716	4.3
