1576479137.49	750	4	0.256	450283	158	22799.1392405	-1.1008
1576479138.71	4300	8	0.0	2123065	1001	19883.345844	0.75
1576479139.8	4300	12	0.0	2177073	961	19296.69605	4.3
1576479141.05	4300	16.0	0.0	2160877	1114	18352.0139585	4.3
1576479142.65	4300	20	0.0	2233056	1466	15698.6902671	4.3
1576479143.77	4300	24	0.0	1941625	994	15363.492296	4.3
1576479144.81	4300	28	0.0	2157535	912	15564.079584	4.3
1576479145.86	4300	32	0.0	2290172	918	16674.0691445	4.3
1576479146.76	4300	36	0.0	2055469	753	19087.0210404	4.3
1576479147.62	4300	40	0.0	2169201	735	21082.9186547	4.3
1576479148.65	4300	44	0.0	2173522	902	21170.8214973	4.3
1576479149.69	4300	48	0.0	2102452	905	20827.6427783	4.3
1576479150.63	4300	52	0.0	2209463	815	20790.2248557	4.3
1576479151.66	4300	56	0.0	2275376	897	19960.9392187	4.3
