1575954076.01	750	4	4.944	2354772	4769	3950.13126442	-21.2592
1575954078.45	2850	8	0.0	1431809	2183	4282.53105778	0.75
1575954081.72	4300	12	0.0	2177073	3129	4612.70861839	2.8499999999999996
1575954084.75	4300	16.0	0.0	2160877	2899	4858.437839	4.3
1575954087.56	4300	20	0.0	2233056	2675	5095.7105223	4.3
1575954101.62	4300	24	0.0	1941625	13911	1731.23947391	4.3
1575954105.32	4300	28	0.0	2157535	3561	1787.67746292	4.3
1575954112.51	4300	32	0.0	2290172	7025	1792.78253226	4.3
1575954115.27	4300	36	0.0	2055469	2616	1783.35118986	4.3
1575954120.33	4300	40	0.0	2169201	4923	1810.00218981	4.3
1575954122.66	4300	44	0.0	2173522	2189	3682.32336478	4.3
1575954124.97	4300	48	0.0	2102452	2174	3738.33644035	4.3
1575954128.53	4300	52	0.0	2209463	3360	5073.72672081	4.3
1575954130.68	4300	56	0.0	2275376	2006	5208.79243504	4.3
