1575954574.28	750	4	3.63	2354772	3492	5394.66666667	-15.609
1575954577.35	4300	8	0.0	2123065	2894	5599.71126489	0.75
1575954580.17	4300	12	0.0	2177073	2675	5841.03122059	4.3
1575954582.92	4300	16.0	0.0	2160877	2616	5997.00141728	4.3
1575954585.58	4300	20	0.0	2233056	2512	6168.15602411	4.3
1575954587.71	4300	24	0.0	1941625	1998	6646.39210594	4.3
1575954601.94	4300	28	0.0	2157535	14062	1853.68151871	4.3
1575954605.96	4300	32	0.0	2290172	3884	1887.12338201	4.3
1575954612.4	4300	36	0.0	2055469	6257	1880.25467928	4.3
1575954615.31	4300	40	0.0	2169201	2771	1886.19183776	4.3
1575954620.25	4300	44	0.0	2173522	4782	1934.19884098	4.3
1575954622.5	4300	48	0.0	2102452	2117	3789.20660784	4.3
1575954624.91	4300	52	0.0	2209463	2268	3874.6548301	4.3
1575954628.45	4300	56	0.0	2275376	3287	5234.46944198	4.3
