1575953992.6	750	4	4.87	2354772	4696	4011.53662692	-20.941
1575953995.06	2850	8	0.0	1431809	2205	4326.40446685	0.75
1575953998.3	4300	12	0.0	2177073	3066	4668.76702253	2.8499999999999996
1575954001.33	4300	16.0	0.0	2160877	2878	4913.99287172	4.3
1575954004.14	4300	20	0.0	2233056	2649	5153.04402571	4.3
1575954017.96	4300	24	0.0	1941625	13680	1763.01179362	4.3
1575954021.2	4300	28	0.0	2157535	3104	1810.32338762	4.3
1575954028.89	4300	32	0.0	2290172	7555	1799.85268727	4.3
1575954031.53	4300	36	0.0	2055469	2492	1787.52292791	4.3
1575954036.64	4300	40	0.0	2169201	4965	1814.85902866	4.3
1575954038.95	4300	44	0.0	2173522	2175	3532.66308649	4.3
1575954041.32	4300	48	0.0	2102452	2196	3542.00013328	4.3
1575954044.91	4300	52	0.0	2209463	3447	5042.64469101	4.3
1575954047.07	4300	56	0.0	2275376	1996	5148.80402589	4.3
