1575954325.85	750	4	4.919	2354772	4777	3943.51601423	-21.1517
1575954328.29	2850	8	0.0	1431809	2174	4280.25256266	0.75
1575954331.52	4300	12	0.0	2177073	3087	4623.41064225	2.8499999999999996
1575954334.54	4300	16.0	0.0	2160877	2872	4874.88466474	4.3
1575954337.34	4300	20	0.0	2233056	2660	5114.41011946	4.3
1575954351.26	4300	24	0.0	1941625	13786	1747.09838679	4.3
1575954354.78	4300	28	0.0	2157535	3365	1800.60162324	4.3
1575954362.22	4300	32	0.0	2290172	7267	1799.11055104	4.3
1575954364.94	4300	36	0.0	2055469	2577	1789.26669781	4.3
1575954370.02	4300	40	0.0	2169201	4943	1816.13254154	4.3
1575954372.35	4300	44	0.0	2173522	2185	3615.59345474	4.3
1575954374.69	4300	48	0.0	2102452	2188	3647.1594244	4.3
1575954378.27	4300	52	0.0	2209463	3409	5052.68487302	4.3
1575954380.41	4300	56	0.0	2275376	2014	5176.18722416	4.3
