1575954659.05	750	4	4.928	2354772	4783	3938.56909889	-21.190399999999997
1575954661.45	2850	8	0.0	1431809	2156	4282.77778409	0.75
1575954664.7	4300	12	0.0	2177073	3078	4628.54447582	2.8499999999999996
1575954667.73	4300	16.0	0.0	2160877	2894	4874.53928489	4.3
1575954670.55	4300	20	0.0	2233056	2677	5111.13658262	4.3
1575954684.53	4300	24	0.0	1941625	13791	1746.9031825	4.3
1575954688.06	4300	28	0.0	2157535	3381	1801.0993103	4.3
1575954695.49	4300	32	0.0	2290172	7271	1799.63396349	4.3
1575954698.25	4300	36	0.0	2055469	2612	1790.19392671	4.3
1575954703.34	4300	40	0.0	2169201	4943	1816.512807	4.3
1575954705.67	4300	44	0.0	2173522	2194	3612.36842298	4.3
1575954707.98	4300	48	0.0	2102452	2161	3644.5635134	4.3
1575954711.52	4300	52	0.0	2209463	3386	5054.89642028	4.3
1575954713.66	4300	56	0.0	2275376	2018	5186.27092857	4.3
