1575954157.67	750	4	3.26	2354772	3122	6034.00896861	-14.018
1575954160.73	4300	8	0.0	2123065	2918	5928.99010015	0.75
1575954163.29	4300	12	0.0	2177073	2410	6249.05594941	4.3
1575954166.21	4300	16.0	0.0	2160877	2750	6258.13241488	4.3
1575954168.91	4300	20	0.0	2233056	2526	6393.57405722	4.3
1575954171.06	4300	24	0.0	1941625	1998	6680.29405999	4.3
1575954184.59	4300	28	0.0	2157535	13392	1959.61555643	4.3
1575954188.27	4300	32	0.0	2290172	3521	1995.79773907	4.3
1575954195.1	4300	36	0.0	2055469	6653	1954.32585449	4.3
1575954197.65	4300	40	0.0	2169201	2416	1949.49554576	4.3
1575954202.7	4300	44	0.0	2173522	4894	1995.4923424	4.3
1575954205.24	4300	48	0.0	2102452	2172	3665.32028614	4.3
1575954207.66	4300	52	0.0	2209463	2286	3697.74886706	4.3
1575954211.15	4300	56	0.0	2275376	3352	5200.90097448	4.3
