1575954740.64	750	4	3.37	2354772	3130	6018.58658147	-14.491
1575954743.7	4300	8	0.0	2123065	2912	5927.48832961	0.75
1575954746.26	4300	12	0.0	2177073	2425	6239.66491406	4.3
1575954749.13	4300	16.0	0.0	2160877	2725	6264.71736229	4.3
1575954751.87	4300	20	0.0	2233056	2577	6379.69659354	4.3
1575954754.02	4300	24	0.0	1941625	2001	6666.76762817	4.3
1575954767.69	4300	28	0.0	2157535	13516	1940.12417033	4.3
1575954771.52	4300	32	0.0	2290172	3675	1978.48455531	4.3
1575954778.23	4300	36	0.0	2055469	6570	1944.27188044	4.3
1575954780.86	4300	40	0.0	2169201	2487	1940.13643395	4.3
1575954785.89	4300	44	0.0	2173522	4888	1986.14358189	4.3
1575954788.24	4300	48	0.0	2102452	2147	3683.26627035	4.3
1575954790.67	4300	52	0.0	2209463	2296	3731.48745253	4.3
1575954794.22	4300	56	0.0	2275376	3405	5178.38508569	4.3
