1575954492.48	750	4	4.916	2354772	4758	3959.26355612	-21.1388
1575954494.96	2850	8	0.0	1431809	2206	4281.35208591	0.75
1575954498.16	4300	12	0.0	2177073	3062	4631.12340433	2.8499999999999996
1575954501.17	4300	16.0	0.0	2160877	2873	4881.55979554	4.3
1575954503.97	4300	20	0.0	2233056	2665	5119.81249684	4.3
1575954517.89	4300	24	0.0	1941625	13784	1747.6712331	4.3
1575954521.41	4300	28	0.0	2157535	3363	1800.42025846	4.3
1575954528.91	4300	32	0.0	2290172	7330	1797.86504536	4.3
1575954531.68	4300	36	0.0	2055469	2613	1788.96249102	4.3
1575954536.78	4300	40	0.0	2169201	4941	1815.63023193	4.3
1575954539.11	4300	44	0.0	2173522	2194	3594.52361672	4.3
1575954541.42	4300	48	0.0	2102452	2167	3623.8507379	4.3
1575954544.95	4300	52	0.0	2209463	3388	5054.72241927	4.3
1575954547.1	4300	56	0.0	2275376	1997	5187.31212217	4.3
