1575954242.54	750	4	4.903	2354772	4732	3981.01775148	-21.0829
1575954244.98	2850	8	0.0	1431809	2183	4309.27524341	0.75
1575954248.25	4300	12	0.0	2177073	3100	4644.20444957	2.8499999999999996
1575954251.28	4300	16.0	0.0	2160877	2878	4891.88347542	4.3
1575954254.09	4300	20	0.0	2233056	2664	5129.49217852	4.3
1575954267.9	4300	24	0.0	1941625	13689	1762.56703372	4.3
1575954271.31	4300	28	0.0	2157535	3239	1813.4874227	4.3
1575954278.91	4300	32	0.0	2290172	7437	1805.22024036	4.3
1575954281.65	4300	36	0.0	2055469	2567	1794.94324343	4.3
1575954286.73	4300	40	0.0	2169201	4929	1821.53628026	4.3
1575954289.04	4300	44	0.0	2173522	2181	3570.11806581	4.3
1575954291.38	4300	48	0.0	2102452	2187	3589.22652815	4.3
1575954294.95	4300	52	0.0	2209463	3426	5058.38202248	4.3
1575954297.1	4300	56	0.0	2275376	2015	5180.26346045	4.3
