1575954407.73	750	4	3.608	2354772	3456	5450.86111111	-15.5144
1575954410.76	4300	8	0.0	2123065	2905	5624.75382225	0.75
1575954413.48	4300	12	0.0	2177073	2585	5906.64966056	4.3
1575954416.22	4300	16.0	0.0	2160877	2585	6065.40366939	4.3
1575954418.91	4300	20	0.0	2233056	2545	6218.20670722	4.3
1575954421.03	4300	24	0.0	1941625	1980	6694.8681096	4.3
1575954435.13	4300	28	0.0	2157535	13964	1865.49870404	4.3
1575954439.17	4300	32	0.0	2290172	3896	1902.15661173	4.3
1575954445.66	4300	36	0.0	2055469	6363	1890.96036831	4.3
1575954448.56	4300	40	0.0	2169201	2737	1894.97493892	4.3
1575954453.57	4300	44	0.0	2173522	4802	1943.13852813	4.3
1575954455.82	4300	48	0.0	2102452	2111	3746.91206155	4.3
1575954458.23	4300	52	0.0	2209463	2275	3827.72205313	4.3
1575954461.72	4300	56	0.0	2275376	3347	5210.51919896	4.3
