1577347379.06	750	4	5.131	181801	3634	400.222344524	-22.063299999999998
1577347381.1	300	5.954728	0.0	155580	1881	530.956467318	-0.15000000000000002
1577347383.5	300	7.55942	0.0	139857	1764	565.395014493	0.3
1577347385.07	300	9.98752	0.0	155432	1399	646.250692607	0.3
1577347386.62	300	12.438968	0.0	163442	1377	783.583632256	0.3
1577347387.85	300	15.208242	0.0	126289	1059	856.667122594	0.3
1577347389.28	300	17.775759	0.0	153295	1263	940.846522145	0.3
1577347390.9	300	20.162618	0.0	173849	1443	959.597045363	0.3
1577347392.32	300	22.742998	0.0	150710	1250	963.344519583	0.3
1577347393.94	300	25.117554	0.0	139105	1453	916.311196582	0.3
1577347395.59	300	27.466273	0.0	141840	1483	864.851699693	0.3
1577347397.38	300	29.675996	0.0	156148	1620	816.67205338	0.3
1577347401.0	750	30.062165	0.0	386351	3349	806.262240301	0.3
1577347402.81	300	32.24592	0.0	179801	1641	833.925318184	-0.15000000000000002
1577347404.47	300	34.593853	0.0	140051	1479	832.023459982	0.3
1577347408.47	750	34.587901	0.0	366214	3831	830.432698455	0.3
1577347414.52	1200	32.539442	0.0	617242	5773	813.544031021	0.75
1577347422.49	1850	28.571022	0.0	885714	7695	824.613206499	1.2000000000000002
1577347432.32	1850	22.737799	0.0	987708	9662	839.679215144	1.85
1577347442.54	1850	16.515848	0.0	923755	10011	833.042665231	1.85
1577347451.66	1850	11.400379	0.0	891604	8944	818.57992213	1.85
1577347459.99	1850	7.068006	0.0	955231	8161	822.471410699	1.85
1577347464.17	750	6.885328	0.0	401853	4006	818.644892042	-0.3500000000000001
1577347468.13	750	6.931485	0.0	343800	3786	815.713376613	0.75
1577347471.6	750	7.453943	0.0	359903	3302	834.329514824	0.75
1577347476.26	750	6.797678	0.0	379700	4483	769.628452118	0.75
1577347480.33	750	6.733501	0.0	425781	3884	788.251603128	0.75
1577347482.94	750	8.12219	0.0	277716	2439	834.364518647	0.75
1577347487.35	750	7.705739	0.0	400396	4246	804.972756193	0.75
1577347491.2	750	7.861592	0.0	400508	3667	854.0163131	0.75
1577347495.0	750	8.061092	0.0	358218	3627	832.296136413	0.75
1577347499.32	750	7.734699	0.0	400322	4158	797.121813674	0.75
1577347500.96	300	10.102066	0.0	143881	1456	806.161397794	-0.15000000000000002
1577347502.72	300	12.337143	0.0	163444	1585	793.960832603	0.3
1577347504.39	300	14.67169	0.0	179328	1494	836.496553651	0.3
1577347505.89	300	17.165876	0.0	159914	1336	883.333694665	0.3
1577347507.14	300	19.914556	0.0	131610	1091	926.959852994	0.3
1577347508.31	300	22.751413	0.0	124011	1005	967.509426891	0.3
1577347509.64	300	25.423637	0.0	144254	1161	975.944739199	0.3
1577347515.77	1200	23.29347	0.0	587506	5952	933.967174168	0.29999999999999993
1577347519.62	750	23.440926	0.0	345516	3673	880.840586137	0.3
1577347521.34	300	25.714798	0.0	161857	1559	841.694604691	-0.15000000000000002
1577347522.93	300	28.132734	0.0	145210	1412	798.87492204	0.3
1577347524.75	300	30.305254	0.0	172312	1660	809.065090779	0.3
1577347528.7	750	30.353813	0.0	398987	3781	831.975184112	0.3
1577347539.51	1850	23.553287	0.0	982064	10621	809.261831966	0.75
1577347551.57	1850	15.487343	0.0	830730	11895	743.259120564	1.85
1577347561.61	1850	9.450938	0.0	846370	9871	707.1404729	1.85
1577347567.66	1850	5.078279	0.0	598850	5893	699.333206554	1.85

