1577347604.42	750	4	4.907	181801	3651	398.358805807	-21.100099999999998
1577347606.24	300	6.183679	0.0	155580	1588	591.068571669	-0.15000000000000002
1577347608.59	300	7.827542	0.0	139857	1896	590.750355796	0.3
1577347610.39	300	10.033347	0.0	155432	1376	668.981371498	0.3
1577347611.94	300	12.48542	0.0	163442	1376	806.952716558	0.3
1577347613.17	300	15.251126	0.0	126289	1063	848.616786926	0.3
1577347614.62	300	17.807156	0.0	153295	1274	941.739797279	0.3
1577347616.23	300	20.193442	0.0	173849	1443	956.776147583	0.3
1577347617.65	300	22.773581	0.0	150710	1250	960.351101071	0.3
1577347619.26	300	25.166643	0.0	139105	1437	916.347178401	0.3
1577347620.9	300	27.516957	0.0	141840	1484	866.854716685	0.3
1577347622.69	300	29.729078	0.0	156148	1619	818.794140977	0.3
1577347624.26	300	32.160985	0.0	160746	1401	807.131374381	0.3
1577347628.39	750	32.033845	0.0	434409	3859	838.667352329	0.3
1577347630.04	300	34.385928	0.0	140051	1481	836.638640033	-0.15000000000000002
1577347634.04	750	34.384764	0.0	366214	3830	834.978725538	0.3
1577347640.07	1200	32.351078	0.0	617242	5770	819.454192307	0.75
1577347648.06	1850	28.365746	0.0	885714	7702	824.309327513	1.2000000000000002
1577347657.96	1850	22.465761	0.0	987708	9712	838.578515926	1.85
1577347668.19	1850	16.228398	0.0	923755	10053	831.12103317	1.85
1577347677.21	1850	11.213357	0.0	891604	8828	819.166895751	1.85
1577347685.54	1850	6.879959	0.0	955231	8160	823.296295614	1.85
1577347689.74	750	6.684716	0.0	401853	4014	820.122499863	-0.3500000000000001
1577347693.69	750	6.729373	0.0	343800	3776	818.442975495	0.75
1577347697.17	750	7.251836	0.0	359903	3301	834.505365179	0.75
1577347701.84	750	6.58252	0.0	379700	4496	769.285814031	0.75
1577347705.89	750	6.534595	0.0	425781	3868	789.215740004	0.75
1577347708.51	750	7.913401	0.0	277716	2451	833.732725461	0.75
1577347712.94	750	7.485816	0.0	400396	4256	803.83178806	0.75
1577347716.78	750	7.645698	0.0	400508	3667	853.365145105	0.75
1577347720.59	750	7.836793	0.0	358218	3637	830.194936668	0.75
1577347724.92	750	7.497694	0.0	400322	4155	796.274597073	0.75
1577347726.56	300	9.865131	0.0	143881	1456	805.757318299	-0.15000000000000002
1577347728.29	300	12.127237	0.0	163444	1575	794.866203812	0.3
1577347729.96	300	14.462553	0.0	179328	1506	836.032170684	0.3
1577347731.47	300	16.953959	0.0	159914	1337	882.551230994	0.3
1577347732.73	300	19.691617	0.0	131610	1092	925.956450774	0.3
1577347733.9	300	22.519577	0.0	124011	1001	966.18274004	0.3
1577347735.23	300	25.194424	0.0	144254	1160	976.745138721	0.3
1577347741.38	1200	23.03896	0.0	587506	5986	933.825326074	0.29999999999999993
1577347745.21	750	23.209051	0.0	345516	3653	881.949724807	0.3
1577347746.94	300	25.481147	0.0	161857	1560	841.684473392	-0.15000000000000002
1577347748.52	300	27.90157	0.0	145210	1411	798.796335852	0.3
1577347750.35	300	30.070646	0.0	172312	1660	810.107803976	0.3
1577347754.3	750	30.125322	0.0	398987	3777	832.211358122	0.3
1577347765.11	1850	23.30786	0.0	982064	10652	809.092920751	0.75
1577347777.15	1850	15.275804	0.0	830730	11862	743.333021384	1.85
1577347787.19	1850	9.230485	0.0	846370	9890	706.884926071	1.85
1577347793.24	1850	4.866397	0.0	598850	5880	699.303493339	1.85

