1577345803.11	750	4	8.011	450283	7002	514.46215367	-34.4473
1577345805.24	300	5.865263	0.0	155580	1768	609.222027061	-0.15000000000000002
1577345807.38	300	7.728582	0.0	139857	1583	641.746249248	0.3
1577345808.86	300	10.24631	0.0	155432	1309	718.7917343	0.3
1577345810.38	300	12.73028	0.0	163442	1346	833.032065125	0.3
1577345813.19	750	13.912912	0.0	318564	2647	897.734738859	0.3
1577345814.91	300	16.20237	0.0	153295	1543	919.733408293	-0.15000000000000002
1577345816.89	300	18.21875	0.0	173849	1817	873.609643812	0.3
1577345818.62	300	20.485387	0.0	150710	1565	823.354413548	0.3
1577345819.99	300	23.11835	0.0	139105	1203	813.919772597	0.3
1577345821.39	300	25.712722	0.0	141840	1230	845.8565761	0.3
1577345822.92	300	28.192887	0.0	156148	1343	887.034406395	0.3
1577345827.11	750	28.001004	0.0	386351	4015	886.887565674	0.3
1577345831.7	750	27.406501	0.0	434409	4424	852.011489966	0.75
1577345834.99	750	28.118953	0.0	337059	3115	837.787616497	0.75
1577345838.25	750	28.861241	0.0	366214	3086	842.590453415	0.75
1577345844.0	1200	27.103481	0.0	617242	5475	875.613184839	0.75
1577345847.85	750	27.262305	0.0	372963	3659	883.086370306	0.3
1577345852.07	750	27.03553	0.0	405596	4055	866.723446385	0.75
1577345856.61	750	26.499415	0.0	350713	4370	789.893878438	0.75
1577345858.89	300	28.221584	0.0	157671	2094	715.010471967	-0.15000000000000002
1577345860.42	300	30.687807	0.0	157812	1370	741.532336064	0.3
1577345862.0	300	33.102059	0.0	163927	1421	772.205606394	0.3
1577345865.55	750	33.558821	0.0	343800	3364	816.095748619	0.3
1577345867.29	300	35.81959	0.0	146754	1570	852.45039611	-0.15000000000000002
1577345871.07	750	36.033203	0.0	379700	3613	832.25335582	0.3
1577345880.63	1850	30.481942	0.0	1076599	9264	833.95911823	0.75
1577345888.75	1850	26.357244	0.0	758197	7948	820.348974831	1.85
1577345899.12	1850	19.99168	0.0	972798	10188	824.370579866	1.85
1577345908.52	1850	14.586654	0.0	975811	9233	825.559772868	1.85
1577345917.24	1850	9.871117	0.0	873429	8524	798.067459688	1.85
1577345926.56	1850	4.55184	0.0	954453	9138	816.175649296	1.85
1577345927.93	300	7.172457	0.0	143881	1202	864.60893579	-1.25
1577345929.43	300	9.681263	0.0	163444	1334	898.277779587	0.3
1577345931.03	300	12.072411	0.0	179328	1442	942.064931602	0.3
1577345932.49	300	14.619944	0.0	159914	1289	981.288385067	0.3
1577345933.81	300	17.301191	0.0	131610	1153	970.177136541	0.3
1577345935.51	300	19.601558	0.0	124011	1537	886.501257499	0.3
1577345937.46	300	21.648579	0.0	144254	1789	799.047784317	0.3
1577345939.29	300	23.820362	0.0	149991	1666	730.987984757	0.3
1577345940.89	300	26.21694	0.0	147968	1433	709.211574543	0.3
1577345942.62	300	28.488046	0.0	161857	1561	755.220016323	0.3
1577345944.2	300	30.907698	0.0	145210	1411	799.777924542	0.3
1577345946.03	300	33.07845	0.0	172312	1660	827.321519329	0.3
1577345955.44	1850	27.667396	0.0	958994	9237	828.448390908	0.30000000000000004
1577345970.29	1850	16.813392	0.0	982064	14680	754.868535194	1.85
1577345978.79	1850	12.314535	0.0	830730	8332	748.449984768	1.85
1577345985.58	1200	9.523871	0.0	550906	6632	706.98087116	0.5499999999999999
1577345989.57	1200	7.218289	0.0	391450	3849	702.742477516	1.2

