1577346025.64	750	4	5.061	181801	3532	411.780294451	-21.7623
1577346027.73	300	5.914159	0.0	155580	1922	529.677868349	-0.15000000000000002
1577346030.2	300	7.443824	0.0	139857	1824	557.587877145	0.3
1577346031.78	300	9.858813	0.0	155432	1412	638.349548085	0.3
1577346033.32	300	12.323743	0.0	163442	1374	773.311315812	0.3
1577346034.54	300	15.103417	0.0	126289	1060	849.698587325	0.3
1577346035.97	300	17.670206	0.0	153295	1264	938.901993388	0.3
1577346037.58	300	20.057474	0.0	173849	1444	959.531441804	0.3
1577346039.0	300	22.637857	0.0	150710	1250	962.760600465	0.3
1577346040.63	300	25.009264	0.0	139105	1452	916.084151585	0.3
1577346042.28	300	27.357685	0.0	141840	1484	864.687801488	0.3
1577346044.07	300	29.571062	0.0	156148	1620	816.675021487	0.3
1577346047.7	750	29.94596	0.0	386351	3350	806.19633492	0.3
1577346049.5	300	32.138275	0.0	179801	1634	834.666315127	-0.15000000000000002
1577346051.15	300	34.487958	0.0	140051	1480	832.765393586	0.3
1577346055.16	750	34.479905	0.0	366214	3835	830.975221841	0.3
1577346061.22	1200	32.419268	0.0	617242	5782	813.822578072	0.75
1577346069.2	1850	28.446172	0.0	885714	7692	824.042766464	1.2000000000000002
1577346079.1	1850	22.541219	0.0	987708	9733	837.745307693	1.85
1577346089.28	1850	16.361773	0.0	923755	9929	832.832282791	1.85
1577346098.46	1850	11.18287	0.0	891604	8993	817.616059696	1.85
1577346106.81	1850	6.826353	0.0	955231	8186	820.70283507	1.85
1577346111.01	750	6.630524	0.0	401853	4030	817.172954964	-0.3500000000000001
1577346114.95	750	6.69676	0.0	343800	3765	813.73032504	0.75
1577346118.42	750	7.221778	0.0	359903	3301	833.498830909	0.75
1577346123.1	750	6.536766	0.0	379700	4511	768.461251624	0.75
1577346127.14	750	6.505654	0.0	425781	3851	790.157981744	0.75
1577346129.76	750	7.877201	0.0	277716	2459	833.40568552	0.75
1577346134.19	750	7.455169	0.0	400396	4251	803.726056065	0.75
1577346138.03	750	7.615854	0.0	400508	3666	853.880644297	0.75
1577346141.84	750	7.800854	0.0	358218	3641	829.522164447	0.75
1577346146.16	750	7.477125	0.0	400322	4155	796.339082088	0.75
1577346147.8	300	9.845085	0.0	143881	1456	805.600495369	-0.15000000000000002
1577346149.54	300	12.09947	0.0	163444	1569	795.443478119	0.3
1577346151.21	300	14.433892	0.0	179328	1494	838.738715647	0.3
1577346152.72	300	16.923761	0.0	159914	1337	885.257775957	0.3
1577346153.98	300	19.660599	0.0	131610	1093	928.442461468	0.3
1577346155.14	300	22.504097	0.0	124011	997	968.869147517	0.3
1577346156.46	300	25.177994	0.0	144254	1160	977.518683593	0.3
1577346162.65	1200	22.995341	0.0	587506	6004	934.010383218	0.29999999999999993
1577346166.45	750	23.189072	0.0	345516	3643	882.874581536	0.3
1577346168.24	300	25.405617	0.0	161857	1616	834.424345928	-0.15000000000000002
1577346169.81	300	27.827083	0.0	145210	1409	791.828366877	0.3
1577346171.64	300	29.998684	0.0	172312	1660	803.72832273	0.3
1577346175.59	750	30.054419	0.0	398987	3773	825.5365945	0.3
1577346186.47	1850	23.167348	0.0	982064	10708	808.644748577	0.75
1577346198.45	1850	15.193996	0.0	830730	11803	743.292841498	1.85
1577346208.52	1850	9.121054	0.0	846370	9932	706.12096624	1.85
1577346214.54	1850	4.783071	0.0	598850	5859	699.045623958	1.85

