1577346250.99	750	4	4.881	181801	3715	391.496096904	-20.9883
1577346253.04	300	5.949181	0.0	155580	1572	591.625911048	-0.15000000000000002
1577346255.17	300	7.816463	0.0	139857	1851	595.904037943	0.3
1577346257.2	300	9.789455	0.0	155432	1474	657.82626455	0.3
1577346258.75	300	12.242746	0.0	163442	1374	797.859081663	0.3
1577346259.97	300	15.020127	0.0	126289	1062	837.752542079	0.3
1577346263.17	750	15.815623	0.0	352642	2937	926.775024474	0.3
1577346264.82	300	18.169487	0.0	173849	1480	950.807869463	-0.15000000000000002
1577346266.57	300	20.423052	0.0	150710	1574	904.400392799	0.3
1577346268.18	300	22.80669	0.0	139105	1453	858.040815951	0.3
1577346269.81	300	25.178808	0.0	141840	1457	812.604701941	0.3
1577346271.33	300	27.664037	0.0	156148	1342	810.383009831	0.3
1577346272.88	300	30.10757	0.0	160746	1392	849.840541707	0.3
1577346274.6	300	32.388677	0.0	179801	1555	889.623032307	0.3
1577346280.44	1200	30.549149	0.0	526950	5567	884.233608234	0.29999999999999993
1577346286.21	1200	28.779759	0.0	587876	5596	861.630009112	1.2
1577346291.67	1200	27.322935	0.0	617242	5285	864.255704803	1.2
1577346295.17	750	27.820601	0.0	372963	3327	857.204186532	0.3
1577346299.33	750	27.660532	0.0	405596	3985	871.453524369	0.75
1577346303.02	750	27.973501	0.0	350713	3517	860.786460707	0.75
1577346310.55	1200	24.435412	0.0	601738	7357	790.786306958	0.75
1577346312.1	300	26.893161	0.0	157812	1370	796.965001514	-0.6000000000000001
1577346313.68	300	29.30733	0.0	163927	1420	824.286745024	0.3
1577346315.13	300	31.854649	0.0	137654	1290	838.265073101	0.3
1577346316.88	300	34.113927	0.0	146754	1569	861.749556213	0.3
1577346318.7	300	36.293681	0.0	153938	1648	818.185035626	0.3
1577346328.49	1850	30.502561	0.0	1076599	9500	813.954358087	0.30000000000000004
1577346335.61	1850	27.378619	0.0	758197	6950	818.723490874	1.85
1577346345.84	1850	21.151208	0.0	972798	10057	825.113464963	1.85
1577346355.59	1850	15.404454	0.0	975811	9566	842.312020628	1.85
1577346364.32	1850	10.672385	0.0	873429	8560	819.731795837	1.85
1577346374.37	1850	4.618192	0.0	954453	9885	794.656989667	1.85
1577346377.67	750	5.317829	0.0	369834	3130	837.515748924	-0.3500000000000001
1577346381.25	750	5.737054	0.0	412837	3411	875.561383956	0.75
1577346384.67	750	6.321391	0.0	401088	3248	918.464557152	0.75
1577346389.39	750	5.600662	0.0	365161	4555	885.687314581	0.75
1577346390.91	300	8.084951	0.0	131610	1336	846.392617713	-0.15000000000000002
1577346392.27	300	10.720706	0.0	124011	1194	812.054083942	0.3
1577346396.11	750	10.88168	0.0	378327	3667	771.420137991	0.3
1577346400.03	750	10.958731	0.0	390680	3740	820.005785777	0.75
1577346403.38	750	11.608846	0.0	345516	3177	840.495686995	0.75
1577346405.11	300	13.879281	0.0	161857	1556	840.814485357	-0.15000000000000002
1577346406.86	300	16.127182	0.0	145210	1577	818.632858933	0.3
1577346408.9	300	18.091437	0.0	172312	1877	793.316695639	0.3
1577346411.32	300	19.668306	0.0	167025	2249	724.338517529	0.3
1577346413.82	300	21.169929	0.0	160064	2329	653.74908519	0.3
1577346420.63	750	18.364878	0.0	331053	6634	569.394232334	0.3
1577346425.9	1200	17.091362	0.0	550906	5116	601.1565204	0.75
1577346430.39	1200	14.284532	0.0	391450	4348	632.683636816	1.2

