1577346476.71	750	4	4.815	181801	3595	404.564116829	-20.7045
1577346478.76	300	5.946492	0.0	155580	1895	530.683113823	-0.15000000000000002
1577346481.22	300	7.486731	0.0	139857	1828	557.810624387	0.3
1577346482.84	300	9.866361	0.0	155432	1448	633.043051163	0.3
1577346484.38	300	12.330042	0.0	163442	1375	769.635840138	0.3
1577346485.6	300	15.099054	0.0	126289	1060	843.716444509	0.3
1577346487.03	300	17.675328	0.0	153295	1264	933.255412877	0.3
1577346488.63	300	20.075051	0.0	173849	1444	959.358418647	0.3
1577346490.05	300	22.656394	0.0	150710	1250	962.760600465	0.3
1577346491.67	300	25.031941	0.0	139105	1453	915.952283255	0.3
1577346493.32	300	27.382429	0.0	141840	1484	864.555933158	0.3
1577346495.11	300	29.59307	0.0	156148	1620	816.543153157	0.3
1577346498.74	750	29.967114	0.0	386351	3348	806.202254711	0.3
1577346500.53	300	32.179962	0.0	179801	1613	837.669303453	-0.15000000000000002
1577346502.18	300	34.528289	0.0	140051	1480	835.768381911	0.3
1577346506.19	750	34.516007	0.0	366214	3840	833.729531603	0.3
1577346512.27	1200	32.437304	0.0	617242	5797	815.886646713	0.75
1577346520.22	1850	28.485106	0.0	885714	7672	823.841986442	1.2000000000000002
1577346530.15	1850	22.557721	0.0	987708	9749	837.211429878	1.85
1577346540.3	1850	16.402485	0.0	923755	9963	831.912088878	1.85
1577346549.33	1850	11.378723	0.0	891604	8824	821.046000954	1.85
1577346557.66	1850	7.045603	0.0	955231	8160	824.276042716	1.85
1577346561.77	750	6.933832	0.0	401853	3946	825.324618896	-0.3500000000000001
1577346565.78	750	6.923647	0.0	343800	3841	818.903382843	0.75
1577346569.26	750	7.447307	0.0	359903	3303	834.742170846	0.75
1577346573.84	750	6.864403	0.0	379700	4410	772.816472233	0.75
1577346578.0	750	6.70551	0.0	425781	3977	783.262044282	0.75
1577346580.56	750	8.147928	0.0	277716	2388	836.839127825	0.75
1577346584.98	750	7.730825	0.0	400396	4247	807.468955609	0.75
1577346588.84	750	7.867456	0.0	400508	3695	852.053170964	0.75
1577346592.6	750	8.101287	0.0	358218	3594	837.273708252	0.75
1577346596.94	750	7.764548	0.0	400322	4167	796.819932293	0.75
1577346600.76	750	7.945773	0.0	369834	3655	810.636733595	0.75
1577346602.29	300	10.416763	0.0	163444	1360	834.211795284	-0.15000000000000002
1577346603.95	300	12.751802	0.0	179328	1493	875.094608456	0.3
1577346605.46	300	15.246246	0.0	159914	1334	922.706544029	0.3
1577346606.68	300	18.027658	0.0	131610	1055	969.832628533	0.3
1577346607.84	300	20.866802	0.0	124011	996	978.491877293	0.3
1577346609.16	300	23.542225	0.0	144254	1160	986.980620162	0.3
1577346613.72	750	22.984243	0.0	390680	4379	925.662928015	0.3
1577346615.7	300	25.007499	0.0	147968	1798	840.757066315	-0.15000000000000002
1577346617.43	300	27.28003	0.0	161857	1559	799.381072281	0.3
1577346619.0	300	29.705519	0.0	145210	1405	757.371905512	0.3
1577346620.85	300	31.85766	0.0	172312	1678	784.316303973	0.3
1577346622.62	300	34.085357	0.0	167025	1605	827.855376462	0.3
1577346632.29	1850	28.416885	0.0	982064	9493	827.116068669	0.30000000000000004
1577346649.43	2850	15.279069	0.0	1231456	16865	766.44832345	1.85
1577346659.41	1850	9.292304	0.0	846370	9836	733.166873341	0.8500000000000001
1577346665.48	1850	4.910081	0.0	598850	5903	727.932864339	1.85

