1577347153.62	750	4	5.187	181801	3691	394.04172311	-22.3041
1577347155.71	300	5.90645	0.0	155580	1922	520.808582679	-0.15000000000000002
1577347158.11	300	7.505436	0.0	139857	1768	558.151423143	0.3
1577347159.68	300	9.933611	0.0	155432	1350	648.883196987	0.3
1577347161.23	300	12.385121	0.0	163442	1374	788.279607549	0.3
1577347162.46	300	15.157331	0.0	126289	1055	865.796173527	0.3
1577347163.9	300	17.711926	0.0	153295	1275	948.049642607	0.3
1577347165.52	300	20.09887	0.0	173849	1443	958.734967932	0.3
1577347166.97	300	22.646051	0.0	150710	1284	955.578905409	0.3
1577347168.59	300	25.02406	0.0	139105	1453	907.641293735	0.3
1577347170.24	300	27.375156	0.0	141840	1483	858.466478509	0.3
1577347171.99	300	29.619353	0.0	156148	1587	814.295392489	0.3
1577347175.62	750	29.991038	0.0	386351	3350	810.201927106	0.3
1577347177.48	300	32.134952	0.0	179801	1681	832.650587552	-0.15000000000000002
1577347179.13	300	34.483791	0.0	140051	1480	830.620765788	0.3
1577347183.12	750	34.492428	0.0	366214	3819	825.622180959	0.3
1577347192.12	1850	29.493909	0.0	966699	8715	816.812027595	0.75
1577347200.45	1850	25.159344	0.0	885714	8173	819.632018085	1.85
1577347212.05	1850	17.56253	0.0	987708	11425	803.276842143	1.85
1577347221.15	1850	12.467851	0.0	923755	8917	818.681195808	1.85
1577347229.26	1850	8.354548	0.0	891604	7929	821.730996264	1.85
1577347234.86	1200	6.748512	0.0	616206	5332	836.12456422	0.5499999999999999
1577347239.16	750	6.454362	0.0	401853	4127	857.965029194	0.3
1577347243.0	750	6.609141	0.0	343800	3678	837.724820461	0.75
1577347246.48	750	7.132958	0.0	359903	3303	830.752776679	0.75
1577347251.28	750	6.329154	0.0	379700	4629	763.670454089	0.75
1577347253.11	300	8.507143	0.0	181901	1647	789.814731508	-0.15000000000000002
1577347255.6	750	10.012192	0.0	277716	2321	842.172497645	0.3
1577347259.74	750	9.871903	0.0	400396	3968	826.060080903	0.75
1577347263.85	750	9.759556	0.0	400508	3941	865.25933624	0.75
1577347267.38	750	10.231424	0.0	358218	3357	857.787211278	0.75
1577347271.77	750	9.840976	0.0	400322	4221	808.161134322	0.75
1577347273.4	300	12.208797	0.0	143881	1454	804.259225794	-0.15000000000000002
1577347275.22	300	14.397051	0.0	163444	1648	799.36162822	0.3
1577347277.14	300	16.478277	0.0	179328	1756	790.19209229	0.3
1577347278.64	300	18.972903	0.0	159914	1336	839.90318964	0.3
1577347279.9	300	21.708481	0.0	131610	1094	882.595888845	0.3
1577347281.11	300	24.506118	0.0	124011	1032	924.572915262	0.3
1577347282.46	300	27.149847	0.0	144254	1184	963.999198891	0.3
1577347285.78	750	27.830349	0.0	390680	3154	972.343191312	0.3
1577347292.4	1200	25.216243	0.0	566904	6447	907.605884815	0.75
1577347294.21	300	27.407501	0.0	161857	1644	864.1808155	-0.6000000000000001
1577347295.78	300	29.834269	0.0	145210	1406	827.066128444	0.3
1577347297.7	300	31.917197	0.0	172312	1744	776.935425042	0.3
1577347299.47	300	34.143644	0.0	167025	1607	808.941251691	0.3
1577347309.17	1850	28.441851	0.0	982064	9529	818.156029655	0.30000000000000004
1577347322.59	1850	19.029177	0.0	830730	13254	736.953783831	1.85
1577347330.99	1850	14.620002	0.0	846370	8255	744.404608742	1.85
1577347338.44	1850	8.855767	0.0	598850	7282	701.006843506	1.85

