1577346702.38	750	4	5.031	181801	3489	416.855259387	-21.6333
1577346704.41	300	5.958875	0.0	155580	1867	541.753821445	-0.15000000000000002
1577346706.84	300	7.535484	0.0	139857	1791	569.405953548	0.3
1577346708.45	300	9.926421	0.0	155432	1359	655.799130356	0.3
1577346709.99	300	12.378133	0.0	163442	1375	789.319133691	0.3
1577346711.22	300	15.148238	0.0	126289	1058	861.387606814	0.3
1577346712.66	300	17.715952	0.0	153295	1275	945.672797473	0.3
1577346714.27	300	20.101169	0.0	173849	1444	957.716220921	0.3
1577346715.69	300	22.682414	0.0	150710	1251	960.925648142	0.3
1577346717.31	300	25.062556	0.0	139105	1453	913.66689401	0.3
1577346718.96	300	27.41073	0.0	141840	1484	864.363178562	0.3
1577346720.74	300	29.62735	0.0	156148	1616	816.827565167	0.3
1577346724.37	750	29.999189	0.0	386351	3348	806.679421316	0.3
1577346726.2	300	32.173374	0.0	179801	1650	833.147212511	-0.15000000000000002
1577346727.85	300	34.523777	0.0	140051	1481	831.118500214	0.3
1577346731.85	750	34.523554	0.0	366214	3828	829.200403232	0.3
1577346737.9	1200	32.475912	0.0	617242	5767	812.465298211	0.75
1577346745.87	1850	28.504624	0.0	885714	7701	824.550403097	1.2000000000000002
1577346755.87	1850	22.502716	0.0	987708	9828	836.418864743	1.85
1577346765.98	1850	16.395043	0.0	923755	9898	831.739366251	1.85
1577346774.96	1850	11.413704	0.0	891604	8812	820.040695184	1.85
1577346783.29	1850	7.082788	0.0	955231	8161	824.111541032	1.85
1577346790.39	1200	4.421081	0.446	656471	6937	812.379303766	-1.3678
1577346791.88	300	6.935968	0.0	137654	1304	836.850190864	-0.6000000000000001
1577346793.39	300	9.418151	0.0	146754	1344	852.87279397	0.3
1577346794.97	300	11.846461	0.0	153938	1411	836.973260563	0.3
1577346797.18	300	13.628969	0.0	181901	2044	825.692041727	0.3
1577346798.72	300	16.091749	0.0	111155	1358	778.270251291	0.3
1577346800.77	300	18.04567	0.0	153605	1884	722.948955416	0.3
1577346802.19	300	20.622758	0.0	149029	1252	742.817427236	0.3
1577346803.67	300	23.137842	0.0	157421	1313	804.620375475	0.3
1577346805.16	300	25.656316	0.0	157488	1312	880.989569771	0.3
1577346806.73	300	28.077981	0.0	143881	1419	920.719044192	0.3
1577346808.63	300	30.186395	0.0	163444	1723	872.373804353	0.3
1577346812.75	750	30.059293	0.0	401088	3954	835.462619713	0.3
1577346816.36	750	30.450932	0.0	365161	3436	807.939507188	0.75
1577346819.91	750	30.90273	0.0	321064	3379	795.182321645	0.75
1577346823.78	750	31.030241	0.0	361565	3702	800.797020355	0.75
1577346827.44	750	31.367536	0.0	378327	3486	814.975011313	0.75
1577346832.5	1200	30.30799	0.0	587506	4875	843.45305567	0.75
1577346835.47	750	31.344205	0.0	345516	2788	901.277531513	0.3
1577346840.38	750	30.427364	0.0	384505	4752	867.771281138	0.75
1577346844.22	750	30.593522	0.0	372093	3653	854.435338643	0.75
1577346848.62	750	30.18877	0.0	438281	4235	820.387637496	0.75
1577346850.39	300	32.418074	0.0	167025	1605	780.6590812	-0.15000000000000002
1577346860.35	1850	26.465831	0.0	982064	9779	819.681998316	0.30000000000000004
1577346873.34	1850	17.469414	0.0	830730	12838	745.380218087	1.85
1577346882.53	1850	12.28697	0.0	846370	9026	725.940255402	1.85
1577346889.27	1850	7.226286	0.0	598850	6599	699.306610826	1.85

