1577346927.94	750	4	4.987	181801	3463	419.984984118	-21.4441
1577346930.0	300	5.942088	0.0	155580	1882	540.66199259	-0.15000000000000002
1577346932.5	300	7.440476	0.0	139857	1771	571.029696547	0.3
1577346934.07	300	9.868033	0.0	155432	1400	650.317986696	0.3
1577346935.62	300	12.322367	0.0	163442	1374	783.228582006	0.3
1577346936.84	300	15.102312	0.0	126289	1058	856.625400738	0.3
1577346938.28	300	17.656854	0.0	153295	1276	938.958419294	0.3
1577346939.89	300	20.04493	0.0	173849	1442	958.034757713	0.3
1577346941.31	300	22.624869	0.0	150710	1251	961.071161777	0.3
1577346942.94	300	25.003314	0.0	139105	1453	913.812407645	0.3
1577346944.59	300	27.350585	0.0	141840	1483	864.826042846	0.3
1577346946.37	300	29.570793	0.0	156148	1613	817.315893427	0.3
1577346949.99	750	29.954028	0.0	386351	3349	807.098834945	0.3
1577346951.81	300	32.129309	0.0	179801	1649	833.698791456	-0.15000000000000002
1577346953.46	300	34.47848	0.0	140051	1481	831.541178937	0.3
1577346957.46	750	34.478736	0.0	366214	3829	829.213684113	0.3
1577346963.51	1200	32.430941	0.0	617242	5768	812.510382074	0.75
1577346971.48	1850	28.45877	0.0	885714	7702	824.433455932	1.2000000000000002
1577346981.5	1850	22.436422	0.0	987708	9850	835.852986295	1.85
1577346991.7	1850	16.237827	0.0	923755	10007	829.190342598	1.85
1577347000.73	1850	11.21349	0.0	891604	8781	818.243189409	1.85
1577347009.06	1850	6.882842	0.0	955231	8158	822.429986978	1.85
1577347013.26	750	6.679588	0.0	401853	4036	821.01443064	-0.3500000000000001
1577347017.19	750	6.753637	0.0	343800	3760	819.265006301	0.75
1577347020.65	750	7.292317	0.0	359903	3300	834.312304911	0.75
1577347025.34	750	6.602834	0.0	379700	4515	768.324567975	0.75
1577347029.35	750	6.590024	0.0	425781	3850	790.375211663	0.75
1577347031.98	750	7.959402	0.0	277716	2459	833.380057085	0.75
1577347036.4	750	7.539193	0.0	400396	4250	803.678673841	0.75
1577347040.24	750	7.699975	0.0	400508	3666	853.982404087	0.75
1577347044.04	750	7.899629	0.0	358218	3641	829.566488523	0.75
1577347048.37	750	7.573555	0.0	400322	4156	796.337040884	0.75
1577347049.98	300	9.956993	0.0	143881	1457	805.418482364	-0.15000000000000002
1577347051.73	300	12.206804	0.0	163444	1574	794.599642944	0.3
1577347053.4	300	14.543006	0.0	179328	1492	838.216682425	0.3
1577347054.9	300	17.035334	0.0	159914	1335	885.140479796	0.3
1577347056.17	300	19.771398	0.0	131610	1093	928.460813033	0.3
1577347057.34	300	22.600555	0.0	124011	996	969.799088626	0.3
1577347058.67	300	25.272611	0.0	144254	1161	977.912598981	0.3
1577347064.82	1200	23.115403	0.0	587506	5992	934.437859129	0.29999999999999993
1577347068.64	750	23.300775	0.0	345516	3654	882.731021918	0.3
1577347070.37	300	25.573005	0.0	161857	1560	841.221923988	-0.15000000000000002
1577347071.95	300	27.991495	0.0	145210	1413	798.256678785	0.3
1577347073.77	300	30.165983	0.0	172312	1660	809.764702334	0.3
1577347077.72	750	30.216849	0.0	398987	3778	831.864105064	0.3
1577347088.56	1850	23.37671	0.0	982064	10660	808.607288304	0.75
1577347100.58	1850	15.354672	0.0	830730	11853	743.245072497	1.85
1577347110.64	1850	9.301586	0.0	846370	9898	706.658640773	1.85
1577347116.67	1850	4.946321	0.0	598850	5879	699.167776799	1.85

