1577347829.81	750	4	4.87	181801	3730	389.921715818	-20.941
1577347831.8	300	6.005391	0.0	155580	1488	613.18666436	-0.15000000000000002
1577347833.8	300	8.00608	0.0	139857	1760	620.695655028	0.3
1577347836.02	300	9.782103	0.0	155432	1658	653.015106772	0.3
1577347837.56	300	12.247405	0.0	163442	1375	793.268495999	0.3
1577347838.79	300	15.011763	0.0	126289	1062	821.987984487	0.3
1577347842.0	750	15.80725	0.0	352642	2924	904.264773755	0.3
1577347843.63	300	18.172656	0.0	173849	1467	953.784359856	-0.15000000000000002
1577347845.38	300	20.43052	0.0	150710	1575	907.428319452	0.3
1577347847.0	300	22.809814	0.0	139105	1454	860.937055661	0.3
1577347848.63	300	25.176095	0.0	141840	1466	813.237996457	0.3
1577347850.14	300	27.669649	0.0	156148	1343	808.761158034	0.3
1577347853.7	750	28.107207	0.0	386351	3385	845.655758395	0.3
1577347855.78	300	30.026198	0.0	179801	1913	842.292675428	-0.15000000000000002
1577347857.43	300	32.376445	0.0	140051	1480	838.044644382	0.3
1577347863.63	1200	30.173744	0.0	587876	5918	804.182407512	0.29999999999999993
1577347869.03	1200	28.778147	0.0	617242	5226	812.12970025	1.2
1577347870.52	300	31.283635	0.0	150616	1319	852.530730351	-0.6000000000000001
1577347874.34	750	31.464954	0.0	405596	3650	885.517005804	0.3
1577347880.23	1200	29.573595	0.0	586839	5719	892.067469414	0.75
1577347887.56	1200	26.242915	0.0	601738	7151	824.142582484	1.2
1577347889.59	300	28.220072	0.0	157812	1777	773.379714518	-0.6000000000000001
1577347891.17	300	30.634868	0.0	163927	1420	782.018429548	0.3
1577347892.53	300	33.276431	0.0	137654	1194	807.370304034	0.3
1577347894.07	300	35.734783	0.0	146754	1378	852.071165951	0.3
1577347895.89	300	37.916032	0.0	153938	1648	861.272920026	0.3
1577347906.07	1850	31.73368	0.0	1076599	9890	848.104482708	0.30000000000000004
1577347912.87	1850	28.941676	0.0	758197	6619	846.625412886	1.85
1577347923.01	1850	22.797702	0.0	972798	9972	828.735663533	1.85
1577347933.03	1850	16.778735	0.0	975811	9841	840.233117468	1.85
1577347941.89	1850	11.919882	0.0	873429	8676	823.862162971	1.85
1577347951.8	1850	6.002866	0.0	954453	9743	790.690913902	1.85
1577347955.35	750	6.452865	0.0	369834	3380	814.421703783	-0.3500000000000001
1577347958.98	750	6.829064	0.0	412837	3453	855.224157203	0.75
1577347962.39	750	7.41674	0.0	401088	3245	901.084148422	0.75
1577347964.01	300	9.793328	0.0	159914	1460	924.21852688	-0.15000000000000002
1577347965.82	300	11.986705	0.0	131610	1644	865.491329541	0.3
1577347967.54	300	14.26911	0.0	124011	1536	787.846117271	0.3
1577347969.29	300	16.519647	0.0	144254	1585	722.666394037	0.3
1577347970.9	300	18.902148	0.0	149991	1447	710.919181571	0.3
1577347972.51	300	21.300267	0.0	147968	1433	757.324696009	0.3
1577347974.24	300	23.566686	0.0	161857	1564	802.830300629	0.3
1577347975.8	300	26.002376	0.0	145210	1395	828.992705794	0.3
1577347977.63	300	28.172667	0.0	172312	1660	829.284463564	0.3
1577347983.67	1200	26.134718	0.0	630203	5868	837.562575276	0.29999999999999993
1577347998.85	1850	14.962871	0.0	982064	14995	761.569842916	1.2000000000000002
1577348007.12	1850	10.689337	0.0	830730	8106	758.350154327	1.85
1577348014.17	1200	7.632904	0.0	550906	6902	710.381962115	0.5499999999999999
1577348018.0	1200	5.484746	0.0	391450	3690	707.756868594	1.2

