1575616530.68	750	4	2.379	2354772	2271	8295.10171731	-10.2297
1575616534.07	4300	8	0.0	2123065	3240	6179.32684748	0.75
1575616540.62	4300	12	0.0	2177073	6425	3659.0651434	4.3
1575616546.3	4300	16.0	0.0	2160877	5527	3472.37251911	4.3
1575616549.51	4300	20	0.0	2233056	3087	3694.33954816	4.3
1575616552.21	4300	24	0.0	1941625	2579	3648.42428069	4.3
1575616554.86	4300	28	0.0	2157535	2515	3683.73205202	4.3
1575616557.88	4300	32	0.0	2290172	2888	4674.36835406	4.3
1575616560.86	4300	36	0.0	2055469	2845	6114.53814741	4.3
1575616565.36	4300	40	0.0	2169201	4370	5346.20023586	4.3
1575616571.33	4300	44	0.0	2173522	5840	4218.19643507	4.3
1575616574.5	4300	48	0.0	2102452	3031	4165.03162805	4.3
1575616578.89	4300	52	0.0	2209463	4255	3969.28484506	4.3
1575616585.36	4300	56	0.0	2275376	6330	3486.59570522	4.3
