1575615705.6	750	4	3.764	2354772	3635	5182.44181568	-16.1852
1575615709.85	4300	8	0.0	2123065	4110	4566.72055622	0.75
1575615718.53	4300	12	0.0	2177073	8549	2765.31500698	4.3
1575615721.62	4300	16.0	0.0	2160877	2960	3008.85708226	4.3
1575615724.57	4300	20	0.0	2233056	2804	3225.2202804	4.3
1575615727.22	4300	24	0.0	1941625	2516	3199.06404742	4.3
1575615730.01	4300	28	0.0	2157535	2658	3269.56913257	4.3
1575615733.28	4300	32	0.0	2290172	3136	6117.59090238	4.3
1575615736.7	4300	36	0.0	2055469	3284	5877.69708052	4.3
1575615742.97	4300	40	0.0	2169201	6141	4240.15802581	4.3
1575615746.68	4300	44	0.0	2173522	3573	4167.39926553	4.3
1575615750.17	4300	48	0.0	2102452	3367	4084.84831054	4.3
1575615754.53	4300	52	0.0	2209463	4227	3923.736226	4.3
1575615762.13	4300	56	0.0	2275376	7462	3237.43352646	4.3
