1575615910.72	750	4	2.381	2354772	2270	8298.75594714	-10.2383
1575615914.11	4300	8	0.0	2123065	3245	6172.2677947	0.75
1575615920.67	4300	12	0.0	2177073	6427	3657.37958932	4.3
1575615926.34	4300	16.0	0.0	2160877	5536	3469.21328489	4.3
1575615929.55	4300	20	0.0	2233056	3072	3691.86258126	4.3
1575615932.25	4300	24	0.0	1941625	2579	3646.0653004	4.3
1575615934.9	4300	28	0.0	2157535	2515	3681.60979262	4.3
1575615937.91	4300	32	0.0	2290172	2883	4672.56874219	4.3
1575615940.88	4300	36	0.0	2055469	2840	6126.36863134	4.3
1575615945.4	4300	40	0.0	2169201	4386	5339.35228739	4.3
1575615951.37	4300	44	0.0	2173522	5841	4214.55541035	4.3
1575615954.54	4300	48	0.0	2102452	3030	4161.70707376	4.3
1575615958.93	4300	52	0.0	2209463	4260	3965.39297232	4.3
1575615965.4	4300	56	0.0	2275376	6329	3484.37372834	4.3
