1575616427.39	750	4	2.39	2354772	2285	8244.27833698	-10.277
1575616430.76	4300	8	0.0	2123065	3246	6162.52393008	0.75
1575616437.32	4300	12	0.0	2177073	6425	3658.82856391	4.3
1575616443.05	4300	16.0	0.0	2160877	5585	3458.34072137	4.3
1575616446.22	4300	20	0.0	2233056	3037	3682.28161691	4.3
1575616448.94	4300	24	0.0	1941625	2577	3636.67546998	4.3
1575616451.57	4300	28	0.0	2157535	2479	3672.15427981	4.3
1575616454.59	4300	32	0.0	2290172	2884	4654.5639789	4.3
1575616457.58	4300	36	0.0	2055469	2863	6144.75284743	4.3
1575616462.05	4300	40	0.0	2169201	4325	5376.09078163	4.3
1575616468.06	4300	44	0.0	2173522	5869	4217.65395436	4.3
1575616471.26	4300	48	0.0	2102452	3063	4159.23373964	4.3
1575616475.68	4300	52	0.0	2209463	4288	3958.58796899	4.3
1575616482.7	4300	56	0.0	2275376	6886	3364.31766902	4.3
