1575615807.45	750	4	2.381	2354772	2270	8298.75594714	-10.2383
1575615810.85	4300	8	0.0	2123065	3245	6172.2677947	0.75
1575615817.41	4300	12	0.0	2177073	6432	3654.7788229	4.3
1575615823.13	4300	16.0	0.0	2160877	5585	3455.7771048	4.3
1575615826.31	4300	20	0.0	2233056	3045	3679.5466984	4.3
1575615829.02	4300	24	0.0	1941625	2578	3634.32376869	4.3
1575615831.65	4300	28	0.0	2157535	2478	3669.5748801	4.3
1575615834.67	4300	32	0.0	2290172	2886	4652.93073621	4.3
1575615837.67	4300	36	0.0	2055469	2862	6140.43358106	4.3
1575615842.13	4300	40	0.0	2169201	4325	5375.82260826	4.3
1575615848.1	4300	44	0.0	2173522	5841	4229.50938515	4.3
1575615851.29	4300	48	0.0	2102452	3051	4171.63969869	4.3
1575615855.7	4300	52	0.0	2209463	4277	3970.75829729	4.3
1575615862.31	4300	56	0.0	2275376	6489	3454.99329042	4.3
