1575616220.79	750	4	2.392	2354772	2285	8244.27833698	-10.2856
1575616224.16	4300	8	0.0	2123065	3245	6164.03444311	0.75
1575616230.73	4300	12	0.0	2177073	6433	3654.79247022	4.3
1575616236.44	4300	16.0	0.0	2160877	5585	3455.95699935	4.3
1575616239.62	4300	20	0.0	2233056	3037	3679.89676459	4.3
1575616242.33	4300	24	0.0	1941625	2580	3634.2890098	4.3
1575616244.97	4300	28	0.0	2157535	2478	3669.54694043	4.3
1575616247.99	4300	32	0.0	2290172	2885	4654.06812865	4.3
1575616251.0	4300	36	0.0	2055469	2872	6138.73553471	4.3
1575616255.44	4300	40	0.0	2169201	4315	5378.36158109	4.3
1575616261.42	4300	44	0.0	2173522	5842	4230.61346799	4.3
1575616264.61	4300	48	0.0	2102452	3047	4173.13277656	4.3
1575616269.02	4300	52	0.0	2209463	4278	3971.75193109	4.3
1575616275.93	4300	56	0.0	2275376	6772	3395.75756753	4.3
