1575616014.06	750	4	2.376	2354772	2270	8298.75594714	-10.2168
1575616017.46	4300	8	0.0	2123065	3244	6173.7884436	0.75
1575616024.01	4300	12	0.0	2177073	6428	3656.98083134	4.3
1575616029.74	4300	16.0	0.0	2160877	5584	3457.30784104	4.3
1575616032.93	4300	20	0.0	2233056	3043	3681.18578645	4.3
1575616035.64	4300	24	0.0	1941625	2578	3635.88207363	4.3
1575616038.27	4300	28	0.0	2157535	2478	3671.16486549	4.3
1575616041.28	4300	32	0.0	2290172	2884	4654.08485257	4.3
1575616044.28	4300	36	0.0	2055469	2861	6142.7364022	4.3
1575616048.74	4300	40	0.0	2169201	4324	5377.22204286	4.3
1575616054.72	4300	44	0.0	2173522	5840	4230.4493261	4.3
1575616057.91	4300	48	0.0	2102452	3050	4172.62440742	4.3
1575616062.31	4300	52	0.0	2209463	4277	3971.43518331	4.3
1575616069.22	4300	56	0.0	2275376	6775	3394.5989362	4.3
