1575616118.88	750	4	3.729	2354772	3604	5227.01886792	-16.0347
1575616123.12	4300	8	0.0	2123065	4113	4578.44877929	0.75
1575616131.8	4300	12	0.0	2177073	8557	2763.1412414	4.3
1575616134.92	4300	16.0	0.0	2160877	2987	3006.8094944	4.3
1575616137.87	4300	20	0.0	2233056	2811	3223.07968401	4.3
1575616140.53	4300	24	0.0	1941625	2518	3195.77342316	4.3
1575616143.32	4300	28	0.0	2157535	2661	3265.99202441	4.3
1575616146.6	4300	32	0.0	2290172	3137	6099.44123539	4.3
1575616150.02	4300	36	0.0	2055469	3283	5873.68588002	4.3
1575616156.29	4300	40	0.0	2169201	6138	4241.25174473	4.3
1575616159.99	4300	44	0.0	2173522	3563	4170.13770018	4.3
1575616163.49	4300	48	0.0	2102452	3365	4087.77214329	4.3
1575616167.88	4300	52	0.0	2209463	4256	3921.36302938	4.3
1575616175.47	4300	56	0.0	2275376	7447	3239.58712574	4.3
