1575616635.51	750	4	3.733	2354772	3601	5231.37350736	-16.0519
1575616639.75	4300	8	0.0	2123065	4099	4589.92047626	0.75
1575616648.43	4300	12	0.0	2177073	8557	2763.9699236	4.3
1575616651.55	4300	16.0	0.0	2160877	2987	3007.87282851	4.3
1575616654.5	4300	20	0.0	2233056	2807	3224.33273422	4.3
1575616657.15	4300	24	0.0	1941625	2515	3196.95654115	4.3
1575616659.94	4300	28	0.0	2157535	2663	3266.03689016	4.3
1575616663.21	4300	32	0.0	2290172	3138	6101.06261578	4.3
1575616666.63	4300	36	0.0	2055469	3288	5872.35223775	4.3
1575616672.87	4300	40	0.0	2169201	6103	4257.189412	4.3
1575616676.59	4300	44	0.0	2173522	3591	4179.83604956	4.3
1575616680.09	4300	48	0.0	2102452	3358	4097.80730905	4.3
1575616684.45	4300	52	0.0	2209463	4226	3935.18334172	4.3
1575616692.06	4300	56	0.0	2275376	7469	3241.940062	4.3
