1575616325.57	750	4	3.732	2354772	3612	5215.44186047	-16.0476
1575616329.81	4300	8	0.0	2123065	4103	4582.08194036	0.75
1575616338.5	4300	12	0.0	2177073	8562	2762.17722161	4.3
1575616341.6	4300	16.0	0.0	2160877	2979	3005.85030106	4.3
1575616344.54	4300	20	0.0	2233056	2810	3222.17244007	4.3
1575616347.19	4300	24	0.0	1941625	2518	3195.10034006	4.3
1575616349.98	4300	28	0.0	2157535	2663	3264.3172497	4.3
1575616353.25	4300	32	0.0	2290172	3135	6103.84331496	4.3
1575616356.67	4300	36	0.0	2055469	3295	5867.60315612	4.3
1575616362.91	4300	40	0.0	2169201	6112	4251.75212366	4.3
1575616366.64	4300	44	0.0	2173522	3586	4175.99739781	4.3
1575616370.13	4300	48	0.0	2102452	3362	4093.74803131	4.3
1575616374.49	4300	52	0.0	2209463	4226	3931.52999138	4.3
1575616382.09	4300	56	0.0	2275376	7469	3240.49644827	4.3
