1575979525.72	750	4	4.947	2354772	4774	2891.18878362	-21.2721
1575979528.13	2850	8	0.0	1431809	2158	3069.48758667	0.75
1575979531.36	4300	12	0.0	2177073	3093	5379.98509346	2.8499999999999996
1575979534.4	4300	16.0	0.0	2160877	2886	5772.19312293	4.3
1575979537.21	4300	20	0.0	2233056	2668	6251.09659812	4.3
1575979551.06	4300	24	0.0	1941625	13715	1366.50444418	4.3
1575979554.44	4300	28	0.0	2157535	3245	2158.62411875	4.3
1575979562.08	4300	32	0.0	2290172	7495	2953.22216289	4.3
1575979564.81	4300	36	0.0	2055469	2580	3860.93696976	4.3
1575979569.89	4300	40	0.0	2169201	4950	4419.56540508	4.3
1575979572.22	4300	44	0.0	2173522	2183	4274.34166443	4.3
1575979574.55	4300	48	0.0	2102452	2187	7856.34689878	4.3
1575979578.13	4300	52	0.0	2209463	3410	6323.804122	4.3
1575979580.3	4300	56	0.0	2275376	2025	5799.07076719	4.3
