1575980190.42	750	4	3.374	2354772	3125	2857.88926283	-14.508199999999999
1575980193.47	4300	8	0.0	2123065	2912	5883.53088953	0.75
1575980196.04	4300	12	0.0	2177073	2425	6088.50738394	4.3
1575980198.91	4300	16.0	0.0	2160877	2722	6794.04579256	4.3
1575980201.64	4300	20	0.0	2233056	2578	6467.59775024	4.3
1575980203.79	4300	24	0.0	1941625	1999	7060.43818466	4.3
1575980217.49	4300	28	0.0	2157535	13518	1562.6227907	4.3
1575980221.33	4300	32	0.0	2290172	3696	2285.30083108	4.3
1575980228.02	4300	36	0.0	2055469	6527	3058.91119962	4.3
1575980230.64	4300	40	0.0	2169201	2493	3382.19490962	4.3
1575980235.66	4300	44	0.0	2173522	4886	4658.98892423	4.3
1575980238.01	4300	48	0.0	2102452	2146	4284.86158796	4.3
1575980240.44	4300	52	0.0	2209463	2297	7778.35450411	4.3
1575980244.0	4300	56	0.0	2275376	3407	6413.41538054	4.3
