1575979438.71	750	4	1.262	450283	1098	1350.73478031	-5.4266
1575979441.01	1850	8	0.0	957685	2082	2026.53553015	0.75
1575979444.76	4300	12	0.0	2177073	3504	2690.81823085	1.8499999999999996
1575979447.96	4300	16.0	0.0	2160877	3068	5125.4309872	4.3
1575979451.14	4300	20	0.0	2233056	3000	5707.83220698	4.3
1575979453.61	4300	24	0.0	1941625	2335	6082.25404049	4.3
1575979467.67	4300	28	0.0	2157535	13925	1456.35549116	4.3
1575979471.45	4300	32	0.0	2290172	3646	2264.90398401	4.3
1575979478.48	4300	36	0.0	2055469	6878	2928.42765466	4.3
1575979481.3	4300	40	0.0	2169201	2654	3919.91523393	4.3
1575979486.39	4300	44	0.0	2173522	4951	3819.20758697	4.3
1575979488.67	4300	48	0.0	2102452	2098	4260.91737614	4.3
1575979491.14	4300	52	0.0	2209463	2295	7887.27065836	4.3
1575979494.79	4300	56	0.0	2275376	3487	5715.62427047	4.3
