1575979609.04	750	4	4.949	2354772	4772	2873.8597088	-21.2807
1575979611.48	2850	8	0.0	1431809	2171	3017.39316356	0.75
1575979614.7	4300	12	0.0	2177073	3088	5357.78202988	2.8499999999999996
1575979617.72	4300	16.0	0.0	2160877	2883	5718.72629693	4.3
1575979620.61	4300	20	0.0	2233056	2747	6103.43308222	4.3
1575979634.52	4300	24	0.0	1941625	13774	1350.69884137	4.3
1575979638.07	4300	28	0.0	2157535	3394	2136.05459975	4.3
1575979645.49	4300	32	0.0	2290172	7273	2997.21023233	4.3
1575979648.24	4300	36	0.0	2055469	2612	3283.92732039	4.3
1575979653.34	4300	40	0.0	2169201	4943	4399.50394581	4.3
1575979655.67	4300	44	0.0	2173522	2193	4275.38526126	4.3
1575979657.98	4300	48	0.0	2102452	2178	7847.29998526	4.3
1575979661.51	4300	52	0.0	2209463	3389	6361.3147284	4.3
1575979663.66	4300	56	0.0	2275376	2014	5830.15734761	4.3
