1575979775.69	750	4	4.925	2354772	4775	2956.98390457	-21.1775
1575979778.13	2850	8	0.0	1431809	2176	3075.84324208	0.75
1575979781.34	4300	12	0.0	2177073	3035	5370.15571044	2.8499999999999996
1575979784.37	4300	16.0	0.0	2160877	2885	5794.52783272	4.3
1575979787.17	4300	20	0.0	2233056	2654	6143.72338447	4.3
1575979801.01	4300	24	0.0	1941625	13716	1367.85628038	4.3
1575979804.41	4300	28	0.0	2157535	3245	2158.56178449	4.3
1575979811.99	4300	32	0.0	2290172	7423	2981.19989465	4.3
1575979814.7	4300	36	0.0	2055469	2572	3252.29462694	4.3
1575979819.83	4300	40	0.0	2169201	4946	4428.66399253	4.3
1575979822.2	4300	44	0.0	2173522	2185	4276.07071081	4.3
1575979824.52	4300	48	0.0	2102452	2187	7851.9483595	4.3
1575979828.1	4300	52	0.0	2209463	3411	6322.71203087	4.3
1575979830.29	4300	56	0.0	2275376	2057	5782.99303934	4.3
