1575979857.27	750	4	3.37	2354772	3126	2801.04914483	-14.491
1575979860.35	4300	8	0.0	2123065	2939	5904.40546971	0.75
1575979862.95	4300	12	0.0	2177073	2432	6041.87313699	4.3
1575979865.82	4300	16.0	0.0	2160877	2716	6790.1627241	4.3
1575979868.51	4300	20	0.0	2233056	2548	6493.78263973	4.3
1575979870.65	4300	24	0.0	1941625	2006	7124.58464299	4.3
1575979884.32	4300	28	0.0	2157535	13516	1289.56209905	4.3
1575979888.14	4300	32	0.0	2290172	3674	2288.43325191	4.3
1575979894.85	4300	36	0.0	2055469	6562	3050.59537448	4.3
1575979897.47	4300	40	0.0	2169201	2482	3373.91451154	4.3
1575979902.49	4300	44	0.0	2173522	4881	4672.7140257	4.3
1575979904.86	4300	48	0.0	2102452	2146	4287.88993184	4.3
1575979907.3	4300	52	0.0	2209463	2298	7777.55189659	4.3
1575979910.84	4300	56	0.0	2275376	3402	6417.40157967	4.3
