1575979692.36	750	4	4.949	2354772	4773	2887.89525561	-21.2807
1575979694.79	2850	8	0.0	1431809	2184	3061.84175353	0.75
1575979698.02	4300	12	0.0	2177073	3085	5335.22783261	2.8499999999999996
1575979701.04	4300	16.0	0.0	2160877	2887	5780.25545689	4.3
1575979703.85	4300	20	0.0	2233056	2664	6253.20578123	4.3
1575979717.77	4300	24	0.0	1941625	13783	1357.91743178	4.3
1575979721.3	4300	28	0.0	2157535	3378	2137.5254364	4.3
1575979728.8	4300	32	0.0	2290172	7341	2975.11946187	4.3
1575979731.56	4300	36	0.0	2055469	2614	3264.86762976	4.3
1575979736.66	4300	40	0.0	2169201	4941	4399.34405191	4.3
1575979738.98	4300	44	0.0	2173522	2194	4276.25136552	4.3
1575979741.3	4300	48	0.0	2102452	2171	7855.13522281	4.3
1575979744.83	4300	52	0.0	2209463	3385	6377.10823253	4.3
1575979746.99	4300	56	0.0	2275376	2033	5826.99791375	4.3
