1575980023.86	750	4	3.364	2354772	3128	2747.1784001	-14.4652
1575980026.94	4300	8	0.0	2123065	2938	5903.4493899	0.75
1575980029.53	4300	12	0.0	2177073	2419	6049.47919988	4.3
1575980032.41	4300	16.0	0.0	2160877	2721	6593.99475956	4.3
1575980035.11	4300	20	0.0	2233056	2547	6484.94710039	4.3
1575980037.24	4300	24	0.0	1941625	2007	7126.25347174	4.3
1575980050.93	4300	28	0.0	2157535	13513	1562.04003835	4.3
1575980054.76	4300	32	0.0	2290172	3695	2285.77987801	4.3
1575980061.45	4300	36	0.0	2055469	6520	3062.18715899	4.3
1575980064.09	4300	40	0.0	2169201	2494	3384.1417442	4.3
1575980069.13	4300	44	0.0	2173522	4906	4643.1803214	4.3
1575980071.46	4300	48	0.0	2102452	2142	4274.09244269	4.3
1575980073.89	4300	52	0.0	2209463	2297	7787.55912884	4.3
1575980077.43	4300	56	0.0	2275376	3404	6416.72189297	4.3
