1575979942.25	750	4	4.901	2354772	4758	2158.57111404	-21.0743
1575979944.67	2850	8	0.0	1431809	2183	3180.3473198	0.75
1575979947.89	4300	12	0.0	2177073	3070	5343.33657095	2.8499999999999996
1575979950.92	4300	16.0	0.0	2160877	2878	5746.6596419	4.3
1575979953.72	4300	20	0.0	2233056	2651	6156.66855535	4.3
1575979967.53	4300	24	0.0	1941625	13677	1373.40228797	4.3
1575979970.77	4300	28	0.0	2157535	3105	2179.02914128	4.3
1575979978.46	4300	32	0.0	2290172	7544	2976.36303624	4.3
1575979981.09	4300	36	0.0	2055469	2487	3239.52004351	4.3
1575979986.22	4300	40	0.0	2169201	4965	4484.85611604	4.3
1575979988.53	4300	44	0.0	2173522	2177	4267.45768717	4.3
1575979990.9	4300	48	0.0	2102452	2195	7858.11668617	4.3
1575979994.49	4300	52	0.0	2209463	3444	6274.15176906	4.3
1575979996.64	4300	56	0.0	2275376	1993	5769.87517047	4.3
