1575980108.8	750	4	4.901	2354772	4730	2153.15640089	-21.0743
1575980111.24	2850	8	0.0	1431809	2181	2947.62199144	0.75
1575980114.48	4300	12	0.0	2177073	3064	5349.88971298	2.8499999999999996
1575980117.51	4300	16.0	0.0	2160877	2886	5751.80490869	4.3
1575980120.3	4300	20	0.0	2233056	2644	6146.74625191	4.3
1575980134.13	4300	24	0.0	1941625	13696	1371.60566624	4.3
1575980137.37	4300	28	0.0	2157535	3103	2178.08396217	4.3
1575980145.07	4300	32	0.0	2290172	7574	2965.25419093	4.3
1575980147.7	4300	36	0.0	2055469	2493	3230.43064125	4.3
1575980152.81	4300	40	0.0	2169201	4964	4480.51110973	4.3
1575980155.11	4300	44	0.0	2173522	2177	4268.04048132	4.3
1575980157.49	4300	48	0.0	2102452	2195	7858.11668764	4.3
1575980161.08	4300	52	0.0	2209463	3447	6270.90804978	4.3
1575980163.24	4300	56	0.0	2275376	1995	5765.23495405	4.3
